9 0.27988239397873094 0.8107948970150327 0.14232959618439622 0.10011086850553053
9 0.4584146976470935 0.1525769439903503 0.267762905842551 0.2389774096978699
9 0.6080310937520595 0.31148611403800847 0.23110661120028242 0.15242625507148722
9 0.37206093395078277 0.2868531787717695 0.1972557396502117 0.11473731736879245
9 0.11028661019092778 0.6212543242686513 0.18550289772652379 0.11257964082666505
9 0.18800966771872835 0.5337167217924804 0.21719609273446683 0.13851573660567174
9 0.5284280377465289 0.4507644830523354 0.0913437946422686 0.08750572848964455
9 0.6165963408109265 0.49235472808013603 0.19543898234496337 0.12251572544510458
9 0.29682436891503916 0.39983254413347236 0.17950715503177206 0.10466486505560124
9 0.07760424259546389 0.6889489067567368 0.15520848519092778 0.13961656351347362
9 0.2853568724683755 0.7210193308624085 0.09912220271858074 0.08568897118439622
9 0.5230558350279482 0.5346806742049596 0.09525004464226883 0.08757391233702028