9 0.31916325994439887 0.16272461228441693 0.1382528865659567 0.09425840312176248
9 0.41484046723390866 0.8305729205458892 0.2537842035293596 0.22844081213693723
9 0.5833448026631272 0.6802624935408919 0.222987283887091 0.1411387882537023
9 0.3460401151631272 0.691315136995094 0.19506397118439622 0.10666210762934991
9 0.12674413758354935 0.3414704083960021 0.1813580042607083 0.10407220481717361
9 0.19341596236099706 0.4349662068351209 0.2110298904212755 0.12692110370040843
9 0.5214485719397215 0.5367800710840085 0.0873352688712048 0.08408072839082203
9 0.6138079636805723 0.5002780004165394 0.18930687195546003 0.11224857785270292
9 0.2846602059699346 0.5741544179087694 0.1753622615659567 0.09598680004052662
9 0.08896230265900809 0.26920747596197203 0.17792460531801618 0.12955379807605594
9 0.3127122189547543 0.2527957829316227 0.09511367694751693 0.08249147642635146
9 0.5258442121583023 0.452659243695685 0.09124151887120502 0.0842626649085868