9 0.42731418222993717 0.8968030150524062 0.14438499695546003 0.11431954927737609
9 0.3110609785930515 0.21816377049530855 0.27574586546099056 0.26471248081582543
9 0.5138159101073785 0.3107780995978536 0.23319610389503387 0.173713877599046
9 0.28876828277432953 0.3748869058682708 0.20133244926865135 0.1361896441957855
9 0.19361607802880154 0.7842425775466006 0.1875923904212755 0.13124740145685898
9 0.22686045556454515 0.6723527484498611 0.2192855854292185 0.1590060098601196
9 0.5002781848649686 0.4701203553029828 0.09531822848964455 0.09694770020978138
9 0.5979514808268125 0.4765437409381718 0.19752847503971527 0.14175302127037803
9 0.2688378150398627 0.5083205402039368 0.18159664772652384 0.12299090456874762
9 0.16374458300100095 0.8709637800873958 0.2232600192765944 0.16320825778552717
9 0.3945834014866739 0.81120522070509 0.10309663656595669 0.09558657106059654
9 0.5301815538792956 0.5496367762062433 0.09922447848964455 0.09724369813518896