7 0.26481721124826335 0.6689546910492172 0.3021466676952258 0.14779418932425248
7 0.6235127684525603 0.5784967796222635 0.3772307810117188 0.2701493405007058
7 0.2649113962781246 0.4970115072018414 0.13158835984956607 0.11748444196340313
7 0.12274975529570303 0.0988615706160272 0.21025887371727442 0.14228561891092004
7 0.5361952861426214 0.30049317978524315 0.36224058083142374 0.21327007203489023
7 0.34172623622760406 0.13492347453091877 0.2362875645888891 0.25402284699517513
7 0.22203764782096333 0.2823090675714872 0.34616098594166683 0.1934660866453869
7 0.4086471052210499 0.5337139970547479 0.19236416532039946 0.21225719967404078
7 0.41416880010564205 0.38042777647843573 0.27330438758498277 0.16681406046893366
7 0.6089642315732637 0.11223327211432052 0.3523840368534725 0.20919336241645065
7 0.7839856018494352 0.6516389092883613 0.40802618612196206 0.2511635612797125
7 0.08640992555638001 0.5592195079133324 0.17281985111276002 0.19265776582666483