7 0.7195251429093172 0.693359375 0.3148685757680485 0.1796875
7 0.3746001481297563 0.5478515625 0.4052393765824305 0.306640625
7 0.7399585277808367 0.5234375 0.14714783507020912 0.130859375
7 0.9104073708024443 0.1513671875 0.17918525839511146 0.162109375
7 0.49733076780329477 0.287109375 0.3837301923729368 0.25
7 0.710466290605172 0.154296875 0.2673611479078999 0.2734375
7 0.8109220418499119 0.318359375 0.3635168960938011 0.23046875
7 0.5929750226762317 0.537109375 0.21891744146588765 0.228515625
7 0.60722041401293 0.3857421875 0.29002358779135706 0.1953125
7 0.45000621472128954 0.1064453125 0.3765749294425791 0.212890625
7 0.21796572957176844 0.5927734375 0.404830148814949 0.294921875
7 0.9063616414427209 0.6142578125 0.18727671711455818 0.208984375