7 0.2601340409173825 0.6132536211776474 0.3005326250198854 0.15343967681328152
7 0.6279799300803373 0.5773407575057287 0.37813628003658906 0.27825947188333355
7 0.28745369589431535 0.4426498538430119 0.1322229750159083 0.12023328576137171
7 0.20859870584022697 0.04957657354214405 0.21016616168045393 0.0991531470842881
7 0.5855652467078958 0.2901640097852426 0.3638053316955667 0.22130063046050386
7 0.41932098668244244 0.11271055684887141 0.23707947336488489 0.22542111369774281
7 0.27906029753141903 0.22501279480993902 0.3459999400262488 0.2013602450597225
7 0.4229352109026673 0.5010365866036889 0.19388345669556672 0.21734565491961821
7 0.4534231833823841 0.3508724425355899 0.2734161416892036 0.17233449396762168
7 0.6898515258493743 0.11170922332193989 0.3542897000318168 0.22341844664387978
7 0.7860329371220437 0.6771968936431851 0.4279341257559126 0.2599101685967018
7 0.09540042006482657 0.475447926007118 0.1819374400262488 0.197541647985764