9 0.35794585571048576 0.3385137183592981 0.08712178788402425 0.09277654900028343
9 0.44519475974587386 0.48506318648692826 0.05385045825611068 0.08966394532575284
9 0.4448010480834227 0.5857855332427554 0.07762898139567853 0.10024802586071568
9 0.27104112771133626 0.5938088701270631 0.05457589995366641 0.054575899953666296
9 0.3620195057799862 0.25917343966160067 0.03901910458157998 0.05598338793035784
9 0.4684431205707762 0.28283413975426785 0.06820437953524627 0.10967262772114772
9 0.4263610307336526 0.3097252665683664 0.045696935116542825 0.07962550181409855
9 0.42926590902415906 0.2529141299985825 0.053373025860715684 0.07599207032575284
9 0.3953125331171098 0.23258923367311318 0.0550533323490614 0.0682477749536664
9 0.4198475301642939 0.43119414202189105 0.07358632213985139 0.09620536660488854
9 0.4162048055714849 0.4948753184056317 0.04124504809323426 0.06386409255827141
9 0.3356740573855835 0.5407086627780017 0.044469251814098554 0.044469251814098554
9 0.2552549092460156 0.5337394275224581 0.032750501814098554 0.04406002404661713
9 0.23391005500212625 0.6224826103713776 0.040835820325752836 0.05214534255827141
9 0.26637533369982375 0.6281931715108038 0.054371286069925695 0.048716524953666296
9 0.28052152959493526 0.5573009321735385 0.054575899953666296 0.05457589995366652
9 0.2349300129205463 0.5676928034295072 0.04751365086071563 0.07578745644201224
9 0.3319569051642939 0.43426335027800167 0.040904024953666296 0.05409846755827141
9 0.29219995428041146 0.3877417780223163 0.05135169623280211 0.07397074069783927
9 0.36658303424601557 0.5298517637313845 0.057552094372369966 0.08394097958157998
9 0.3921906777345031 0.563178893382465 0.057415685116542825 0.08003472958157998
9 0.2004185953854417 0.5033884922900812 0.044469251814098554 0.044469251814098554
9 0.3419891256753812 0.2735614632546931 0.03658854718618498 0.04224330830244427
9 0.39382447730414527 0.5259672114405947 0.030797376814098554 0.04399181941870367
9 0.6205481957694658 0.578670554230534 0.06611484527941913 0.10569817309323426
9 0.6622303509435714 0.4843284102885219 0.08921132213985139 0.09675100362819711