9 0.4455682920607835 0.691955399716025 0.081912280924751 0.07272014295398099
9 0.5532239526784473 0.5653141047083281 0.08592919493433149 0.03759798180052942
9 0.6484194354917205 0.5364313262402767 0.09301687726127783 0.06106957064707785
9 0.7155601573083883 0.699176375274791 0.04727613070998027 0.04518322282353893
9 0.36944344399990536 0.7119354861955813 0.05426975915868293 0.02960367461893698
9 0.35497346011277886 0.6035881819654041 0.10597223965389257 0.04747723628902456
9 0.39572488268732997 0.6355874854884136 0.07780961810259501 0.03169315500513137
9 0.33980077029471534 0.6495888860050498 0.0704065538782439 0.03946020320973309
9 0.33300770720100303 0.6877259567748726 0.06279877176606818 0.043321001414335036
9 0.5113769985286472 0.6056088335574423 0.09085903437345344 0.05715195769822845
9 0.5730581269773496 0.5896202191942577 0.06208225915868271 0.029649126414335036
9 0.6428422221264518 0.6536870039333739 0.03905419493433149 0.03732527102814087
9 0.6645658843548956 0.7326862998937281 0.04224393232694634 0.0236761219258399
9 0.7550279405512028 0.7253219852722254 0.0486151020465071 0.03347583577238855
9 0.7494327679766517 0.6931181486699245 0.043472239653892686 0.04711362192584012
9 0.6775253992803445 0.7003745152773567 0.04727613070998027 0.04518322282353893
9 0.7031124371025004 0.7412537848911624 0.07390336810259512 0.03167042910743234
9 0.5450241286449151 0.6884462018246995 0.050465868102595124 0.031534073721238176
9 0.5135569531585882 0.7404028659295661 0.07030419493433149 0.03750707820973309
9 0.6229056888836373 0.6274277644474443 0.0784237717660683 0.04341190500513137
9 0.644500727893218 0.59213515906125 0.07441516282215588 0.04143605410743234
9 0.6540671366161734 0.7933127155356747 0.03905419493433149 0.03732527102814087
9 0.3897423860792468 0.726470294207086 0.03864475915868293 0.02951277102814087
9 0.6098562726127789 0.6021053171405415 0.04214157338303415 0.02172299692584012
9 0.5810739957872282 0.36978002720576236 0.10196363070998027 0.045501385391325644
9 0.4779207796237551 0.3586578320203623 0.0859208898686632 0.07469599385167991