9 0.30437522321134347 0.4556606969842587 0.07959095271858074 0.09081942683796274
9 0.4428497072812716 0.5682079752006937 0.046421919642268605 0.08986765480682868
9 0.48452518211829204 0.6654609392676496 0.06999578733702039 0.09973067035821748
9 0.3295877211802771 0.7269861480917239 0.04968042309219811 0.05310003239872674
9 0.2767125426112024 0.37913511698894625 0.03415769886326192 0.05759239703113417
9 0.38279988991247915 0.3679400626181706 0.05851568080283587 0.11237728758252308
9 0.3552125537717695 0.40745454382690904 0.038473051947517045 0.08137164962303234
9 0.3347437758703516 0.35203484336741836 0.048136401176453236 0.07636665610277771
9 0.29557900009928784 0.34275794244843694 0.049953158481701454 0.06872503239872674
9 0.3991820728456692 0.5244096341898141 0.06605544541333241 0.0974357927663192
9 0.4217232974799948 0.5868361484452538 0.03624719155801359 0.0655757733270832
9 0.366378165580136 0.6560994858627307 0.04173155539744644 0.0446040272149304
9 0.289672923088079 0.6747404971727424 0.028093772321134303 0.04536101814328708
9 0.3068491056158796 0.7649746950403351 0.03796167309219811 0.05207477462303234
9 0.33895634638297184 0.7609582164234947 0.051565364244822276 0.04936465869467588
9 0.3230635536683626 0.6883875817038767 0.04968042309219811 0.05310003239872674
9 0.28545490309999355 0.7123992439328699 0.0403579931001411 0.07763627591898148
9 0.31976874035758374 0.5554896435559022 0.036042640015885974 0.0538570233270832
9 0.2636273909259528 0.5232759191213536 0.04614918425276526 0.07424265480682868
9 0.38942360845772483 0.6356890639141196 0.05022589387120491 0.08435003239872674
9 0.42786751115644805 0.6595289641851265 0.05015771002382907 0.08044378239872674
9 0.22803016385517128 0.6625219563503468 0.04173155539744644 0.0446040272149304
9 0.2633986328099256 0.39844679541730277 0.03388496347375858 0.04196739703113428
9 0.41359902749190935 0.624153142613483 0.02610655539744644 0.04323701684733772
9 0.6423752845944629 0.6032154823874988 0.05649437195546003 0.10830016128657394
9 0.641544975139003 0.49978529553547335 0.08161226156595669 0.09489655313391188