2 0.7380795871444934 0.36918134931735974 0.1777681265617499 0.24643373126782375
2 0.520348704102545 0.24827308500283468 0.14808553164334026 0.1875717144204858
2 0.6102553441491456 0.4617976342488993 0.19857078371793246 0.1881082481151617
2 0.36312329487176975 0.29854347743906184 0.15799915560604394 0.19037922090023118
2 0.1670037201922474 0.6548692659049187 0.15829515353145152 0.19428547090023107
2 0.8399327419812734 0.9067905151397555 0.1276954263519685 0.14892445275694444
2 0.7537743968064425 0.9376673336478003 0.12541716494170996 0.12466533270439939
2 0.4267367468997223 0.510737759189814 0.16412539004660065 0.22001784849212935
2 0.23251966987757522 0.5209084414469325 0.14787925571093474 0.23605808682858775
2 0.45195903734846943 0.20348622908854083 0.1570528848601196 0.22909996830833307
2 0.6493301068531216 0.3245534172956006 0.11357955446385715 0.14186894368530067
2 0.6872872277097422 0.5694262427550913 0.10162308350815108 0.08649793850150456
2 0.15972609234258553 0.7764636923893516 0.1484106680535986 0.16625821571643495
2 0.2316427855361038 0.30450201431452506 0.13645419709789275 0.11088721053263861
9 0.5074103275582117 0.717633990104108 0.09153232209789275 0.10695705572581016
9 0.4884139497085498 0.8382031588128465 0.048917846993002057 0.05666452980682868
9 0.6519461906351105 0.9723968357389463 0.08585008454544729 0.055206328522107384
9 0.689020660804136 0.694719300071295 0.07427933350815108 0.08410567035821748
9 0.5760231460255676 0.8293764677785291 0.054304086620039715 0.07653753239872674
9 0.744995290471969 0.6908856501538181 0.07262220643355866 0.08784104406226834
9 0.675201940110657 0.755595975259779 0.047112720955705845 0.05844677851087976
9 0.7912200176514522 0.7376136786646976 0.05507321991840963 0.06108340869467588
9 0.7424221844055278 0.7721479568220473 0.050870971993002057 0.0568354061027776
9 0.7579283239276748 0.7463420934855889 0.028202605291371974 0.03933076684733794
9 0.7838200695162632 0.6399574286646976 0.10446420228437381 0.09838756479745348
9 0.8047136019346728 0.6980505021802648 0.03420997925407576 0.04179652073518514
9 0.6099528498658859 0.918682798421816 0.03645910217948334 0.04587364703113428
9 0.3895591387644941 0.8266442183674183 0.06362571473192857 0.071532538878472