2 0.360935404654685 0.7644784846821314 0.24739119600818493 0.17798733968992675
2 0.1943194326676602 0.6112797118522006 0.18921518684950206 0.1477017989029772
2 0.41548317291526504 0.5986382619754651 0.19177416044730689 0.1965299239029772
2 0.2034805581478012 0.4364750243522007 0.19168010656906298 0.15750151582666494
2 0.48640006713612705 0.08322275619248687 0.19558635656906298 0.15756969967404078
2 0.8850091700602749 0.6128830458666753 0.15108222241038005 0.12752280235290647
2 0.9014322789474014 0.5042971027863916 0.14902673846646786 0.1255355854292186
2 0.4161581601943084 0.39958997159390486 0.22118169945688737 0.16191914468198387
2 0.3774123911696591 0.20805945718610291 0.236090186849502 0.14852000507148722
2 0.13617799284959667 0.5664381239865264 0.23064024762515084 0.1562302293004234
2 0.29800935874769946 0.6992313600875208 0.1425532098029948 0.1137145596581548
2 0.5342185146724505 0.6229087961686578 0.08920468113952174 0.10107532771858074
2 0.5949949174582831 0.04626407011134994 0.1654789150834337 0.09252814022269988
2 0.17605656094600572 0.3081653830167394 0.11242915818602889 0.1346534638791479
9 0.6278633522736499 0.3812596063356089 0.10812177747604856 0.08969749695546003
9 0.7351662581984009 0.30718710938014887 0.057144114653892464 0.04782957386326192
9 0.9119960128345279 0.39581343547717185 0.08447955958822417 0.08538214387120491
9 0.6513423776019918 0.5662269186329142 0.085818530924751 0.07369748579489288
9 0.7480870512503963 0.3957474695669576 0.07698244148562905 0.05402986810014121
9 0.6610692807285383 0.6226459461289426 0.0876692969808388 0.07177845271858074
9 0.7042219859521917 0.5253014661170281 0.05899488070998027 0.04591054078694978
9 0.715505035901592 0.6451118263038369 0.06135744148562905 0.053757132710637645
9 0.736358647106782 0.5823049989906455 0.05724647359780466 0.04978269886326192
9 0.7164221138639675 0.6089960597656807 0.04049552521477073 0.028025588473758578
9 0.6237676454392165 0.6828128672934813 0.10102579008343371 0.10323300426070836
9 0.6826172927989971 0.6769072970828436 0.0408026020465071 0.03388496347375858
9 0.839316799526045 0.38634969511546907 0.046764335990419514 0.035940364244822276
9 0.6998868865903177 0.21706568131575132 0.07163486120519003 0.0636932173290774