2 0.659878593988281 0.2520465290224176 0.22193216422829876 0.14053704545304757
2 0.7832623325907114 0.4451260080208585 0.1667900693385418 0.12005122158978565
2 0.568555777570616 0.4010416030883742 0.15825185054088564 0.172615136971346
2 0.7344082117943137 0.6148554347656807 0.16701736678342027 0.12981684658978576
2 0.3824544070601555 0.8894443927584434 0.17092361678342027 0.12988503043716149
2 0.12365486251032963 0.265311012074753 0.1313156029157119 0.10576569196340302
2 0.07444278139296862 0.3638366061287951 0.14888556278593723 0.10031542004765814
2 0.5220403709175342 0.5961105169476646 0.19822190729444467 0.12840919236879245
2 0.514496545286501 0.7944038423331965 0.2173440218936633 0.11117198660567174
2 0.8287280884324648 0.5048546768523483 0.2097588193385418 0.12080124391092006
2 0.7048670251957896 0.3322830103539074 0.12513801149288195 0.09199154119233932
2 0.46049910275091116 0.346310125814898 0.07235817700390634 0.08911793425276526
2 0.2615871379920565 0.9237676085652509 0.14344348831649312 0.12354836850553053
2 0.7303176742994786 0.7486615432275248 0.08871052882751762 0.1206406696422686
9 0.315941040441536 0.5596851983585847 0.09352433558107642 0.07582107041333241
9 0.19580030668407067 0.604733555703548 0.04973731477951393 0.03991479809219811
9 0.04759255366788155 0.47163349228936224 0.07004137609210076 0.0734588423290774
9 0.3359528811276906 0.37093590046908126 0.0736748691582465 0.061808276176453236
9 0.20375081817695267 0.5147875299324842 0.06931402426848965 0.0422088423290774
9 0.3392470610524737 0.31328462104539334 0.07749020018029518 0.05797021002382907
9 0.27576886552651875 0.39834289164156295 0.05359810529053821 0.03802985693957395
9 0.29321306159852406 0.2779700147139035 0.053779943246440975 0.04584235693957406
9 0.25871434116271674 0.33421363991659825 0.04978277426848954 0.04186792309219811
9 0.2836284580414494 0.3123031158704992 0.03565630437873257 0.02209802962638263
9 0.3892116732768661 0.2636041979531952 0.08407692700390634 0.08932248579489288
9 0.3308452207217446 0.25486133066383293 0.03579268284565984 0.02795740462638263
9 0.11527003633324612 0.49973714996028484 0.03974439233463545 0.029978713473758578
9 0.20817576973528587 0.7021341162758886 0.061774281202343795 0.05379122463432573