9 0.6331919170370788 0.24540249340917553 0.26024327690136007 0.20579120348919622
9 0.7400163242292728 0.3764478960839897 0.2531483829604966 0.16659229423336908
9 0.7136699119092255 0.627219844700249 0.21687610758119447 0.1516927359309248
9 0.7887851859658193 0.5348463418632672 0.1797667325811947 0.15039684800056685
9 0.30357421455221784 0.8401073168035783 0.2492421329604967 0.16645588497754193
9 0.37707503614819654 0.7075242398968125 0.2853150375072738 0.20277161365207252
9 0.3289437420273804 0.4933253223617079 0.19407633636936716 0.15868678039596196
9 0.3672293727047902 0.6121838357455904 0.13309110341371966 0.12734376655855506
9 0.21809262423897105 0.3281901345240173 0.4361852484779421 0.2891927690480346
9 0.10409465462826739 0.7158823355237338 0.20818930925653478 0.16645588497754193
9 0.6310202577490244 0.4519687156185273 0.2050378640196333 0.12596108779135695
9 0.47287704070224734 0.4817026976993985 0.1192997348521585 0.10154391379107353
9 0.5172017702393261 0.7065414957926327 0.10092444886694274 0.09116444713985139
9 0.4452553319782971 0.7960876180714849 0.11798433864033109 0.10928820916315996