9 0.6929192970650577 0.7999059421852495 0.2196931247545102 0.17868525882282338
9 0.7875158367543471 0.6615020798950308 0.22336075282867052 0.13796563174823095
9 0.739142880809387 0.41163435634608453 0.18815905103327224 0.12748915041956288
9 0.8216791309321319 0.49897899976099513 0.14914200282867052 0.13234167116548723
9 0.31524154774292396 0.22417114445801234 0.2194545028286704 0.13766963382282338
9 0.3994923009398288 0.3526794118356268 0.24698006001026274 0.1709916193006763
9 0.3708702191942576 0.5703339888577739 0.16284796667521895 0.13923703890441375
9 0.3979589539462023 0.4483085373542749 0.10608234923787419 0.11346069398600411
9 0.2555499709768273 0.7442932370396027 0.4269629966803503 0.23538877386942403
9 0.10901106008628583 0.3628541288927636 0.21802212017257167 0.13962275882282338
9 0.6726337131686824 0.5922232660955078 0.18410508269822845 0.10180252749415519
9 0.5134937959896557 0.5733254131351497 0.0981334938516798 0.08943119813518896
9 0.5382721239538992 0.3446326506875952 0.08246304205628174 0.08043470643355866
9 0.4586541983823049 0.2594631307167402 0.09622582064707808 0.09709569917248517