9 0.23153576450473062 0.7099619045346541 0.21171124637526872 0.2579712875072737
9 0.38441092684739453 0.7673603965741573 0.17235274844986115 0.25087639356641045
9 0.6264224426690647 0.6602581918304555 0.15601689212119307 0.21460411818710812
9 0.5518616804779313 0.7604851651284449 0.15515803682982132 0.1776541753841514
9 0.7470062691841746 0.20882752156203452 0.17205675052445368 0.2469701435664104
9 0.6317404491608742 0.3211119173994088 0.20987698185312165 0.28499617311318737
9 0.409542765291411 0.3460434092638085 0.16400652956874784 0.1919637791723241
9 0.5359778939219477 0.34251625395600255 0.13026968568763442 0.13097854621667648
9 0.21766453318767354 0.2782414022636902 0.30191388434727695 0.4749672109949141
9 0.5741133054953478 0.08392543408143117 0.17208588900930444 0.16785086816286235
9 0.4358010484790846 0.6399091668377292 0.13003427127037803 0.20471899962554696
9 0.42923427695809074 0.4832206477096394 0.10399106691141169 0.11718717765511533
9 0.6616415827156653 0.4516326198600239 0.09304145020978138 0.10076501666989945
9 0.734027221462743 0.3544947662590777 0.11180356691141169 0.11782490644328791