1 0.8021205747451652 0.25315143352321856 0.30142612386128276 0.25583273883234825
1 0.5421379312566776 0.23102504032512616 0.23872150997754193 0.24706237954811394
1 0.3282738552569611 0.3251068920610639 0.25602681646588765 0.2400685938780549
1 0.6801587921876024 0.43000829198001056 0.18069198320977709 0.14881214329940895
1 0.5287203299557927 0.6591018925789198 0.12888766379107341 0.11715009356846862
1 0.3822173687468661 0.7774345735128586 0.09486608325611068 0.09216613316746902
2 0.6815477353517546 0.8339198981627457 0.1764013146517891 0.19346111352276196
2 0.8692182469215386 0.8300697578100429 0.2068080499073326 0.11492944892376133
2 0.7894749220605395 0.6753234266475711 0.17955731374473993 0.17215867504052662
1 0.5136099347690406 0.45048139061444914 0.11137774341898687 0.11828450423852765
1 0.09191780954718412 0.19526163073861902 0.1760602915122213 0.18369548852276196
1 0.1974827676776492 0.949389916253885 0.16706350362819705 0.0935788337461152
1 0.2730004757119033 0.7590458118808274 0.15255458688430767 0.18065074441617401
1 0.8413381530026933 0.7599632826755129 0.19490949523308565 0.16507392111158525