1 0.8628639598831436 0.5852727544378914 0.27427208023371286 0.2510050078353301
1 0.6657884938448416 0.7227366869281255 0.2455640958425256 0.24568951367708358
1 0.43507092741590025 0.7329747374845056 0.26073425454811394 0.2362875645888891
1 0.6867349922434338 0.4812992684962245 0.1844660261572919 0.1486680634967883
1 0.4422224165099947 0.3419641483411896 0.13027615901517464 0.11619065729444455
1 0.2578768320912306 0.300604311121962 0.0979345399085868 0.09202580547083339
2 0.4883562076090865 0.11769653602148478 0.18451420285270292 0.19159135400781263
2 0.6521645060482053 0.0532239473289068 0.2066727620964106 0.08089966185347239
2 0.6595329350176733 0.21142707232890678 0.1835135520049973 0.1701069790078127
1 0.5332595241393445 0.5372328218781688 0.11474212727405697 0.11778010638263892
1 0.29330089122798514 0.9315740687924914 0.18233096463952714 0.13685186241501723
1 0.04184510959382057 0.18631968631258683 0.07477532981717361 0.18123312262517366
1 0.1721480495226707 0.3659187168735678 0.15653367504052662 0.17728304616215285
1 0.662751537944116 0.11297609778480958 0.198774678969468 0.16265815491961821