1 0.2080078125 0.3021541379600649 0.294921875 0.25936474314056157
1 0.466796875 0.2830471969244649 0.23046875 0.24975140109659777
1 0.68359375 0.379658551981434 0.248046875 0.24296271029040606
1 0.3359375 0.48050363125944756 0.17578125 0.150863091938083
1 0.4951171875 0.7114544797922673 0.125 0.11860854593374803
1 0.6455078125 0.8315418612281826 0.091796875 0.09323718412322113
2 0.3486328125 0.8845633615105313 0.169921875 0.19544369720681365
2 0.1611328125 0.8785255426099094 0.203125 0.11729943401734033
2 0.2353515625 0.7246451675393223 0.173828125 0.17418683536099322
1 0.5029296875 0.5029251311006264 0.107421875 0.11953786173993963
1 0.9140625 0.2524568280780317 0.171875 0.18579182878390332
1 0.8359375 0.9789862693783336 0.1640625 0.0420274612433329
1 0.75390625 0.8144178512566671 0.146484375 0.18235986828173578
1 0.1865234375 0.808715315612077 0.189453125 0.16728438797771172