7 0.6132060886303603 0.39165419094180814 0.14136359167521895 0.13678658292955614
7 0.755955308964162 0.20429031177365292 0.24980813207167607 0.32007950218130043
7 0.6827957391762979 0.8344273364194109 0.23451265758831208 0.33114532716117817
7 0.49962306938478906 0.603527644678621 0.10060931449875787 0.17884036603343567
7 0.5855605693847891 0.6095369800800163 0.1217982528286703 0.12956144988378426
7 0.5283928694654041 0.36032251844270136 0.10050704795911214 0.16126224103343567
2 0.3599872970357564 0.25573527384677625 0.2378166712992874 0.2723850473538374
2 0.7284057236827528 0.5736085763141496 0.08261076039132575 0.10534555879224117
2 0.773941197920627 0.47128106981942464 0.08458661128902456 0.10938838459681821
2 0.8082963600267357 0.6114347468018136 0.0805440059028304 0.0856777329876639
7 0.8481883552927508 0.47158813789335696 0.07661503000513137 0.08149833137850959
7 0.8263049748808997 0.8604664690047863 0.20482944232742817 0.2790670619904274
7 0.4042431373259415 0.7092084056566283 0.18001832771875392 0.4050065232165223
2 0.33309676278761946 0.5117722883872731 0.05708378000513137 0.08013257333273782
7 0.920283536060008 0.5059383176627122 0.06494173180052942 0.08849137655104666