7 0.6268023295947671 0.6890754941601168 0.13939910372636932 0.134696882124979
7 0.7792717231331707 0.8650591716632429 0.24784364412282645 0.26988165667351427
7 0.6719551917430056 0.22855441387225747 0.22667743169061305 0.3711749675263744
7 0.5025112116957444 0.4666040309717552 0.09669170154990847 0.17661408942428136
7 0.5884203043236206 0.46773055387315066 0.11983376487982089 0.12747174907920722
7 0.5429883988275099 0.7124996095632985 0.09658943501026274 0.15903596442428114
2 0.3804933346676851 0.802658029881105 0.23388769540158827 0.2682056457446831
2 0.732202250800611 0.5168313755095726 0.08065763539132575 0.1052089829876639
2 0.783580055615211 0.6229214089285788 0.08263348628902456 0.10925180879224117
2 0.8110879172724701 0.48525332059494786 0.0805440059028304 0.0856777329876639
7 0.8578044870896357 0.6290878520025114 0.07661503000513137 0.08149833137850959
7 0.8144424131522094 0.2228994476063908 0.20091182937857877 0.30494635706687123
7 0.40130031200902067 0.352148502036031 0.1721831018210549 0.4005539699982137
2 0.3399422883683977 0.5440671387895617 0.05707241705628174 0.07817944833273804
7 0.9289003794591938 0.600869743869578 0.06494173180052942 0.08849137655104666