7 0.635487744210639 0.4042719071754295 0.16246538499587637 0.15293065836468211
7 0.8217884401394638 0.2515169454830275 0.30280036305715474 0.34982818678644834
7 0.5892705186898965 0.8348249456744017 0.2914225938568249 0.33035010865119663
7 0.47177209628263894 0.5872787488107474 0.130342032528165 0.18868710969555114
7 0.5542116074498554 0.6101923079835744 0.1406968593294846 0.1422896121670092
7 0.5596179847094019 0.3571830367383314 0.1259243113286599 0.1709498172050653
2 0.41978567093913394 0.2234039439629717 0.27983840459191767 0.2981715155887755
2 0.7040234808828039 0.6026085894946631 0.09894244259686613 0.11522772851690632
2 0.7740773096468864 0.5135573537055462 0.1010092278634227 0.11921356226214952
2 0.7728868124842059 0.6552782918234107 0.0944678912640824 0.0955373110264206
7 0.8469785163472163 0.5282604941521583 0.0904479809975256 0.09147189353593443
7 0.7259144737242471 0.8741411079841213 0.252210503925526 0.2517177840317575
7 0.3510222627184739 0.6713311197235465 0.24630932798845384 0.4197062994291587
2 0.33062223921270084 0.4651786141627661 0.07080307073096903 0.0867698060835046
7 0.9101245482818141 0.575808632745177 0.0788428912640824 0.0949006410644766