9 0.48276592684707686 0.521484375 0.17850943511654283 0.078125
9 0.32499683882405184 0.453125 0.11062749251193771 0.091796875
9 0.5353112454647537 0.107421875 0.08441841197697508 0.068359375
9 0.4124782774529576 0.1572265625 0.1610925285818634 0.138671875
9 0.30423479402132403 0.572265625 0.08475943511654283 0.078125
9 0.7644530339279481 0.6767578125 0.21750373048862914 0.076171875
9 0.8288906428229178 0.7890625 0.20605779900028343 0.083984375
9 0.7545323720668071 0.876953125 0.19804068511654283 0.078125
9 0.6315164878804804 0.9599609375 0.13365576474445628 0.080078125
9 0.538746161880764 0.8759765625 0.18175844804690056 0.115234375
9 0.5027652747416214 0.759765625 0.1416728786281971 0.0859375
9 0.3430988617417631 0.7177734375 0.18625373048862914 0.076171875
9 0.5449992899396023 0.6689453125 0.11943825272114772 0.064453125
9 0.5817366509863613 0.595703125 0.24889013974445628 0.080078125
9 0.8260633036611754 0.478515625 0.18632193511654283 0.078125
9 0.8877603642312428 0.3896484375 0.20060765176776485 0.095703125
9 0.5873046626621676 0.1845703125 0.11977927586071568 0.07421875
9 0.561011861394261 0.322265625 0.18155383416315996 0.109375
9 0.5525948128475021 0.3955078125 0.16692709437236997 0.08203125
9 0.676196617975274 0.435546875 0.16597222958157998 0.0546875
9 0.6097097587426136 0.4658203125 0.1898189573490614 0.06640625
9 0.4596725614869282 0.427734375 0.176829128628197 0.0859375