9 0.4637402541375739 0.4581421862177947 0.1866434512470776 0.09911857956235504
9 0.6117471732226633 0.5348628828435986 0.12082919709789275 0.1042252322240933
9 0.359492283951132 0.8703062641644068 0.09351458558274373 0.07780001853593443
9 0.4874522632052076 0.8261504044688555 0.17741154512819102 0.15715524334565423
9 0.6470682979662419 0.4156244397828182 0.09425458039626244 0.08756564353593455
9 0.20587178370632167 0.28951682680657026 0.22600194917248523 0.10461650446721482
9 0.15623197094990035 0.17374027666385994 0.2147271960605966 0.10999837699575687
9 0.24147549040210722 0.08946244748151885 0.20617470124707765 0.09991441701478493
9 0.3723360186713319 0.028908925998425334 0.14204671265733615 0.05781785199685067
9 0.4538626882750694 0.10027927737741152 0.19516680757574567 0.134513580798084
9 0.47601075206878696 0.2191231249535237 0.14983007417248517 0.10151273840273822
9 0.6281167811130811 0.26744392533408456 0.1944559512470776 0.09943691454332693
9 0.4216472352098206 0.3070104267119769 0.12671771058274373 0.0791529422050653
9 0.3752296480711327 0.37997074786207974 0.25559482209789275 0.10971651064585974
9 0.11902826087999935 0.48484423788056086 0.19460395020978144 0.10139003954332693
9 0.07511669994174916 0.569382375855715 0.15023339988349832 0.1190477482885699
9 0.31778267840333885 0.79120137842286 0.12941083039626244 0.08899815095030839
9 0.36127173131125156 0.6541062672537292 0.1948708096503382 0.13060733079808395
9 0.3795170049126433 0.5803467854096498 0.17702582520978138 0.10067378583614017
9 0.2621972284615897 0.5354762901147152 0.17119558869463236 0.07512399334565423
9 0.33240659049538696 0.5082767965312105 0.19566908143355877 0.0897508732885699
9 0.47504299246508874 0.5530892656379863 0.18723544709789275 0.10693107956235504