9 0.5114387717317583 0.45593140844947866 0.17873434834499946 0.09421561155829128
9 0.34096077756999676 0.5000239436016818 0.11244173167965843 0.10088831575629231
9 0.47425327428783537 0.8709731635154485 0.08677838667647686 0.07626822839082203
9 0.3640373876113585 0.8038017610128586 0.16381387501988542 0.15403474048723265
9 0.3463990250536907 0.3795883671955937 0.08689202001113583 0.08603385339082215
9 0.820849313385168 0.3438112052871895 0.2178195750119314 0.09798810173593775
9 0.9017655883493743 0.2412667576552497 0.19646882330125148 0.10302876240599679
9 0.8536988066915898 0.14393158912730772 0.19826559834499946 0.09512529414711451
9 0.7518174491764769 0.04511571094559369 0.13592468501352206 0.09023142189118738
9 0.6413302108529537 0.11473914521603963 0.18500280334977193 0.12964476633493824
9 0.5810453767007371 0.22404995787083276 0.1416931533457948 0.09834658963952714
9 0.41514338503539605 0.24154788487583012 0.18654684834499946 0.0945794845938206
9 0.6036433583803955 0.3187524320231272 0.11995878500954493 0.07586156379182163
9 0.6240950383911337 0.396944311934304 0.2491150283457948 0.1033498438780549
9 0.8398258125795417 0.5471395375866898 0.1865695750119314 0.0965326095938206
9 0.883942259259598 0.6437710483912786 0.2043522400143174 0.11492944892376133
9 0.5408747434456198 0.8024050710840085 0.12202554334420412 0.08571815705070396
9 0.5451205250934616 0.6634602913073615 0.1830042250159083 0.12564754807605594
9 0.552069411750053 0.5888776682718322 0.1690141766788631 0.09766702026387986
9 0.6827697000815303 0.5691109199267167 0.16674287834181767 0.0702323020049973
9 0.6236759634090305 0.5288712176931863 0.19033946501034027 0.08499579611158525
9 0.46752823341022376 0.5449377409037721 0.17882525501272672 0.10202811155829128