9 0.6552720725818026 0.3788309116717407 0.22406216183622663 0.2846263783914734
9 0.4988721121804073 0.30253088082548785 0.23347250775523287 0.3357831142026584
9 0.8348100671531398 0.14072878046557558 0.18240472154926035 0.24501376465024038
9 0.6275534215783141 0.16480071426264148 0.23785722804398546 0.20384674776208989
9 0.33286850685902825 0.818352247842838 0.24248742080279084 0.18664410857327485
9 0.833812062839715 0.43507431177325373 0.22298293999642738 0.35261026758028846
9 0.23216880028607303 0.11869094019933542 0.25340010057214607 0.23738188039867084
9 0.24006921011085658 0.37502922386028 0.2538098279858776 0.2651445943844598
9 0.600310056054451 0.7992519374653917 0.15506097154926035 0.24326149753137738
9 0.4061674175554283 0.16917838815060807 0.20689376424995798 0.2893592959579185
9 0.38541231269444565 0.6158545544827418 0.2216037973538374 0.2494701283914733