9 0.647419766317534 0.35138519372696647 0.28942638607465243 0.22723920038900047
9 0.7041927534171285 0.5169027139905383 0.34072026496249963 0.237243812512123
9 0.8911854385015044 0.20235070943648753 0.2176291229969911 0.18514748864518027
9 0.856781751119675 0.4060933077344769 0.20910389903414317 0.24007429811318748
9 0.16885278905572798 0.6146966539729746 0.19203840292199026 0.2444987833397989
9 0.6145849557023723 0.1671934924018334 0.35727313218680523 0.22695995228551147
9 0.8651812514141197 0.80957305243152 0.26963749717176055 0.2607212511476049
9 0.598892222726966 0.7635142156998227 0.27067603180983735 0.25673544622152566
9 0.22263986928639978 0.352619423288291 0.24650721701238398 0.15780373864518027
9 0.8248823318220473 0.6260588573575994 0.29374787441111083 0.2101393719801301
9 0.3780447832239572 0.5887686302908339 0.25427013607465243 0.22436942084222355