9 0.31907875395600255 0.5526754220801624 0.2537458507683027 0.2932043960938011
9 0.4493007225127146 0.651348518498299 0.26945040569438183 0.34244174886128254
9 0.09238588928713788 0.7606119598483526 0.18477177857427576 0.2506882692797028
9 0.2879490533797755 0.7670200419755575 0.2553404950836191 0.2173053396054554
9 0.7487849338942048 0.16763382567183743 0.258130719704317 0.20376987386128265
9 0.16219070282294515 0.4705139858249023 0.2629133632707273 0.35779393034962836
9 0.650114600345358 0.8634361626719791 0.2838002704629212 0.2319320793962456
9 0.7187920338772327 0.6185669844741399 0.2798141431919574 0.2785342608845913
9 0.48571084904689543 0.14565965506808293 0.18187896743335297 0.24784848411682625
9 0.5026135630374338 0.7975011634631943 0.23843971516238893 0.29656500907049255
9 0.6435559768795389 0.3592478010558616 0.24712925341856895 0.2598648618379741