7 0.7060914756119279 0.3861130067011922 0.15222719606059654 0.109137061849502
7 0.6262970858333594 0.24536488509310908 0.23476302645685898 0.19711343566207745
7 0.13473417997669968 0.2965499639589809 0.26946835995339935 0.2089262395403213
7 0.40992733194059594 0.3666176751197573 0.47641911411419513 0.27981136787545235
7 0.48730887731940276 0.5648806252839282 0.5096536841374955 0.3846576591463109
7 0.5945367390909733 0.6516660645650652 0.30611382573423507 0.34286468792335545
7 0.3351388049592832 0.7887914468858255 0.3146931524941553 0.19935702736247718
7 0.14841947094990035 0.45701744332355165 0.2968389418998007 0.22536180602595035
7 0.14326403266321996 0.5226048217722542 0.25012347355475184 0.2971322464377262
7 0.20041804095578422 0.7695893854596787 0.2571936722027835 0.1593816019329357
7 0.080700777610755 0.7491036847017954 0.16140155522151 0.13585835312036054
7 0.4445854979021856 0.9104772388071818 0.212596933613042 0.13564533016686786
7 0.64862920668998 0.02333794451097627 0.33164783662003994 0.04667588902195254
7 0.8935489211538763 0.2741569213612708 0.12322631898600411 0.11150792769081919
7 0.4004116906002777 0.4536852760356256 0.13538906587411548 0.11798145635429225