7 0.7293480181094443 0.49810889739818653 0.13575709857399065 0.07381103835136282
7 0.6748114210090332 0.6627282007380157 0.1992485721479813 0.1467811900262488
7 0.19074316815756126 0.7806122849697741 0.23839065589322417 0.14918884836488489
7 0.4462924727674864 0.6175583849359689 0.44191357461943914 0.16131804672579264
7 0.4884885609799442 0.39646890659812817 0.4462906806078035 0.26873992172579264
7 0.5783836906850095 0.27438654658659456 0.23036922680547645 0.2877016366963623
7 0.30506224306132723 0.22680975662397923 0.2881373172050654 0.12438911670511188
7 0.1649628890222434 0.6227841499741489 0.2931577396384672 0.1517783200389755
7 0.16481863260574803 0.5544588649745466 0.1840944281363457 0.25397579835693085
7 0.1784523338409301 0.29172946247414894 0.23624189477166352 0.09645447336488489
7 0.06793163412580384 0.3546051366565914 0.1358632682516077 0.09547722668681724
7 0.3915866514260094 0.06767483827977519 0.19303439353593455 0.09009511169238518
7 0.7474153204392857 0.9410478290599481 0.3203058535169063 0.09938484504295264
7 0.9275537369783695 0.5446075390376763 0.10303147604544849 0.08514343501352206
7 0.4233075944403134 0.5348573824395483 0.11490939353593443 0.08918604501511296
7 0.07605249938213551 0.044035534989659564 0.15210499876427103 0.07989768002068087