7 0.2622597922724701 0.4377821530125048 0.14511076039132564 0.10465651746560412
7 0.35027475860875595 0.2944010885825722 0.22177124219185507 0.19130087295423337
7 0.8425531621995521 0.3272136548167918 0.25892606898725323 0.2004092608845912
7 0.5608549768210549 0.408178398583281 0.45847434450388924 0.2640067579317753
7 0.47317521747582997 0.6091766505132136 0.48252544374176354 0.37029396346673815
7 0.3604450704950318 0.6999473445942266 0.2792299995090206 0.3339038071637268
7 0.6140735793492774 0.8288970314090338 0.30182664129415593 0.19019101269868965
7 0.8337306619540625 0.4889820066772239 0.3117399846291997 0.21592266083825762
7 0.8194685647149462 0.5548767219678722 0.2262570025831807 0.2910466572100605
7 0.7496453226165346 0.8043403780490268 0.24692324526601506 0.15117190811710968
7 0.8803399348582166 0.780589775619236 0.16869597872636932 0.13086559800056707
7 0.4956942719221954 0.9452629229774002 0.20384086577751992 0.10947415404519956
7 0.33907740205371617 0.04796631544300436 0.32659230410743234 0.08365579786156614
7 0.08003965688114448 0.3318297476165428 0.11583661128902467 0.10753969804690056
7 0.5662434405448586 0.4952629726530649 0.1275894501355732 0.11380830081438209