9 0.4434802816997284 0.8523814998547306 0.22578319172936423 0.2952370002905389
9 0.14769133711889226 0.42223651640667037 0.2620967292769344 0.3143567029858776
9 0.3682966440581119 0.41137068272617894 0.13200336958138315 0.1806158514929388
9 0.30043300584510724 0.4426550541636895 0.16137982832662612 0.18461761356159634
9 0.7137743107885699 0.2388252783546465 0.3237577767103361 0.34593430292776983
9 0.49374432438158866 0.2877087616328493 0.2673625494291587 0.2524030062041862
9 0.6859662642573594 0.6078909231539488 0.15141192072197196 0.2267669087341333
9 0.8732822159682425 0.6881801491864913 0.22311381302217725 0.31357831189433427
9 0.8314111092198503 0.37753776211783374 0.2957044194862428 0.23101414327284386
9 0.5019165693429857 0.5599648354259835 0.2147508732885699 0.20393016028517996
9 0.2944707844090369 0.7742971086179178 0.18639571026529878 0.4161789699982137