9 0.8511317857455762 0.3651350395511605 0.2977364285088475 0.23357782619781842
9 0.4155371547112475 0.12390164947848735 0.3165829795950319 0.2478032989569747
9 0.4085775710307561 0.3366169246296238 0.1828421281020931 0.13700242504052662
9 0.4397936545659781 0.2646215118403008 0.1867073143661735 0.16443714329940895
9 0.24314125576837803 0.7029082048706501 0.35011370453692414 0.32973579249222995
9 0.2880502011442922 0.4764553763452982 0.2564458320087635 0.27086375258364326
9 0.6107523227516602 0.635819548183009 0.22885660953871056 0.15471969499481997
9 0.6939029483819141 0.8161384408632454 0.3158045885034886 0.22885286186787757
9 0.3836020008246995 0.8060973632666523 0.23505696907742102 0.2990690084770553
9 0.5599648354259835 0.4559528042312143 0.206019861089757 0.21789926437046758
9 0.7701177070087635 0.22474284533030614 0.41854182241194504 0.1947026478475229