9 0.1857320853321278 0.4321955404623506 0.32173651919578555 0.20814108092470118
9 0.5770027450757457 0.14346227871736109 0.30306412448715747 0.24462532445863933
9 0.6317385658799209 0.3642970288162889 0.17684868776222684 0.12207489146193828
9 0.5865935391666406 0.2957491985840828 0.17906867220278344 0.15137176646193828
9 0.8530173875844735 0.7133217809769076 0.2939652248310529 0.30591099119125786
9 0.7807849375116109 0.4923838208456911 0.2413041193006764 0.25257238519373204
9 0.49773327128198896 0.6790297255207425 0.22085343050115336 0.1369970293940619
9 0.45439798368290374 0.8658297990890311 0.3058155212703779 0.20378018985847435
9 0.7575606330593649 0.8288536925137322 0.21842947666664037 0.28503671846111356
9 0.5092119937878337 0.496174767253361 0.1946353952330817 0.20249399726160833
9 0.25343772770393674 0.2841065358601238 0.40968542116548734 0.1600308471887837