7 0.3003918326689271 0.623516801933371 0.3822683806573407 0.26659407772702215
7 0.1909877741957444 0.4437187519264494 0.3783166788619427 0.25853125385289877
7 0.1589310048274283 0.30304428593346294 0.2980226578338017 0.216290239433371
7 0.5210873228913256 0.1329650312269301 0.2296746457826513 0.2138626966362132
7 0.755928854895215 0.3959687577057974 0.3706064454015885 0.2756087311046522
7 0.6983861776637957 0.5728779620939479 0.36474707040158827 0.27523324529346715
7 0.519977009409367 0.7810896263842759 0.29118737143486073 0.38375834168512446
7 0.7850496041880474 0.8355312933739394 0.42990079162390527 0.3289374132521212
7 0.8348783197878642 0.7104829667197327 0.2804558957826513 0.21711690699981623
7 0.956504175080615 0.6354229372231475 0.08699164983876995 0.173726199104836
7 0.9342243936611485 0.4221320934154693 0.13155121267770298 0.2995266367201923
7 0.4216894646471596 0.49852692299972423 0.1255454215447771 0.10176036397194577