7 0.46840389426516593 0.7523756114046506 0.21720869171704305 0.38349321690278937
7 0.6693719134408473 0.812165628023843 0.20778396672102017 0.3756687439523141
7 0.8067831426041998 0.8140476867411879 0.1791220700389755 0.2973474669380831
7 0.8870055700489182 0.4117695353445947 0.19976555836249865 0.22633316428607086
7 0.5747428316955668 0.24622130208731471 0.23069875338158874 0.36866451294241814
7 0.41877759921028207 0.34546233513158486 0.2286774483807933 0.3626913813653283
7 0.2652775259090306 0.5726899339644 0.35267747503579383 0.2840343022990761
7 0.13509721420471416 0.2879520064535623 0.26946717506761053 0.5134040129071246
7 0.2556000708644872 0.24422366423313058 0.18087065503658928 0.2798830985151728
7 0.2908458591760791 0.08622878919783697 0.1634502483489766 0.12467617089845434
7 0.502544018340227 0.08001669031208151 0.286338036680454 0.11817096025511245
7 0.5574060734106214 0.6014152922393268 0.08734655334977193 0.12609903939195166