7 0.30513497748350543 0.5943199446585569 0.3772882345273403 0.2236883503228868
7 0.20219352508861874 0.4098378129946393 0.3867697088609486 0.21420687598927857
7 0.18442988049257744 0.2688150020616908 0.2922240869950516 0.18413527959191767
7 0.5594821316639176 0.11385283798433014 0.22052676332783516 0.20156381466061865
7 0.7773708727562476 0.39242301481175296 0.36206104546028883 0.23690558425665997
7 0.7082668347512993 0.5660447197471756 0.35614484032701044 0.2347819688568249
7 0.5159065660456086 0.7624248987194229 0.2738444688568249 0.35728144299257747
7 0.7833259431904331 0.8477999686589692 0.4333481136191337 0.30440006268206155
7 0.8363536267807014 0.7093018707103509 0.27470279212833004 0.18557693339241244
7 0.9609107282591342 0.6439440425398355 0.0781785434817317 0.1648372213973608
7 0.9471101637963713 0.42881614187344375 0.1057796724072575 0.2904055227301443
7 0.4354005717202476 0.4771190587881239 0.12359427586424743 0.08946096826325789