7 0.6635262295249558 0.5737709826505837 0.41294421820650484 0.6708934091247101
7 0.2833844605840924 0.5974738198186866 0.3536331844922529 0.6120244392579064
2 0.4889196234779421 0.20412635627269124 0.3620045030441158 0.3807167366913082
7 0.8733262842759315 0.1521827903498312 0.24952105871910124 0.1950969244291587
7 0.4646471190989949 0.7985180546099251 0.45192780797019494 0.4029638907801498
7 0.22813991492909547 0.8873885653514719 0.1687253276599644 0.22522286929705615
2 0.06566005993001192 0.8153616915872008 0.13132011986002384 0.22643315465749536
7 0.17472561609124782 0.20014222766119147 0.2028454295516262 0.17178212328856995
7 0.0908203125 0.247841269153799 0.181640625 0.495682538307598
7 0.4081036007561798 0.05386175337364926 0.1408240484876404 0.07971002842176628
2 0.7938860492365465 0.1891180867853546 0.12109342765511544 0.10031898222409336
7 0.6334307429877588 0.15024628155756498 0.11698780682259002 0.12156460598836438