7 0.5641198731757475 0.26566808277832005 0.6891408482113435 0.46938854540434416
7 0.55067010248029 0.6449724807981343 0.6275371235770177 0.40531521651455993
2 0.1900134238036892 0.4448496646566536 0.3800268476073784 0.3915506706866928
7 0.1662471078537598 0.09686958555510793 0.21828703429248042 0.19373917111021585
7 0.7743562708029834 0.4612195500869857 0.4416053520666625 0.4842383351139381
7 0.8375798686130567 0.6955761981773871 0.2393623062082253 0.18759267082786701
2 0.7457125918285192 0.8726271224349735 0.23528559658978576 0.17759953267368767
7 0.14379434456695755 0.7603738455442701 0.1852202769872321 0.21565748666935258
7 0.2161106006519184 0.8581255002117615 0.4322212013038368 0.26812399957647703
7 0.03310357396666882 0.5281120625352935 0.06620714793333764 0.14690087492941295
2 0.19359580052865394 0.14286433900247397 0.10758244926865135 0.12723660516284985
7 0.13909358817177597 0.303105450795354 0.12903273234496343 0.1265348025108377