7 0.46067745437857877 0.25892031092436535 0.654366354895215 0.39327256872877436
7 0.4169720660065366 0.6390829673319288 0.5974075673274284 0.33462437039603654
2 0.8183657075754837 0.4438195882844549 0.3632685848490327 0.3517115504559305
7 0.8922947023798209 0.09114258506168041 0.18302690475964178 0.18228517012336082
7 0.20875906932618626 0.45043500261710867 0.41449559425839966 0.43897374476578266
7 0.12318015331600513 0.6860048134207928 0.22155534616371414 0.16191744091721993
2 0.18771915153343546 0.8641832872720348 0.21954540641946657 0.1520152401126429
7 0.8064961621702507 0.7583887572210722 0.1612470930895542 0.1986992159753278
7 0.7543620701560987 0.8614808152377901 0.49127585968780263 0.20656525436260087
7 0.9634537420691103 0.5294161037457443 0.07309251586177945 0.1400920813785096
2 0.8497918332826513 0.13987656291122016 0.09439768808442262 0.1178837636197041
7 0.8800431959860111 0.30189042584256265 0.11584797423787419 0.11352672247005291