7 0.24733280934873067 0.9107179615083765 0.25951924258448217 0.1698358550999135
7 0.1432958304331288 0.6467311361374565 0.2865916608662576 0.511225227725087
7 0.6830555039982977 0.3682411007573345 0.11552091120597252 0.09043635638263892
7 0.5320645824199837 0.5755248274856332 0.1684186312041862 0.2613128806511287
7 0.5284644905484512 0.22266836507578078 0.19312637718130032 0.25213822900781263
7 0.44067652488825027 0.2929597683572479 0.24497255447881638 0.38009146276527805
7 0.32415228198864116 0.5511148475505205 0.30173546074111046 0.5783571965227432
7 0.632342086927854 0.22902534491558107 0.09454177568836153 0.12504709251493062
7 0.6622258739093498 0.10840810303684839 0.1159029594806027 0.2074420184267362
7 0.44920673032137903 0.49165573423402736 0.11870321844716702 0.10805994087161463
7 0.6129215534842594 0.6740650879817269 0.15196079177990507 0.16538245820624997
7 0.49994782653092423 0.742017777119878 0.14464014666547576 0.11646341422829876
7 0.49522257667619374 0.8932485861529509 0.1342050272394082 0.190318488316493
7 0.6976977041726211 0.5492452929116747 0.19874027971124741 0.1372220704306426
2 0.824459805035306 0.6047932571503031 0.09131840471124741 0.1347217985369793
2 0.8622721359534192 0.4683919070601555 0.10744864419363642 0.1701962649598091
2 0.841839303654117 0.42596867092786384 0.06241787252816078 0.056051284669270895
2 0.790245291125063 0.3969453693746955 0.05415458137850959 0.07730836222439241
2 0.8789620632509352 0.3412569441042527 0.09344916925174429 0.10942209251493062
2 0.8525944207782028 0.20244950715030308 0.11766506034328783 0.1489846468936633
7 0.746538758796707 0.3248396690990879 0.15772465471124741 0.13626742116215285
7 0.7161483674146247 0.07141890886310737 0.13410951517075054 0.14283781772621473
7 0.7460669808063635 0.15033046827742994 0.08218121040139548 0.08771042007005214
7 0.5798540943433718 0.39404249418407067 0.06706144988378449 0.1224575346692709
2 0.6853447411295288 0.8235002472002598 0.09013028620597252 0.0898453830259549
2 0.7607855260995817 0.7066975198305983 0.06437099752816078 0.056096744158246725
2 0.6994803369032658 0.6213518097002597 0.08327381683801272 0.10333542007005203
2 0.781176839690232 0.5824013253967442 0.04275004672358351 0.05364356477951393
2 0.7367740437421717 0.6039092466542094 0.045563690286966274 0.03810948375746537
7 0.13493260978007315 0.9425832976355033 0.11343121040139542 0.08843777189366331
7 0.32324537230912703 0.9684244349603729 0.1457193685052749 0.0482404176952258