7 0.6437683558253088 0.8739743291228295 0.255688208746115 0.17995806600682984
7 0.8115044447921869 0.5964458301264283 0.3398760607916391 0.5241824838039875
7 0.2721183155001826 0.36617907734634475 0.11337760339082215 0.09294656847545246
7 0.39933088244698 0.5615193042520292 0.16239843517246655 0.2674499691537471
7 0.44411644980468024 0.2061888311646352 0.1873342188780549 0.2593114493355486
7 0.5239403732437989 0.2692288238395151 0.23621590570540585 0.3890181369509049
7 0.6106563438302148 0.5187675210179017 0.2883724498525202 0.5890373245662612
7 0.33921490513970975 0.22167405729743359 0.09166850030958629 0.12855400023071267
7 0.32332507806097255 0.10433217150009193 0.10916104218264377 0.20866434300018386
7 0.49220067333780215 0.46988693611572396 0.11624041097964533 0.11260298041251415
7 0.3067553921145404 0.6677375289198035 0.14817536548723265 0.17112103446843907
7 0.41210639294198265 0.7262207289128819 0.14199490901517464 0.12204258559431569
7 0.39724385287860275 0.8780885641611285 0.12982670285270292 0.19526004009782238
7 0.23631451742412668 0.5495719694652079 0.19563896660399793 0.14495320789498
2 0.10272609465765703 0.6165515692483385 0.08821709160399788 0.13806930135658924
2 0.0807280761499784 0.4826242298357325 0.10343542700499736 0.17214855991602085
2 0.10616687784538949 0.43815353659099265 0.06114086124870502 0.0584423581118495
2 0.16128782335806546 0.40443814582179727 0.052375887096410556 0.07930092342654138
2 0.07882851297732932 0.35617175258397904 0.09094075423852768 0.11292900023071262
2 0.12146555598741532 0.21420781924833854 0.11619761941617412 0.15349344347545246
7 0.21352725806615253 0.32806690989525594 0.1545323733451156 0.1403716822166855
7 0.27268297301526595 0.07221765596160917 0.1304153039694681 0.14443531192321835
7 0.2343642297361203 0.15244866980435523 0.08017447839082215 0.09081881554540439
7 0.3725891963935948 0.3831081566191389 0.06423378205070396 0.12484860811184961
2 0.2166975395511605 0.8244240987449236 0.09003107164970447 0.09339775023071262
2 0.15468185432521747 0.7135078105735506 0.06309398624870499 0.05856752004891108
2 0.22611275434548078 0.6222756612449236 0.08090222446188078 0.10644381554540461
2 0.14873958876424492 0.5902353446959205 0.04151864298982266 0.05523761374123293
2 0.19075317204598052 0.6079895945805642 0.04469714691876414 0.03986293761535631
7 0.754708519442074 0.8960743927417846 0.11142447839082226 0.09282140653839077
7 0.562868823929398 0.9385511191052955 0.14467039495429335 0.05405869640550076