7 0.15159255874360228 0.7717621161457544 0.2097238043720746 0.2589715207826513
7 0.45832767856283585 0.8442139275996536 0.5320258980031494 0.3096631693939731
7 0.580358286216154 0.26719551291036425 0.0964127322240933 0.11381530859592748
7 0.41568561516064456 0.44495326490912224 0.2723896183456541 0.16756098604353498
7 0.7653381052748128 0.39603293411620827 0.26561170703381287 0.19290615924813692
7 0.7204493756643409 0.4929966953374463 0.39650755066488763 0.2424842388722055
7 0.49704534467542943 0.6437459043272652 0.5961606880221774 0.30222564670600716
7 0.7319824592674204 0.2965940033489511 0.13077314477166357 0.09448859167521895
7 0.84241692875421 0.25004219629010355 0.2136002322240933 0.11449708552689886
7 0.5210101087441492 0.5127160850945223 0.11610314971457925 0.11783518808442262
7 0.2968086221950044 0.3801996728656688 0.17800294838371022 0.15139056449875798
7 0.26064760565482675 0.4995789197915088 0.12885648840273822 0.14329399077751992
7 0.11418146497036415 0.5248508849296477 0.19095856967652328 0.13389198014070458
7 0.3972022468149905 0.2790058176022194 0.152569208269542 0.19810648321486468
2 0.3075458683456541 0.16426573087717358 0.14233272728117752 0.09065051936831608
2 0.43316762723360747 0.10688083272752989 0.1742193972431214 0.10645732654990844
2 0.4796629428229298 0.12126224092956611 0.061060846102532707 0.06088776346548569
2 0.5225487858361401 0.16692205650372616 0.0822268861215607 0.053200255902830396
2 0.5538850160644766 0.07296752342443476 0.11506856102642038 0.09244456308442275
2 0.6976784548002055 0.07799172168399487 0.15711877471457925 0.11807381001026274
7 0.6058931676326494 0.19867137515204622 0.14503857461943914 0.15705676936831608
7 0.882878790779056 0.18826877391541408 0.19103815342176622 0.13584510514070458
7 0.7787662876897335 0.17422257270443875 0.09505980855496254 0.08061218359592753
7 0.582662891586654 0.3716990633592138 0.12575272233826174 0.06712211577751992
2 0.12876361169130818 0.3313608360178782 0.09537814353593455 0.08842468359592759
2 0.22373557191013066 0.24094325710097733 0.06114042984777568 0.06284088846548569
2 0.3252947486685839 0.2882153092096517 0.11084397604544849 0.0846093371867237
2 0.3413641057505139 0.20314074222115647 0.05635875865010287 0.041333787567786606
2 0.3324921362637241 0.24910167593982885 0.042846051140588814 0.04516049692584001
7 0.16007487409507418 0.8840440777480554 0.09633314847885038 0.1118621835959277
7 0.07759764890534065 0.7057706137787619 0.07229544714798122 0.1449175902608837