9 0.35222276577715117 0.568359375 0.12961310548862914 0.076171875
9 0.045726328783687084 0.7529296875 0.09145265756737417 0.087890625
9 0.43385096961384956 0.7197265625 0.17299108325611068 0.087890625
9 0.6646453094411616 0.20703125 0.1016121184189871 0.11328125
9 0.5725631699283733 0.55078125 0.08503225362819711 0.0859375
9 0.5185793725203318 0.8662109375 0.1910714498609991 0.158203125
9 0.6500681052765842 0.736328125 0.24627977767481424 0.1171875
9 0.7101685800912497 0.525390625 0.21972967400028343 0.083984375
9 0.5200861387313845 0.34765625 0.09089162862819711 0.0859375
9 0.5460937168828902 0.24609375 0.2654017999073328 0.10546875
9 0.3179904311506551 0.150390625 0.1934089934189871 0.11328125
9 0.7322513220338288 0.3125 0.09171008416315996 0.109375
9 0.9113311619867865 0.4697265625 0.1480096860235922 0.099609375
9 0.8467013438128228 0.3349609375 0.11603424432603626 0.134765625
9 0.7458146670913914 0.4833984375 0.1350198573027277 0.119140625
9 0.4639880806507969 0.1083984375 0.11210318511654283 0.078125
9 0.8673331195675159 0.6669921875 0.20817214246560423 0.14453125
9 0.08332711723216421 0.3134765625 0.16665423446432842 0.16015625
9 0.6115047767775765 0.4423828125 0.17548984527941913 0.103515625
9 0.4725507901614589 0.39453125 0.15722967400028354 0.083984375
9 0.7321582668000345 0.6787109375 0.13958334437236997 0.08203125
9 0.12013573231253928 0.4189453125 0.1601376637910735 0.111328125
9 0.2582527185811547 0.0712890625 0.1380394471398514 0.09375