9 0.4058818964440823 0.4158747115687166 0.07389279839653617 0.12878643409355406
9 0.19249940840272162 0.11262290720431692 0.08699637206375266 0.11037120947285628
9 0.2622164843136905 0.5088877808816084 0.08490868632865989 0.17255234507877004
9 0.7930536441845357 0.7010097028714368 0.1120460162640824 0.10072507803441733
9 0.44259933178346367 0.6342259699036663 0.08430445533113406 0.0848211522758131
9 0.12533017955002035 0.6044119878841514 0.15561899726160833 0.19196377917232388
9 0.26665052701979347 0.7265615329653459 0.11240202625995888 0.2468905886403312
9 0.48072707022053573 0.7704662621400945 0.08041323452734028 0.2189490484876404
9 0.6403555275144328 0.5661848146079833 0.08252182073096925 0.09052109507877004
9 0.7435585867814019 0.5853769085512712 0.1012515775927425 0.26546524545807215
9 0.8170117733079174 0.34861010325073893 0.1089144876614434 0.1939967814432879
9 0.6949352385202059 0.7762053377163215 0.10791244573096925 0.0925937136403312
9 0.554202449525979 0.9476234609949141 0.09594547472931958 0.10475307801017175
9 0.6827079529568656 0.8936519553296273 0.13392820219703094 0.11615070720189236
9 0.5257730557213605 0.803509793770609 0.11691837852981446 0.1342470674285039
9 0.8725471463451544 0.4921446602605557 0.07728757719703117 0.11152717348764041
9 0.3535704607921233 0.9170514507634535 0.14033497806127837 0.16589709847309297
9 0.6325492498021443 0.12798733903902998 0.15677650039571134 0.16477946136936722
9 0.5542788878174019 0.6648776962336486 0.10059051646193806 0.17578092765511522
9 0.5887577551799998 0.5228176452878177 0.08250092026243294 0.15676791288172676
9 0.33193062458849454 0.8043275687633352 0.07808319906292782 0.1388709234876404
9 0.5324388538369071 0.17071726308834995 0.10990150039571134 0.1609530886403311
9 0.8903467206059381 0.28411687844281464 0.08974511892964943 0.13787439166989945