9 0.603442655752731 0.5724360537770095 0.12983804334420412 0.08457963044229566
9 0.8662268223862553 0.807300849380764 0.1123962783457948 0.09568453879107341
9 0.4857203949017659 0.7063770416378669 0.17296588001272672 0.09975200725639422
9 0.39050999830920563 0.16402524478937247 0.10095024834897659 0.11871281102359205
9 0.39323240909454876 0.517302153591675 0.08696020001193128 0.09089162862819711
9 0.3670897515515962 0.834492756812681 0.19136216502227166 0.17067834890761624
9 0.27121754490574296 0.6845826757083595 0.24559513168363556 0.13352557848919622
9 0.2659277049351734 0.4680586192200138 0.2178650283457949 0.09936758869840623
9 0.49598874328653625 0.32726617775412614 0.09281957501193128 0.09109624251193771
9 0.49622805746738785 0.22280809256808293 0.2650127483489766 0.12444199976833192
9 0.7438324466402852 0.16828176963701635 0.19279257668284 0.1258246785355298
9 0.29866698579727435 0.25508738498735345 0.09311502168204466 0.11648686751193782
9 0.08149443661483192 0.3788349338718029 0.14964201334738572 0.10869917672143137
9 0.1805142866307403 0.25823720247612447 0.11880109335215822 0.14276415267481424
9 0.2410938832750027 0.4210937168828902 0.13424428001670374 0.1276847896981228
9 0.6118494699832963 0.1016306218351391 0.11228264501113583 0.08591891379107347
9 0.09080689663233113 0.5787574278601486 0.18161379326466226 0.15889139427970278
9 0.9220874824455139 0.3690040915550111 0.14837068835533995 0.16722472209351769
9 0.38284316911005944 0.4034535688591564 0.17510081834818114 0.11544521188430767
9 0.5304972832789797 0.38170255695168187 0.1572954266788631 0.09530012023308565
9 0.20566354491568573 0.6136594455574209 0.13967184834499946 0.0907800285818634
9 0.8682395007658554 0.46654874150867753 0.16151985001590852 0.12278027948891279
9 0.8217308641490348 0.10113456183443034 0.13980820834659013 0.10249877858186346