9 0.21433745689121897 0.19293756330562628 0.10247542542954136 0.05584656001352212
9 0.28872220290558986 0.13930548496181994 0.06927230042954136 0.05546020667568141
2 0.7381553249370283 0.32462167240216355 0.12784944029820444 0.13031530334977193
5 0.7733019207934142 0.13757552156273206 0.1619654907277459 0.18536643002068087
9 0.603494862335829 0.08580771408540147 0.0742021398686632 0.07503691000954502
9 0.4941668892749509 0.1066230207670485 0.06947701831736564 0.05936645667568141
9 0.5563639649760486 0.0814703415917648 0.053033146766068295 0.04355964334022697
9 0.5431969287078868 0.3522963274288101 0.10020691853213637 0.08705110667965843
9 0.09681100887475458 0.5607393674908527 0.13619034514910228 0.06599853835136282
9 0.5342252600621792 0.47943126576426454 0.0702958898686632 0.07499145667568152
9 0.40196473103213637 0.08131262327937748 0.08941770409301442 0.06740622334499946
9 0.5697937492927163 0.24449946242443532 0.08469258254171708 0.05173577001113583
9 0.7135586562913208 0.4519384240730725 0.09836445754171708 0.05189485667965843
9 0.385566432043018 0.5515164457849454 0.07522572930778515 0.09456816000954493
9 0.3251730954588863 0.5551506599598314 0.054056736205190026 0.063090893340227
9 0.2156874314493057 0.5916023299749443 0.08621966163473138 0.11811929334420412
9 0.2946769808617794 0.40209170412954715 0.06988645409301442 0.06717895667568141
9 0.3363703965957112 0.3586116041235815 0.06947701831736564 0.05936645667568141
9 0.3713564980485061 0.4295370399526726 0.09496169719560954 0.09870167667886309
9 0.29199353657794574 0.22037153579528584 0.05231663415868282 0.02988776834022694
9 0.36194778027425306 0.2127174382857408 0.051080021766068184 0.04353691667329518
9 0.8851182743939157 0.4812112040500054 0.09075667542954147 0.055710200011931166
9 0.9219039624308424 0.5491842257121646 0.062073954093014416 0.06708805000795426
9 0.17310185295000355 0.48754194914664867 0.10030927747604856 0.08900423167965854
2 0.679103657845315 0.7640527549132994 0.2733019207934142 0.14957520170272565
2 0.7489721527290469 0.6801813290698908 0.1483019207934142 0.1481206950190901