9 0.21183865726862044 0.7849394548706501 0.1029262846692709 0.06332409946188067
9 0.2883295652044278 0.8371012394036808 0.06967770018029518 0.059824514060881295
2 0.730550003441103 0.6415103047490702 0.12809124525034732 0.13863446856846862
5 0.7730000518827698 0.8272364237008649 0.1626126954306426 0.196821553969468
9 0.6051684968626743 0.8829567405941858 0.07403854507005203 0.07953770057864595
9 0.49524798299496603 0.8646134630915958 0.06976861915824661 0.0637307640608813
9 0.5583844158406257 0.8890462288073615 0.053779943246440975 0.04737801798982266
9 0.534487421873004 0.6183805681373025 0.10170051149288195 0.09448313120299856
9 0.07920064660772605 0.42059875180967754 0.13631124762517366 0.07268305986288026
9 0.5197910753450958 0.49099669019059633 0.07013229507005203 0.0793557640608813
9 0.4039966218626744 0.8923264712590648 0.0895271666031251 0.07440607164970459
9 0.5653307360111551 0.7254599658835088 0.08521178120234385 0.05664601013193993
9 0.7002286569131949 0.5148541728734228 0.09892911569131946 0.05923591294411601
9 0.3686268225195316 0.42276044949509395 0.07644626495980911 0.09915991883752828
9 0.30796629879709236 0.4206976530204459 0.05423453813619794 0.06690926798982266
9 0.19768210901757846 0.38672937551785597 0.08675740382751745 0.12305226013193982
9 0.28416838893719665 0.5743149586447984 0.06995045711414938 0.0715432640608813
9 0.3271834149391498 0.6163044535788285 0.0697686191582465 0.0637307640608813
9 0.35974929058051264 0.5453765715483879 0.09611389342673626 0.10592897642635135
9 0.2883961214119364 0.7559555836447984 0.053461726823611055 0.03370614298982266
9 0.35891318911232706 0.7614697888250348 0.051826818246440975 0.047287049730940556
9 0.8705361210565108 0.4815038252212196 0.0912075346692709 0.06277828990858669
9 0.9051005811868493 0.4124380999318966 0.06213795711414938 0.07117939102535198
9 0.1590531071888025 0.4911787714543847 0.10174597098185773 0.09643625620299834
2 0.6538699089325957 0.2031969755510692 0.2751211341180557 0.16889458798464274
2 0.7271591889475264 0.28581413410186446 0.14998475565112868 0.15721324441617412