9 0.19240197595552921 0.23462201582662606 0.11073001250242459 0.06875064724312141
9 0.258748640347191 0.17697994752799517 0.07720802310833819 0.06349147357399065
2 0.727498156829864 0.33915723141485465 0.14624474318710812 0.14611627842176622
5 0.7374238587166765 0.15073869510301352 0.18618395909840335 0.20614253583614006
9 0.5625993630713778 0.10760251302163049 0.0848211522758131 0.08521459980971957
9 0.45764868712554696 0.13349884453326605 0.07752688750242465 0.06739772357399065
9 0.5157243630713778 0.10569250313579873 0.05867330492607925 0.05105646986680373
9 0.5388620009603784 0.37721667000842024 0.11132780265511522 0.09992106349787844
9 0.12567557218190403 0.6095490785644766 0.14504916288172676 0.08377544591225217
9 0.5463751223667059 0.5050269818905557 0.08075547007877004 0.08310230731923363
9 0.36254351345068003 0.11307726226160257 0.09785529848764041 0.07795918602642052
9 0.5503618943274393 0.2677007368334716 0.09072046591129501 0.06209543479069146
9 0.7205222729332347 0.4683237902076678 0.1045517731083383 0.06460564600739249
9 0.4098354515366054 0.585115076615196 0.08836859924624485 0.10482543355496254
9 0.35008573752182126 0.5924136055126634 0.062220751896510995 0.07066730361204687
9 0.2473870816523357 0.6339747288969204 0.10200053561076283 0.12874043602642038
9 0.2997235208494972 0.440471097480425 0.07816461629059723 0.07521022357399065
9 0.33487993202193955 0.3942112098852848 0.07752688750242465 0.06739772357399065
9 0.3795225589184505 0.4641622597901446 0.10837814583737426 0.11148064600739249
9 0.2731775765244825 0.2583529700089671 0.05560415454677703 0.037305011121560705
9 0.34139748864518027 0.24750631796509326 0.056560747729035965 0.049023761121560705
9 0.8935132983125369 0.4889990347890508 0.09901126250242465 0.06827314477166357
9 0.9388136233149613 0.5550836265665322 0.07035211629059734 0.07489188859301876
9 0.19140447710313407 0.5324155521384671 0.1114872348521585 0.10187418849787844
2 0.7277158852557064 0.7829974321278594 0.29348634053684197 0.18520860056974753
2 0.7857319755931991 0.6948431750934995 0.16737031515753986 0.16644336587419617