9 0.29295527740863964 0.6724961096511959 0.11613374460132919 0.11120085085908249
9 0.3800177378875989 0.7619982134788399 0.1530160317691035 0.2007292189616776
9 0.35510901545773466 0.4497541108386204 0.238077398209672 0.19156113749381398
9 0.6883963756921381 0.22260102329420672 0.1276254067691034 0.1993985526908192
9 0.7563772709717619 0.366014629976841 0.11230319054540439 0.08180161691517052
9 0.5656099456326145 0.35543563503632336 0.14783492635658924 0.08950345290558981
9 0.4657416226467336 0.15784217054041585 0.13383703153839077 0.11407520635429236
9 0.571649936381045 0.08272295270937713 0.13513811690199384 0.16475409741038016
9 0.13274393121308678 0.297774118753093 0.18977615090900735 0.1364725067838337
9 0.6691941394195278 0.05827634448567644 0.12008946059431569 0.11655268897135287
9 0.3195874007129029 0.5682169451046886 0.13761811960132908 0.11232679924211664
9 0.09769673426541285 0.4848010459069856 0.1415738355943156 0.14367915818602883
9 0.7654530083633272 0.4311884201170605 0.13644219617478792 0.06360103318602883
9 0.5129861206395361 0.4669560203256452 0.10761973897194554 0.13022030613952174
9 0.47579805578626977 0.65115561892345 0.11097587523071262 0.0914648829712581
9 0.46233715973375983 0.7469057708625719 0.13043142928663742 0.12168298846646808
9 0.7555329975659855 0.6433542274440068 0.09527517928663753 0.11984052747604856
9 0.5952369736987839 0.7565981046484991 0.0943990457272057 0.10616865247604856
9 0.49886156692968037 0.5676401642367233 0.09855561960132919 0.11027962036387295
9 0.5754715087093961 0.5704841029241479 0.06693013379014423 0.10278250226127783
9 0.3556651170173501 0.18320788034341068 0.05899247185308254 0.10041994148562916