9 0.6779397237449236 0.2437396961289427 0.12872862816076092 0.12125432426865135
9 0.5799064909791432 0.17521702212255874 0.17953311420265838 0.21383531351347362
9 0.6465064717031179 0.47547478998029 0.2614392022655967 0.2133140493083665
9 0.3466073430809319 0.7713996519913513 0.1557201283914733 0.2075668354292186
9 0.2599537255214084 0.6470765477902156 0.120991824104836 0.09185517349758765
9 0.4503077170773332 0.6144898021543308 0.15689904572720592 0.10418757812397006
9 0.575949635647377 0.7849549299961761 0.14668223897194554 0.12742052658184266
9 0.48094951323135615 0.8822092375239767 0.15762378739848693 0.17638501927659433
9 0.8753496134759121 0.5729292131758951 0.18346559415374708 0.1534248062082253
9 0.39018016367893815 0.9286652490899333 0.13899490090900735 0.129237283887091
9 0.6651964422065328 0.35126384690000645 0.15046332703488408 0.1255355854292185
9 0.8972559463708922 0.3833056285574554 0.16223154302787046 0.15695604504765814
9 0.24241195153885048 0.5859281214507828 0.14355319054540439 0.07859240158184266
9 0.4873020512066248 0.493861235799012 0.12607399753137727 0.1407173904212755
9 0.5003567406330741 0.305367627337168 0.12161763379014423 0.10162079849758754
9 0.5006303005490951 0.20976677810823177 0.14510459978313062 0.13324580965815475
9 0.224616859772978 0.37651265472978956 0.11152598897194571 0.12680687195546003
9 0.3676679056155402 0.2296461079571667 0.10686876734957584 0.11501993810808414
9 0.48795109693383065 0.3924010115700758 0.112978466223699 0.1190284638791479
9 0.4119422318429299 0.4064088631320608 0.08110265653839077 0.10871736810014121
9 0.6815551656053875 0.73531354150256 0.07303983266426739 0.10467475040538954