9 0.6725304139626973 0.27765487406557376 0.1093651146502117 0.11695786691517052
9 0.7678464245151804 0.36084664178922715 0.19982251927659433 0.15682262833513116
9 0.4542675862441165 0.3502774062913207 0.18960381391886305 0.242145974671658
9 0.2517908395947581 0.6944825199281457 0.19742619926865135 0.13132964439121908
9 0.40026737419334024 0.7560239166374282 0.08003414772652384 0.11346935775648759
9 0.37623054079106893 0.5651377664226575 0.08846030235290647 0.14903504353213637
9 0.17255018466227384 0.47431195231187756 0.11357819196340302 0.1347407098029948
9 0.10416660308837421 0.5841129982188631 0.16439353388709096 0.13935516734471176
9 0.2879424091931926 0.1353174906709602 0.1360512327503529 0.1925072831860289
9 0.07409055651844607 0.6832147310321364 0.14270460734496343 0.1265104689616776
9 0.5712967299126267 0.309492763454096 0.11169325081077885 0.1385446008590826
9 0.4714630326709226 0.09313023942674994 0.1430114346581548 0.14408859396167767
9 0.46468640726965227 0.7613548867865304 0.06485234273446683 0.13804111120519003
9 0.4827902323490826 0.5081651493939158 0.13071312195546003 0.11027131529820444
9 0.6634663981360323 0.4609415472338372 0.08976568080283576 0.11202802747604856
9 0.7576084552584434 0.44339383904162233 0.12135660003971527 0.13319702057864347
9 0.6751928155486591 0.7411084732570907 0.11878982041333241 0.09793841163473127
9 0.7767916254095085 0.5763557249246565 0.10508385348964455 0.09526877402734613
9 0.5828257563951815 0.4889713930334374 0.1110114123370205 0.09948210085908271
9 0.5903022798331965 0.5646273207810423 0.10265344155801359 0.06782266508343393
9 0.1901184243124856 0.36380269886317507 0.10056394886326192 0.059907806139521735