9 0.7111188272669574 0.5985726557774299 0.17104758973192857 0.0702703065629342
9 0.47261903863057597 0.41402997209978254 0.14142557832167002 0.09102732973932293
9 0.7922877621679114 0.8267457015841573 0.2851876950233003 0.10997087243454873
9 0.6508779063578916 0.8661061378014316 0.09780655550115336 0.13290505200390612
9 0.5106094877914502 0.7874843494746089 0.07951757417248517 0.09738512609210082
9 0.469885670897455 0.1928048794895395 0.2123009356876343 0.12582153685347242
9 0.8499333581410338 0.06980591351744761 0.2938590503146723 0.13961182703489522
9 0.6678318604720475 0.19209699135850639 0.08691521576922479 0.06636242353697919
9 0.793393564568787 0.22036939483059825 0.2177454522843738 0.09475337480937518
9 0.6425577894114509 0.29406862675928763 0.09005233247085487 0.0820328830259549
9 0.607829813787912 0.34069441608289874 0.11570981691141169 0.11187527189366331
9 0.8259272344289458 0.42140407485069376 0.2895379419114117 0.11592116641250017
9 0.7171833249301381 0.7115129596101122 0.2676095700233003 0.10956173703376759
9 0.3285091433916887 0.8492383504713972 0.28545455446385704 0.13922228794557334
9 0.1894630811655265 0.2656209174351127 0.09774597199300206 0.05491643047083339