9 0.42479175787591417 0.20825266890549002 0.105905246607368 0.17710194713985133
9 0.5375276146030704 0.49072412920736724 0.11961818534328761 0.15030383416315984
9 0.2256136166391014 0.10856583756950042 0.1659602667217972 0.21713167513900083
9 0.15642140221482012 0.20106334505756265 0.15022637005632145 0.1143539378376906
9 0.19495858583720369 0.36045693954576663 0.11147808540139542 0.08962054990733281
9 0.7468878005520239 0.5477088474508314 0.16972994091721993 0.22609129060517197
9 0.925788852243874 0.2043959545317026 0.1364036247094611 0.3067584480469006
9 0.796609905607452 0.35211112433443037 0.08245436201054979 0.09250373048862914
9 0.8028307970141224 0.2213540562763007 0.14043306591721993 0.22506822118646846
9 0.6943439947166065 0.35178561729989277 0.0986256652288584 0.10086186751193771
9 0.6410838483662575 0.37507741493960234 0.1337408514929388 0.12936509618646852
9 0.6207050094269607 0.14365230649325147 0.17687294649115248 0.28730461298650295
9 0.31905654856516896 0.17395208825469313 0.16546841183622651 0.27659972209351774
9 0.09497986470029317 0.525840136685618 0.18995972940058634 0.2992435757680485
9 0.6059494951524147 0.8078651140093862 0.07546131683801272 0.10394966197697508