9 0.38857292351115513 0.7747573305417138 0.08008139105190981 0.17285006554540439
9 0.5860609468781688 0.5455866719961255 0.09893074871727459 0.14480480991602085
9 0.15426774577057362 0.846526798657254 0.12568679141250022 0.2888848781607609
9 0.1226743500643235 0.7040869505698599 0.1369476804708334 0.102386173657254
9 0.20822299486909768 0.5672036937061651 0.09942917007005214 0.08242997185308276
9 0.8085353589222661 0.5520426328211538 0.13572354032039957 0.21737022478313062
9 0.9137159708607212 0.8923697823458852 0.16052482498967047 0.2152604353082297
9 0.7975244970532992 0.7492835248246605 0.0703141330259549 0.08836504279715784
9 0.7633245293477438 0.8719054480204892 0.10460991878732662 0.22122700879014423
9 0.6973696081855909 0.7194627660345163 0.08603005200390612 0.09327258829365093
9 0.6516521921285161 0.6824043539820983 0.11787102536059058 0.12066580428663753
9 0.5580881126493062 0.8746447563215215 0.1295930414125004 0.250710487356957
9 0.2745196787115458 0.7762244197236072 0.12332453101171903 0.2711815912236992
9 0.15618915938333366 0.3844497262481547 0.15693679141250028 0.2908874691537472
9 0.7493230067432293 0.2703429480204892 0.058959058937760656 0.10323907117478792