0 0.2530370651179668 0.6998886180392989 0.27093121018452526 0.3666492570596289
0 0.756485036173994 0.30993806504053595 0.48702992765201203 0.6198761300810719
0 0.4483348583278672 0.23131662303723705 0.3417547035015548 0.4626332460744741
0 0.2941237564006219 0.18590875626820616 0.36949751280124377 0.3718175125364123
0 0.10737879222168001 0.5671763924354226 0.16652479575728002 0.31486596512915477
0 0.84328260825728 0.7869623696894842 0.31343478348544007 0.3882263918576496
0 0.767922647366883 0.6721901503538141 0.13906911173993963 0.11128632406292782
0 0.6644166539616196 0.6585721698509276 0.18307911156347156 0.2977993113286599
0 0.4474674960055834 0.7294470999113812 0.368737920580812 0.5059821931904331
0 0.6709044239752378 0.36687458325158734 0.16093146029040595 0.25230913499587637
0 0.8996791907532513 0.21900374125859753 0.20064161849349738 0.34385778899422687