0 0.803470822169781 0.30688332574470134 0.26925103486185664 0.36245885639323716
0 0.29782933676806606 0.6886875615265156 0.5334801166892961 0.6156563730530311
0 0.636397306846836 0.7708145069607011 0.3387261128962744 0.45837098607859783
0 0.7927268617729153 0.8186735840588042 0.36686734622637474 0.3626528318823916
0 0.9374397697018924 0.4410283982405777 0.1251204605962153 0.30894975999587637
0 0.19058847500727374 0.19844567192841245 0.3382082000145475 0.3956410809247012
0 0.2912935837239502 0.3221820231258558 0.1394687136403312 0.10927636892964954
0 0.39584551800473083 0.3378893326896084 0.1801648295564754 0.29751516066226813
0 0.6077996803126552 0.27293683005014463 0.36634878865487863 0.5016781322574847
0 0.40600875646268464 0.6294837092566599 0.16071345682743932 0.2501855195960414
0 0.16730847313500866 0.7725716621303917 0.23608784849733871 0.3381120742607835