0 0.24842289976170928 0.7449470504337388 0.19329562702694725 0.3440467959579183
0 0.7442846601073785 0.25340428410506577 0.4703127790141792 0.5068085682101315
0 0.3773698954968818 0.23139021630444714 0.24005846590609514 0.4523942705103365
0 0.21858226511929296 0.21912997667497175 0.2930413697216989 0.35824255474806277
0 0.06870796164950597 0.6593689273601882 0.13741592329901195 0.2984496452796237
0 0.8672055595629861 0.7257785288851952 0.24197749898240728 0.45056630744739823
0 0.7514961155685167 0.5927258260774251 0.1206406696422686 0.09357237816076092
0 0.6478782147974529 0.6052187837416927 0.11623736201106105 0.28838423041251415
0 0.44383767553277303 0.7265714817275736 0.25999881899035027 0.477083389880953
0 0.6148549279651098 0.3176203790143949 0.10568762276623889 0.24283654572720592
0 0.8771384126431221 0.1279997532415088 0.24538225547687675 0.2559995064830176