7 0.4232347021043835 0.17871507074797083 0.16274907389756965 0.20545061690199373
7 0.6550590716438798 0.555438114006554 0.17428435291571187 0.11452987546142523
7 0.4363813434422307 0.3282164472129949 0.05427999762517366 0.06978562230066454
7 0.6949252778307291 0.10321398056247873 0.10365363649288195 0.0963521707272059
7 0.30325634261024303 0.038993931213086794 0.09270606477951393 0.044945111041897606
7 0.4480050918993919 0.543147511178019 0.10201872791571187 0.10989888379014423
7 0.5573329993844613 0.636219241590533 0.04646749762517377 0.069284974552418
7 0.672860411523871 0.7570727887827629 0.11705275455902786 0.08550955428663753
7 0.7641434840434025 0.32281388417082146 0.06781549415824673 0.06480238086009615
7 0.4168654745699213 0.7044811815591558 0.04896613649288195 0.09284763648947969
7 0.35145933332738666 0.6572569256990597 0.05791349069131946 0.0583171961747877
7 0.32393456188446135 0.6212623901116656 0.08153282864722233 0.06763163941952754
7 0.37237709774114536 0.5989382325696762 0.0426521666031251 0.07294090067829462
7 0.03001932774574634 0.4954169773671097 0.06003865549149268 0.10802145473421942
7 0.5060281487482633 0.697480737195461 0.07526431824644098 0.04967802860834292
7 0.747148167270312 0.7168444864225749 0.07930694671336802 0.055787727482465854
7 0.763659627305338 0.6797598444190681 0.053507186312586885 0.03658249730066454
7 0.807376825847482 0.734396381471486 0.06372740620234385 0.05673955698597277
7 0.6747737926257376 0.46476769644010885 0.05786803120234385 0.05636407117478792
7 0.6123679776555988 0.2886371905800127 0.030615200180295066 0.058518054055924695
7 0.5148448400706159 0.4447387926010534 0.05582398722439241 0.05233265923772623