7 0.6058843987063864 0.81072804941165 0.19268106288657583 0.22138014773388504
7 0.3742809433888822 0.44230422460857494 0.1874597390196333 0.13364895493092843
7 0.5927112731325841 0.6613937030101716 0.06433330909355406 0.07509546591129501
7 0.3328253487088111 0.8979002624903016 0.1153934848521585 0.10642502083737426
7 0.7221945381053221 0.9349312107713189 0.09777574356156116 0.033202802655115216
7 0.5811128225563571 0.4470482189190421 0.11650951023146083 0.12009689583737426
7 0.4715787127041986 0.35768244316528697 0.056361376896510995 0.07250461212312231
7 0.3558265859949142 0.24031521930561806 0.12826819886694263 0.09777542121667648
7 0.2639485443444114 0.6803658121134241 0.07573319469946771 0.07214580909355406
7 0.6129612573988172 0.2832250283870492 0.06413393826102887 0.09642040871425195
7 0.678550215923418 0.3280076016801894 0.06728296591129501 0.06369558030538136
7 0.7050169276672382 0.3632037903156714 0.08956450189651077 0.07521495947285628
7 0.65680656213767 0.3868005613402722 0.054727116290597344 0.07625142992607925
7 0.9803682587215257 0.47632657515328236 0.03926348255694867 0.11591172007876982
7 0.523356655694382 0.293488596951035 0.08031711212312231 0.05699910568468358
7 0.28081051383725597 0.2847784446873448 0.08665478371425195 0.0633367772758131
7 0.2652053219825546 0.3224258630592549 0.057716711743820204 0.04157347651720866
7 0.22062244186682428 0.27003016059863993 0.07118921591129512 0.06401444469946771
7 0.35321479585434634 0.5334831789657009 0.06517040871425195 0.0615830231083383
7 0.41565440438379636 0.7082880276381431 0.03993921591129512 0.06146352954677692
7 0.5146265341129508 0.5478332049066825 0.0628984193201656 0.05751734091129501