7 0.8268965859609841 0.5067428741882476 0.21508870378390332 0.18381944059443
7 0.43392213550091924 0.6925681541557343 0.1255862235151728 0.18444601304829877
7 0.6772550103068045 0.501946746040877 0.07372519731269422 0.06268898677523316
7 0.880079089514231 0.7881249826749359 0.10195973673993963 0.1129959472774007
7 0.9650460134894687 0.4060230056418098 0.0348709472774007 0.09740947365634711
7 0.46350157938389436 0.48753727584954265 0.11551785516284974 0.1118391183170293
7 0.36176935579813435 0.585478828572142 0.07131704600433508 0.05476273019814348
7 0.23148930655819472 0.6856771609269389 0.09287665120247846 0.12414591439195166
7 0.6561907803557162 0.8299579894637872 0.06854836177523316 0.07406646704396369
7 0.30579109579132524 0.4362170490281781 0.09498205915851465 0.06003405912322113
7 0.35728286875819926 0.3765040851668785 0.06212020388978412 0.06395957231269433
7 0.3958142009718219 0.3542513976315849 0.07325090781486188 0.08796585519814337
7 0.4134212207560317 0.4052505291910279 0.07499578285015551 0.051083993352323054
7 0.5445998684582037 0.07091434158514717 0.11392526308359252 0.08449536831702942
7 0.30544110574519395 0.5263451904709027 0.055217756506502624 0.07912954600433508
7 0.26605842176314715 0.7651007299687351 0.061304644660682306 0.08337706573560455
7 0.30111054678079396 0.7857599141448965 0.04029455915851465 0.056848874964706475
7 0.24403415866190792 0.8235903549863819 0.06050834862105359 0.06970519073560455
7 0.5222301717102068 0.7241681442018657 0.06016707888978412 0.06384581573560455
7 0.7020025335030868 0.6827053019284937 0.06052761181052668 0.036615822312694224
7 0.5549957110315713 0.5653769731269433 0.056147072312694224 0.06166517758142476