8 0.7332226538017802 0.2479826202263762 0.5016015576035604 0.4791238301509175
1 0.8016400549899391 0.7345103540936095 0.39671989002012187 0.40573317166921585
0 0.3107424240956211 0.632907108358437 0.4024465094101307 0.24903997666127298
0 0.3808211142092424 0.8390497504053894 0.44094527671033623 0.32190049918922115
0 0.1339365551321025 0.46099579849758754 0.21232024581711206 0.1813140269872322
0 0.37291582452375205 0.4583361216493584 0.1748560672050654 0.12405974736084946
0 0.37957768345927545 0.38233470626779803 0.2471216922050654 0.1253211485373027
0 0.132228827850925 0.3711861404212755 0.2399458621670093 0.14080978084255102
0 0.14576973940061666 0.2484631386963108 0.15748022480971957 0.08081826197134606
0 0.33210418726214946 0.1033836931795714 0.25700336958138303 0.1762387662320544
0 0.3626826667769344 0.30299450030198255 0.26485898469555136 0.129534225850494
0 0.05712971530390178 0.13273937347773002 0.10948440589322421 0.14829124695546003