8 0.7617781802389265 0.30026658838280723 0.47644363952214697 0.47291419712140625
1 0.26641331561769416 0.24690560258358904 0.39302904150345974 0.4179812246513534
0 0.45063742610715807 0.7551956629268767 0.23559504980182955 0.39143016028517996
0 0.21811125987173052 0.6991089433890594 0.3449409113169787 0.42433245453692425
0 0.647654220716701 0.9091174094370219 0.17466014834497035 0.1817651811259562
0 0.6119462227854879 0.6790505571205132 0.11775266390441375 0.16948446844716702
0 0.6848329821211538 0.6666623126944455 0.11556412448715747 0.2431569152288584
0 0.7357814134031821 0.8978731011174712 0.1328462515617499 0.2042537977650576
0 0.8533826185372178 0.8911824129514647 0.07389592012819124 0.1547610507464694
0 0.9411518648921673 0.6930968781512693 0.11769627021566542 0.2506141361478649
0 0.7643785415092652 0.6780530077798209 0.12095036411419535 0.2629613168380127
0 0.9574384587761835 0.9603692999955342 0.085123082447633 0.07926140000893156