8 0.7357577201635852 0.2565207871461859 0.4910466903271704 0.48451284738663947
1 0.7992807895822887 0.7485737264110932 0.4014384208354227 0.4047966036548454
0 0.30499450361838554 0.632263806825361 0.39887775997754193 0.24769415165567032
0 0.37008009787492147 0.8397660193981855 0.4351500932336525 0.32046796120362897
0 0.1310237463619914 0.4555014153634227 0.20919521188430773 0.17973845886094852
0 0.371155814420121 0.45956183425666 0.1721292323027277 0.12402801646193828
0 0.3802486862454486 0.38470750255633007 0.24627977767481424 0.12423443652651556
0 0.1308160209779672 0.3657429105633403 0.24103424432603632 0.1416420711266806
0 0.14803760673336908 0.24429772952940215 0.15688865086071568 0.07870833052898973
0 0.3392454244538081 0.10450134542387644 0.2558655980005671 0.175243007059629
0 0.36381452381494905 0.3052081291233816 0.2639943119306414 0.12865215772602068
0 0.058984391558554894 0.12463811873179384 0.11442214246560417 0.14771373746358768