9 0.24552171447893736 0.7206224418668243 0.12171849989411926 0.12073462462554696
9 0.6019353983551033 0.3964822797582494 0.16502851962538867 0.1301015079604967
9 0.20449736916407546 0.8016573212215257 0.14297536173993963 0.11858212879302177
9 0.5894841283591321 0.12170957540112343 0.1489292301275562 0.15405724318710817
9 0.7222869967643955 0.11586968620153736 0.1648010064712091 0.12619525796049672
9 0.7556896514142399 0.165694181846836 0.19168973016284996 0.12061480871910102
9 0.840916628447366 0.23544834681230017 0.18006547355046632 0.15465503333979885
9 0.8800369180157857 0.3387246623442931 0.13207217096904156 0.09825371780780601
9 0.8175878098290928 0.7202219273049081 0.1373434998941192 0.12201008220189236
9 0.6850895073359018 0.8556057952926669 0.13218592754613123 0.10020684280780601
9 0.47918528023218865 0.7014292197164398 0.18442674985882568 0.16278639773388504
9 0.6274993920603622 0.6988179130931991 0.09750396704396369 0.07210587045807215
9 0.39274459595014644 0.6188203100539325 0.08680902623777209 0.0887274022758131
9 0.27238336594611773 0.8827516250121229 0.17566567086316076 0.2126110545516262
9 0.4095465993798657 0.7683538661154936 0.19328232224210717 0.14795855871910124
9 0.7485825991857509 0.5909571966202245 0.07842774335232283 0.07832404848764041
9 0.7695725102185705 0.4327341023024835 0.08876215123777209 0.08888683447285628
9 0.6171824248046369 0.5390204661227673 0.08440087492941295 0.08075547007877004
9 0.6269934739386959 0.3200313178272027 0.12448718412322113 0.10152223901963331
9 0.5927087501764678 0.23481142388633927 0.1509016183170293 0.12117298258119452
9 0.33843689206036226 0.6752219479308101 0.11438028939195166 0.09486570303441733
9 0.17870495102476225 0.4021637037954464 0.08440087492941284 0.08075547007876993
9 0.17542527347863093 0.4921668859924896 0.07911028281486188 0.09004279848764041
9 0.15387529987522414 0.5757726498176227 0.11574536831702942 0.11830320303441755
9 0.2169537143554098 0.5877901337215257 0.064755868352323 0.0772080231083383
9 0.3560420892848226 0.5245722053175044 0.06073586177523316 0.07493603371425195
9 0.26536442814612227 0.5652493189505616 0.10048090123777209 0.08984342765511544
9 0.09077853348544 0.631456842807806 0.09748470385449057 0.10514956326102887
9 0.8893195332030913 0.3983547216250737 0.135750907814862 0.09466633220189236
9 0.7841631581501509 0.3338421721891778 0.06636772362105359 0.07150808030538136
9 0.3810703588043306 0.2970131734997633 0.09968460519814348 0.07617155265511522
9 0.5350644904520075 0.38219280646026005 0.08371833546687402 0.06903672007876993
9 0.5220866090690324 0.5881677778617385 0.1022065130835923 0.0860966098521585
9 0.14424360592166188 0.7074491551205795 0.06509713808359247 0.0830673981083383
9 0.27298794137088905 0.6365184121328207 0.08671453285015551 0.05373058447285617
9 0.62041485565696 0.46667512502424585 0.14195155254613123 0.10100400379302188
9 0.7775093096702717 0.5491642187803072 0.07647461835232283 0.07816461629059734
9 0.7481092209677932 0.6664713735143108 0.06614021046687402 0.06760183030538136
9 0.5140631252647019 0.3216061539972204 0.09818650650650262 0.08382462045807215
9 0.8422688231420936 0.8860979282531636 0.08199272362105359 0.07278353788172676
9 0.8911992505646973 0.6693208613984623 0.09187210519814348 0.07553382386694274
9 0.6890411814699607 0.6361383504059726 0.07234085519814348 0.07393950189651077
9 0.8112715859609841 0.5254276625315196 0.06614021046687402 0.06760183030538136
9 0.728405513542409 0.4656782708616201 0.08094965123777209 0.08824910568468358
9 0.2946498489916362 0.34883105512542867 0.08337706573560455 0.06317734507876993