9 0.2177602315597526 0.38107322580164915 0.10546210351690644 0.09688491168045399
9 0.6413446639746734 0.5977189565762542 0.15030439477166357 0.09545450001988542
9 0.15902222514325723 0.3134297408100011 0.13045480979069152 0.08741473335056738
9 0.6919651283763838 0.8645811915679023 0.12626669344079433 0.12836217834977193
9 0.8238590920645426 0.8376678798834712 0.15030439477166357 0.09545450001988542
9 0.8447615000492108 0.7798347890476192 0.18271168231923363 0.07630960335772619
9 0.9011567273303883 0.6893774190404603 0.14532044096933627 0.11687069501909009
9 0.9211588333187528 0.5817737307050059 0.11216043108350471 0.06963206834818125
9 0.7772409905898694 0.2330286532264822 0.12288106102642038 0.09318320168284011
9 0.6171576778520188 0.13728144324875388 0.12200563982874768 0.07169882668284017
9 0.4508370108372338 0.3383410532702302 0.16517002595030839 0.12491046168840814
9 0.5967609763789862 0.3024795924172765 0.08988021863107476 0.04985082501193128
9 0.38521501045721995 0.43964288077858205 0.07317751482874768 0.07113066000954493
9 0.2068273492875422 0.21819182830403544 0.142166913307598 0.18320876501829464
9 0.3668095207230656 0.29246602661522964 0.17804606349787844 0.10553829835693074
9 0.739284398432374 0.374028643230857 0.06699980484777557 0.0632499800087496
9 0.7967921800391499 0.5197744015555733 0.07513063982874768 0.07115338667647686
9 0.623597401759547 0.45834323907943586 0.07285917984777557 0.06331816000954493
9 0.6835208997637902 0.6645790557368225 0.11239918231923363 0.07549144334818125
9 0.6690780681099912 0.7555243649049476 0.13834689353593443 0.08945876501829453
9 0.3195034566073227 0.39941132578772937 0.10239480608350471 0.06951843501352206
9 0.22615308046728083 0.7021122949653993 0.07285917984777568 0.06331816000954493
9 0.20227122338535086 0.6174695308024446 0.06552418231923363 0.07494600334181789
9 0.16138988507720597 0.5427855683084102 0.09960272851690649 0.09681673167965865
9 0.2210978075106078 0.514760018300456 0.053487097338261624 0.066997143340227
9 0.37139061444982746 0.5393658891132411 0.04754813859301865 0.06497583833943166
9 0.2724577012843929 0.5239233866267632 0.0887229310835046 0.06935934834499946
9 0.08774645560944426 0.5055746074852848 0.08162668479069154 0.0868465666772722
9 0.9187033250486638 0.5222602348723354 0.12168730484777557 0.06388632668284022
9 0.8340673690127294 0.6110940165500054 0.05707501235728962 0.059230096674090404
9 0.4477167155909631 0.7502913416017075 0.0919925111215607 0.05377980167886309
9 0.5785478865507855 0.6296848465846061 0.07620834363107476 0.04969173834340879
9 0.5191234485750844 0.43515641659375337 0.09247001359301854 0.06549855167886309
9 0.12152157790013579 0.4192848441478418 0.0498195985739906 0.07281106500636336
9 0.2636039661131405 0.45374724662835403 0.08338417366913076 0.03415764501113583
9 0.6432729081760424 0.52644125740972 0.1316120973382615 0.06790621001749919
9 0.7779705372632433 0.406765871558755 0.06504667984777557 0.06322725334181789
9 0.7216813926337432 0.30297821073364095 0.05691584486680368 0.055323846674090627
9 0.5730715192030098 0.6922189365850038 0.08848417984777557 0.06349997334499946
9 0.7624814420629019 0.06823958406273205 0.07254084486680368 0.055505660009545016
9 0.860968380038603 0.26231348071494864 0.08425959486680368 0.05564202001113583
9 0.6711024252383975 0.34651512740693613 0.06293438735728962 0.059298276674885964
9 0.8164361591739209 0.4209597757201189 0.05691584486680368 0.055323846674090627
9 0.7487996843642013 0.4998347557288685 0.06739772357399065 0.0730156050087496
9 0.3512144298969865 0.7231073624482978 0.07604917614058881 0.04578548834340879