9 0.6432229988612826 0.28286512954503673 0.09318577676776485 0.101460574104836
9 0.40579745960687297 0.6827348646640836 0.08889510820977709 0.14600696329365093
9 0.7135106896517891 0.2308554962163178 0.08235368693064116 0.12610022748246608
9 0.13679014892097155 0.708368686381045 0.12114336841898704 0.12079096622369923
9 0.1570189613051375 0.8412059193775381 0.08889510820977703 0.14600696329365093
9 0.21444393952614355 0.867296553052326 0.07059154151222125 0.17991159392303446
9 0.3008495788170753 0.9317198845226562 0.11072050634934483 0.1365602309546876
9 0.40888529546829744 0.9534596439299561 0.06457094804690056 0.09308071214008784
9 0.7654049942003908 0.8519361312407734 0.0879402434189871 0.11866321329365093
9 0.8683129591533484 0.701656056247695 0.06652407304690056 0.11923955698597277
9 0.6748109518969543 0.5177655102897765 0.11860121097725829 0.15960314234957584
9 0.704340361490472 0.6658144095030472 0.04596975362819711 0.08869106261535631
9 0.5767206649199793 0.4432732003737556 0.0687252073490614 0.07066175586009615
9 0.8070808849775419 0.2875193572582154 0.17812501655855484 0.13418628739848693
9 0.7246807325245843 0.4391136325904411 0.09773067762848053 0.1758044860418977
9 0.625266719700249 0.8010574462093962 0.0607080934653208 0.06430173311184939
9 0.4767176196539154 0.844154352055649 0.06879341197697497 0.07261488086009615
9 0.5469215897114781 0.6781372301010534 0.06091270734906118 0.07016110811184961
9 0.3368831544791012 0.7182680974298642 0.07008929990733281 0.10972425586009615
9 0.24645966514183584 0.6959090858250283 0.0826265054422956 0.13391272748246585
9 0.6193917871988315 0.3816987999261736 0.06584202676776485 0.09970830698597277
9 0.32092327154732586 0.2612368474298642 0.0609127073490614 0.07016110811184961
9 0.40708708314027664 0.2453221786291077 0.07235863883740712 0.06309957973421942
9 0.48388209289596196 0.2122427186115738 0.09493428788402425 0.09572636104189758
9 0.5084232715473258 0.27325239338778273 0.0660900360699257 0.05100534392303446
9 0.47750811308271396 0.42035096005214223 0.06393229718618498 0.04502080698597277
9 0.4975353816870355 0.324196653296882 0.06536459437236997 0.08603643198597288
9 0.5242931693492031 0.1417540937269301 0.084554821232802 0.07752242635658935
9 0.468353301026427 0.9525325474229426 0.05891618693064138 0.09493490515411485
9 0.3841612006424029 0.8723262665766898 0.056460820325752836 0.05428578423772623
9 0.26219004218760245 0.47670790406976804 0.04987600362819711 0.08894138648947969
9 0.377213621699682 0.6175686160137513 0.04737724160488854 0.073191224552418
9 0.5745567444320588 0.5766241960940398 0.06159475362819711 0.08969235811184961
9 0.609573432279561 0.18424543202058113 0.07181300181409855 0.047474579734219424
9 0.567609165489338 0.3218665455311015 0.030140139744456285 0.08183039211886323
9 0.4772229313627001 0.691209525366834 0.06295884618646852 0.1287548581118494
9 0.5914063576306068 0.8359139063422865 0.0606398888374069 0.06234860811184939
9 0.6979632701769405 0.7901260188492081 0.052554570325752836 0.05403546036360285
9 0.3144408031880277 0.6057509340277786 0.059505219372369966 0.08566094617478792
9 0.9310795960608229 0.8528092708910138 0.0531002073490614 0.06966046036360285
9 0.7321367760727606 0.9316518854051328 0.051556310116542825 0.08125404842654138
9 0.6561167850372309 0.7358023866394442 0.05666543420949344 0.06014515923772623
9 0.5751582228749215 0.8728733864087316 0.052554570325752836 0.05403546036360285
9 0.4994947710839897 0.7988438762689196 0.07047371846532069 0.06492754279715784
9 0.29400426541983754 0.3832576939368778 0.04158607123280211 0.07476886374123304