6 0.3671714676392981 0.8063622200325131 0.17378414772652384 0.11938557878390332
6 0.7326103941814257 0.815915949948308 0.18350579545304768 0.22921560509226246
6 0.28765364144298733 0.9251546775461313 0.2508424127424098 0.1496906449077373
6 0.1073717507156102 0.7931857202795682 0.18330124391092006 0.21749685509226246
6 0.23698404576326834 0.6482361477904061 0.22253420352935965 0.22953761163405884
6 0.257167478187662 0.2759855688300347 0.2551137885531888 0.30752959186749584
6 0.4535175639229822 0.3959302989046506 0.25450013392680615 0.27237334186749584
6 0.6587006894317786 0.6258756901532604 0.27554131391886294 0.24823403921548381
6 0.91192510095802 0.6797265451749359 0.15814926237673554 0.22968989459009492
6 0.11179109070751958 0.4832741380482989 0.22358218141503916 0.17748577609659777
6 0.06000634689588734 0.29557551967832907 0.12001269379177468 0.24349478935665814