6 0.3202949790639252 0.7376679542603668 0.1771448500159084 0.12742559193808312
6 0.6799761048894368 0.7742970532872966 0.19208941836408933 0.23759688797771172
6 0.2163014098802896 0.8686401745575819 0.25799568169158976 0.1984958615987653
6 0.08049583162596778 0.7021397171851381 0.16099166325193556 0.22462681562972375
6 0.21976722658739 0.5707886120575819 0.23115191836408955 0.23987201951950787
6 0.3089666874701718 0.20158238845417512 0.26524138337442993 0.3179777563300347
6 0.4811244024506841 0.33501274059318187 0.2648550300365893 0.2847746313300348
6 0.6412558732495492 0.5794203164061826 0.2840908333664758 0.26052157210093285
6 0.8892452474041521 0.6537835403272316 0.18039339503102125 0.2388674735151728
6 0.12072341539525666 0.39615364814334186 0.24144683079051332 0.19000082213622638
6 0.09521313330483085 0.20427310864550946 0.16102123169954394 0.2514017827442747