6 0.3796037691521278 0.19586031843712298 0.1725113251355732 0.11838258706427274
6 0.7447699664590306 0.1884379459255435 0.18097151321999583 0.23012014783992146
6 0.30325073807159436 0.07439305108003927 0.24896727385681128 0.14878610216007854
6 0.11984950710097733 0.20752093297744423 0.18089197257804934 0.21644827283992152
6 0.2459163220907146 0.35321135162315187 0.22001128732229697 0.2282610767181652
6 0.2574178738604559 0.7255417140157665 0.2536575673274284 0.3061730537646725
6 0.4562907050216043 0.6067538437086792 0.2514999092481369 0.2709144448207603
6 0.666542048818326 0.37802799921007496 0.27284792886194253 0.24860289320379436
6 0.920686920744166 0.3237057115014903 0.15558088821999605 0.22878948156906298
6 0.11395604325442876 0.5164217598091808 0.22791208650885753 0.17809398038163837
6 0.05980763222372215 0.704783505766766 0.1196152644474443 0.24277673846646808