1 0.4644451323194246 0.7883015154884538 0.41945678930806574 0.22856071258861865
1 0.4842499889013114 0.6534117799876291 0.4794573610897571 0.2225099467202476
1 0.2792749782138429 0.43986302949298983 0.31961532643483104 0.19446920592470107
1 0.787504352898716 0.3630408946118354 0.42072703528517996 0.21885191772189705
1 0.5129331827261789 0.36674659581958785 0.19079120390667037 0.13614457739488672
1 0.2770152401126429 0.2263652378592991 0.1950116692517443 0.11287756779472174
1 0.34508807890667026 0.14063415792387646 0.18874256683801272 0.10684770239488672
1 0.5517479353924638 0.9398943801957939 0.3840140031020931 0.12021123960841229
1 0.16147912441892232 0.6089353881299795 0.25029992080279084 0.178808276259959
1 0.5900410114629917 0.25691401911719614 0.21594974103343567 0.1056901992607836
1 0.8442195031266813 0.5469367601105983 0.1474537902288584 0.1017480195960414
1 0.8916541909418081 0.6399270679094438 0.17244807241194504 0.18044132092882492
1 0.23571931623234701 0.3187228995939795 0.1778432716654758 0.11822547159521657
1 0.8895649451099634 0.4985528259425571 0.15944569183801272 0.10599525039571134
1 0.6526074794743506 0.8171662932165363 0.38262056591722016 0.23138719005633002
1 0.7743778711715598 0.6491841573461035 0.18874256683801272 0.10684770239488683
1 0.14715919680627942 0.39021380319661864 0.2520754062622941 0.20419890125995888
1 0.12859872695333516 0.0690384009631753 0.12438495390667031 0.13421235286342273
1 0.8792855684382355 0.9653075489901033 0.2250324870105498 0.06938490201979342