1 0.40993498156767294 0.8109403662611985 0.3963095440908948 0.17026449699981727
1 0.4214194704196413 0.6723139753906395 0.46123580446385704 0.15382616780181646
1 0.2033826332867588 0.4975172208425256 0.29957042635196834 0.1521351773145836
1 0.7027055285198406 0.32281172404534136 0.39947579927737586 0.16068080851758204
1 0.42987344034385633 0.37968501007846334 0.17581269502330032 0.11133889526387963
1 0.18819052074011894 0.28414766620040843 0.18380233247085498 0.08835623655829128
1 0.24959740430071548 0.18508679331967226 0.17945208558274361 0.08231492504052662
1 0.5092011911073149 0.9575209499059969 0.3730783200233003 0.0849581001880062
1 0.10631397768942304 0.6926183108451156 0.21262795537884607 0.14091406017246655
1 0.500040247919602 0.25555190110381526 0.20815696473192835 0.07586694892376145
1 0.7708843062646118 0.49650878178895774 0.1366313345454473 0.0822667483451156
1 0.8243126618124048 0.5803380011848686 0.1464575430535986 0.16057368486288026
1 0.15315082467952235 0.38443661057605594 0.16486307832167013 0.09525905396946799
1 0.8124336501457251 0.43964342870772183 0.1484980835081513 0.08476568289840947
1 0.598692972750655 0.8030717566139013 0.35813503786711753 0.1801638818221709
1 0.7082194315210331 0.6121712171696939 0.1794520855827435 0.08231492504052662
1 0.09089085217367768 0.4717091609796454 0.18178170434735536 0.17388707195929076
1 0.04136989989510928 0.1554125824542934 0.08273979979021856 0.1233251649085868
1 0.8315565381003169 0.9373986957153091 0.20783182832167002 0.09726035566487923