1 0.21648634720981486 0.4564182120939795 0.1682882147699044 0.3954555613286599
1 0.3552150369540624 0.47021877655674243 0.15108506708193858 0.45939721512915466
1 0.533629886682916 0.25669714881835076 0.1501419423274284 0.29728784012915466
1 0.6986368136395441 0.7594609248804539 0.15853395271875392 0.39712453566226813
1 0.6472526762494606 0.4865273814818559 0.1103749394987581 0.17505748746358774
1 0.7464296080921198 0.24726663334569107 0.08698289129415615 0.18218802586424748
1 0.844438109506455 0.3106550150096086 0.0811007903964569 0.17811128546441246
1 0.05593872657556525 0.5523156635985155 0.10760498438371018 0.37025632719703094
1 0.33959441622636943 0.13486002812379397 0.14012633245273887 0.25403493946276295
1 0.7697206919591939 0.5584386398117529 0.07345873462919972 0.2071808399312991
1 0.5252120733237022 0.8237389805186807 0.08085080552176738 0.13514253546441246
1 0.43958137294263927 0.8739728296544331 0.15902125731716554 0.14522824079554653
1 0.6475922625128284 0.20924046161513432 0.09468176180566079 0.1628840963973609
1 0.5801381952495421 0.8663458492504745 0.08482523321486468 0.14697494573096925
1 0.22050687779936898 0.6440034572938971 0.17587345579291397 0.35662038186177325
1 0.41059064646051746 0.757914417721897 0.08110079039645701 0.17811128546441246
1 0.5592243936611485 0.1246518556176085 0.17313628732229702 0.2217979267284949
1 0.8783217092353086 0.09292795740861895 0.12167326039132575 0.10313284326325778
1 0.08223903858458594 0.8772447902644949 0.0949771984757484 0.2136653463973608