1 0.42705288479014464 0.30663310090677165 0.12949980484777568 0.07360695923668947
1 0.43821122533189694 0.3399584069270263 0.07573084115961681 0.04360267424606468
1 0.5835234017103362 0.27432287158287144 0.07692459733826174 0.07289954924606468
1 0.638326954086654 0.3204904615922466 0.09159459239534584 0.050829059613657135
1 0.4902840495713221 0.39126512388032497 0.07409605114058881 0.051244297950115536
1 0.5562923808451072 0.37568970481805664 0.12184647233826151 0.07682970405289336
1 0.5736135202938408 0.3437929425065404 0.05994667366913076 0.03832941387847211
1 0.37335685836413524 0.38385413848929467 0.05604042366913076 0.03798766128657394
1 0.6580604866913082 0.2756420723368068 0.10582355361204687 0.06569706868530067
1 0.34083351844024745 0.35533815922447975 0.0942639711025326 0.06857806090960628
1 0.5256459054175231 0.2970272854613436 0.07620834363107476 0.05532142424606468
1 0.49336293483716787 0.5389823758242486 0.1056643861215607 0.061790818685300675
1 0.582624717821836 0.5889955681545149 0.09151500865010265 0.04887593461365736
1 0.4355783152557848 0.37155015951892445 0.06189979866913087 0.03850029017442114
2 0.8121235518049295 0.47287272578860107 0.10630105608350471 0.07741581868530067
2 0.8117936289915137 0.3445158475487284 0.08003500988583179 0.05371005183796285
2 0.6429394880692005 0.4817941503881956 0.04675230114058859 0.04885202980682868
2 0.8638813643049296 0.46834450394595073 0.0577912660644766 0.08095641128657394
2 0.7922308517097894 0.5138148650440408 0.1095706361215607 0.062132571277198956
1 0.5008637463392894 0.4344414930485542 0.11004813859301854 0.07385132127719884
1 0.5458917039909668 0.6255307809255218 0.10128063365010265 0.049730316093402616
2 0.20768274400999487 0.647279880124711 0.13240793479069157 0.09721533553263884
2 0.16570384947618194 0.45886396530381973 0.1310550111215607 0.06401221053263861
2 0.09377479377269125 0.49749838890190984 0.1278650148287476 0.08124858294074044
1 0.3497933362631772 0.4790198441325817 0.06245688488583179 0.05217216517442114
1 0.46339292124414916 0.47692151896753554 0.12184647233826162 0.07682970405289336
5 0.3597728317002753 0.5555702145967598 0.033839794961944 0.01852989703113428