1 0.7448802551707749 0.5630139350993496 0.10024723620028242 0.15071047444878483
1 0.7674802851032593 0.3478073257005215 0.2073523985373027 0.24691528685347242
1 0.4129419023926216 0.2809854081959205 0.15572873579489288 0.08562254962908
1 0.2213118369514885 0.0959345050097658 0.44218047889503403 0.1664783850195316
1 0.6632245231319133 0.19114655727378527 0.2724631554371615 0.17424215947864607
1 0.30582856584240337 0.8554062763573786 0.4491989793004234 0.23302101348645854
1 0.3459484222773001 0.5254198868483075 0.37491204545304757 0.22738730290538234
1 0.5885373579489285 0.8336775897588546 0.10778700081077885 0.1352673124046877
1 0.7297809552502053 0.8164655902095926 0.09075434658978576 0.16610817700390634
1 0.9130076149025503 0.7838112451292107 0.17398477019489933 0.31677319196371556
1 0.5155997798249583 0.6816504231557297 0.15620602272652384 0.11296629962907989