1 0.36389550896247014 0.6986667790300428 0.2108710594746528 0.3071108943912191
1 0.48208718481536683 0.3680007646415206 0.1093583898686632 0.07974613297125821
1 0.32990943082973767 0.41290468043223805 0.11737560775648759 0.0840618187469071
1 0.8272522508208549 0.5084956870457148 0.057545245363872954 0.09456056648562905
1 0.8258482933359237 0.6660805058494074 0.188858279623755 0.37023335312036054
1 0.6953775914474014 0.5583806217475102 0.08477833135429225 0.1310474827564876
1 0.7095155833057862 0.34466697266337853 0.1564048874938142 0.234137061849502
1 0.5598055524946064 0.6227604555334374 0.1895997074281457 0.27288417995209713
1 0.3402117657463038 0.5152860519835356 0.10195532564431198 0.08714919719560954
1 0.42859061934680526 0.17424441146437442 0.2146998657277458 0.19434143911077995
1 0.6034243745766447 0.3136466057482081 0.1952709746716581 0.195270974671658
1 0.44676774225588434 0.5561232233706621 0.0995844598029949 0.11624135430778515
1 0.28818279483313225 0.21878591841856507 0.3178834986990041 0.30492813630638943