9 0.5213662576031117 0.9090310920168019 0.1367088646502117 0.12075185551582468
9 0.7529313986365904 0.5076032188583872 0.08990204849758765 0.12138028620597252
9 0.2954157010929038 0.3997769438248676 0.10737789772652384 0.11675009344716714
9 0.18496680549673422 0.34590175138118906 0.10980830965815475 0.1442304192517443
9 0.2160656097773001 0.50310108971482 0.12046032467404078 0.19569454827463018
9 0.8864378403972988 0.5940874770494284 0.14502285815574245 0.26178658292955603
9 0.7461559775713396 0.7916257986858504 0.2606421296660977 0.1801373812041862
9 0.42515942116041955 0.6067881169296403 0.16521174005560113 0.18907016677990507
9 0.6186161292565893 0.6548588376787892 0.236659158887091 0.14724847154926035
9 0.6093376765380085 0.5714207658970978 0.08706253348170145 0.07046246040139548
9 0.3244783685014115 0.7204036591699416 0.21413225547687664 0.30953548608975723
2 0.12102505935205311 0.3797056279322356 0.22944054281389706 0.4042415167217972
2 0.38219612063588476 0.17512270396701096 0.19579422280595404 0.3502454079340219
9 0.1573498133066598 0.7242683904612895 0.22040073356113177 0.3333827135034886
9 0.15383783836623247 0.9151760932773096 0.10895601156595663 0.09540229425174429
2 0.1807053150357436 0.10176112638118906 0.15010800426070836 0.10608288614786482