9 0.591958909506722 0.9678011043534428 0.12617253233030934 0.0643977912931144
9 0.28689285571653633 0.6202606163409716 0.07929753233030934 0.1140860505420136
9 0.7085464064557527 0.4486981501538181 0.09860146179719598 0.10798231350150456
9 0.8049344286912579 0.38017896559924613 0.09744395866309286 0.13515518720555542
9 0.8066932271867219 0.5410554636553225 0.10282779212833004 0.18627818979745348
9 0.1750114585799591 0.7254132898799766 0.12027135639323722 0.25014520016504616
9 0.35065521220870144 0.9034509032755202 0.24800507406292782 0.1541720369936339
9 0.6235123173158765 0.6730888392442118 0.14729502606210332 0.17458334460428215
9 0.44646741851331995 0.7481885325168973 0.22767820219703094 0.12511952403414317
9 0.4381643477823508 0.6636915286290501 0.07977307386507215 0.06347567683796274
9 0.7452671284466807 0.7733560432971052 0.18385112892552602 0.29272261663541643
2 0.872828712390763 0.40365232280948904 0.1904852253228868 0.3868143692273145
2 0.5753703818617733 0.22372400341712853 0.1585532637235465 0.3606428484921293
9 0.9060811529259383 0.7534445265088525 0.18783769414812346 0.31667274552326363
9 0.9494911581217321 0.9432146136318849 0.10101768375653575 0.0848865660934024
2 0.7588249921647423 0.13457393968026474 0.14301186559769086 0.09433434330833307