1 0.479177692774182 0.27552847238663936 0.1601463646502117 0.11593136579554653
1 0.6968147625794303 0.2740525322471756 0.2636861962241115 0.2321677827260208
1 0.7303973346143205 0.6322700291130725 0.09849866274240981 0.16294092653063919
1 0.8956943044791414 0.8053681692889486 0.20055277089815204 0.3892636614221028
1 0.8433574360770179 0.3934923371097736 0.19634957893474914 0.28877247806127837
1 0.14659552251970995 0.6816556541962062 0.26983262783772616 0.4724589878592991
1 0.4802901161683626 0.6747720444868044 0.25678429281389703 0.3959461320596289
1 0.19445475243233667 0.40389319279472174 0.1426705154212755 0.1212792695960413
1 0.22424374238865008 0.26518245249381456 0.17364778003177206 0.10656355172849485
1 0.27497163656595663 0.0958468436589692 0.33119327313191327 0.18532871239076304
1 0.3394583466890735 0.4910780200906806 0.12591059658978576 0.16764279839653606