9 0.4351052935955053 0.9005025658625045 0.149034967807806 0.1374610513519685
9 0.7628326801375516 0.581870565075824 0.10331593182259025 0.12429145020978138
9 0.35421197236185675 0.3308269227098206 0.1205751924285039 0.12171719087411548
9 0.26355141440378466 0.24336687862473128 0.12476036818710823 0.14920893983681927
9 0.25115451346280293 0.4044705526398804 0.14062435531023065 0.200878183613042
9 0.8664475070364871 0.7076531143473945 0.17306993561561201 0.2654501690908948
9 0.6808404017383793 0.8533863850991245 0.2757487833397989 0.1917068610023065
9 0.4239456844922529 0.5711935741608742 0.18295537652205796 0.1963216607925251
9 0.5959398557089294 0.6800034102564605 0.2499198003841514 0.16063399844986126
9 0.6088546695316379 0.5974687331294226 0.093470751896511 0.07501932832167002
9 0.2967133113887639 0.6496168786247313 0.24525568334464798 0.31750513278552717
2 0.19379692709343577 0.25553077878206737 0.27243967880272013 0.41273512241256494
2 0.5005973066353636 0.16030078915502957 0.23556961327072723 0.32060157831005914
9 0.15000991858338245 0.5978468034207554 0.22763761970916613 0.3394626431584893
9 0.10096196991578925 0.7794145822086282 0.08171206326102895 0.0974208355827435
2 0.32463713863790655 0.031691690349661863 0.1570867772758131 0.06338338069932373