1 0.3687866146250428 0.6842849365766441 0.10438098831649323 0.12168462334017516
1 0.4498859451010411 0.7238467552249641 0.13190657627239588 0.12965620462406857
1 0.36978753989548563 0.5993296805510688 0.08380417007005214 0.0766491188516798
1 0.5075956846049474 0.6356322861827528 0.11950593393776043 0.10029115193097127
1 0.32866071571197875 0.47849159690018317 0.12736389342673626 0.10228972872636932
1 0.49574463870290764 0.4316273087479737 0.07435676149288195 0.09026417910743234
1 0.456911069173741 0.33811593067381374 0.07013229507005214 0.07656957820973331
1 0.5347186692638887 0.3093467816942576 0.12613812025034732 0.13352836577751992
1 0.5741423956367618 0.41945404079399284 0.11669071167317724 0.14714342603327224
1 0.516590947831293 0.5428190783617795 0.10592497791571187 0.10411786128902456
1 0.2921171347852426 0.5802529485050498 0.11201165036059035 0.11391757513557321
1 0.448753540441536 0.5627423500970881 0.08017067700390634 0.08834514295398099
1 0.29473187191432254 0.4259617549794745 0.07081418740468759 0.10586645320973331
1 0.2115414049454423 0.4762436863311545 0.1675174211621529 0.14939198770335993
1 0.4711024622450517 0.483521476634168 0.09547746058107642 0.0747641715447771
2 0.25343695787664866 0.7738111751099164 0.07235817700390634 0.08829969115858294
2 0.16999972977031194 0.6668892698592954 0.10928571404800352 0.08070308718672381
5 0.04289892774058152 0.23117828320203623 0.08579785548116305 0.1157457076982285