1 0.39456074903003113 0.6467887536758451 0.12659784591900647 0.057229863466467856
1 0.40092536351242014 0.6114277857880207 0.07236113706865754 0.03298179698083881
1 0.5533784651506284 0.6297086167189577 0.07259322494189213 0.06412943803692661
1 0.601489339690232 0.5678352279809334 0.09034898948238901 0.039762402476048564
1 0.44540313966117817 0.5458528649378208 0.07290744028696627 0.04079429698083881
1 0.5129225279657553 0.5403683563728503 0.11905849752816078 0.0607266776908193
1 0.5335396921039635 0.5655584160178602 0.05659956126408039 0.030209800429541467
1 0.3314117864719234 0.5897732622408156 0.05282988706865743 0.031958207541717076
1 0.6270781360986886 0.6054135232942066 0.10288719430985216 0.052095306139521735
1 0.30251794658724573 0.6272879204836302 0.09157817172358351 0.057340527476048564
1 0.4933096054666485 0.6260458064802357 0.07513371689612058 0.044802905924751
1 0.4262128741998886 0.40285699909650363 0.10456716770069774 0.04829141508343393
1 0.5074380539692438 0.32659937528392824 0.08825928867781174 0.03770691853213637
1 0.39425322598336626 0.5816149635356256 0.05855268626408039 0.03031215937345344
2 0.7497759693433718 0.3674130858509923 0.10370664913731509 0.06381405613952174
2 0.7674023053504329 0.4910312401081778 0.07890339109154354 0.04305449881257539
2 0.5822785423609826 0.4112186666115724 0.04388371689612036 0.04316516282215599
2 0.802148372963969 0.35591151133731935 0.05192830476935528 0.07472223965389246
2 0.7248222959234722 0.33466642356576304 0.10847341770069763 0.04849613297125832
1 0.448544383166453 0.5009309899378208 0.10733974752816067 0.060112524027346126
1 0.46533651483103566 0.3025352640219525 0.0998414628732347 0.03636794719560954
2 0.1296382499754119 0.3862913550150687 0.12823675557393244 0.08066736346646797
2 0.11604895741998361 0.5806272925150687 0.12968464109154337 0.04571583135429225
2 0.050942613767206414 0.5661669627715562 0.10188522753441283 0.06689312952255566
1 0.2945889476778959 0.5041345340068839 0.059508716896120584 0.04398403437345344
1 0.4058760089419763 0.4710586831478012 0.11905849752816078 0.0607266776908193
5 0.2921711919586941 0.4273955322825326 0.032206030632040195 0.015309618102595013