1 0.6854072757669447 0.662505699078415 0.2962074827503529 0.20946170455647528
1 0.35042213169304504 0.5220412594825546 0.07211937195546003 0.10925518409355406
1 0.4009158182788592 0.6773145358101123 0.0781151146502117 0.11754598068468369
1 0.4791364402384384 0.1863623935785333 0.09069604809219811 0.0561620060639858
1 0.6363459567765943 0.1982201229405084 0.36213644581872195 0.1875386492559431
1 0.5331784116255293 0.32144672180017725 0.1262954931001412 0.08442241061076283
1 0.31912371854524574 0.2932467087239502 0.22702990158184266 0.1570065776599645
1 0.6019370043599961 0.461633041499645 0.26468474736084957 0.1912857894037847
1 0.5032503292367316 0.6739659761548786 0.08174862926070836 0.10223984507877004
1 0.15902798497999485 0.5629778130738025 0.18121175121616834 0.21372707993092832
1 0.2916848533862376 0.3973005382683027 0.18481117390297708 0.19646781932501467
1 0.5394612109338958 0.5696530289972204 0.11094322848964455 0.09877195303441733
1 0.20834055752368147 0.7064526233028385 0.28639788047687664 0.31788011137421623