1 0.6610978350608502 0.6072605737419048 0.11741643047083339 0.09777407304690078
1 0.7097912146198779 0.5274986626719792 0.123912238316493 0.12532243693064138
1 0.5762732760277773 0.6043681000561452 0.07208542007005203 0.07862724160488854
1 0.6292146682671003 0.4678632570443491 0.09438806587161475 0.11453374251193782
1 0.45147702721519045 0.6419022189286568 0.0945699038275174 0.12234624251193771
1 0.4241592730115881 0.474048180475274 0.08748312262517366 0.06940725362819711
1 0.3257529414434891 0.5096849743709524 0.07372032864722233 0.065023571232802
1 0.3061324054914927 0.43035710027800167 0.12763665036059035 0.11764634618646852
1 0.42014100731510384 0.3951512318590147 0.14108122791571187 0.1083581535818634
1 0.5368049066789058 0.4554779768702437 0.097930639959809 0.09904515176776485
1 0.5491097309577251 0.6814266352190216 0.10783264342673626 0.10524554990733281
1 0.5488629698202687 0.5243364819748487 0.08371325109210082 0.07513021937236997
1 0.3951083426360671 0.6741194883241935 0.1029717441582465 0.06409351565150567
1 0.43510031262113646 0.7585905888240518 0.14026459014010428 0.15711807395394972
1 0.4723509651659284 0.4996868147774347 0.07045051149288206 0.09223091197697486
2 0.7374036389888449 0.7246154738114052 0.08548453813619794 0.06738592400028365
2 0.6203736141743048 0.8057879843583059 0.07462951842673604 0.104086071232802
5 0.17174338799205652 0.9219586793365566 0.11119337955902786 0.08194445916315996