1 0.7128089234212618 0.6384080785345163 0.30947345516686786 0.2222747763704327
1 0.368256662001301 0.526786151485789 0.08169925797125832 0.11035006554540439
1 0.43457851226667144 0.6780019470976386 0.0880704276908193 0.12049117635658924
1 0.45997889670928255 0.1783890509297723 0.09466292542954136 0.06057011104189758
1 0.6165913055458094 0.17674583686323525 0.3708475067838335 0.20479558335640546
1 0.5271791030635748 0.3092221959786835 0.13125220064431198 0.09016677590900735
1 0.31356781292335534 0.3003997763704327 0.2363972636812386 0.16503457163621316
1 0.6101578478337355 0.4439863240240879 0.2752467407277459 0.20061577344038461
1 0.5341920397995056 0.6658930993563136 0.09115780613952174 0.10511650023071262
1 0.1834650214821399 0.5850205245593396 0.19835004805469214 0.21904679595791854
1 0.2977643593104819 0.4074214325627545 0.19938194255948238 0.20159383289498012
1 0.559709938940423 0.5585206903493001 0.11829683825169734 0.10296251734957584
1 0.2472195930840371 0.7243924082341275 0.311094588138126 0.3274932024963093