1 0.6860308157431156 0.5627705017027245 0.07057535003971527 0.1301370140608813
1 0.6509086576668035 0.5630861980428428 0.04231111810014121 0.07612908343652869
1 0.6501344287717695 0.406927166301725 0.07164208502382907 0.07944673231976362
1 0.5841081326072308 0.36970004212916724 0.04844322848964455 0.09202698821317568
1 0.5810613413114847 0.5305599498525203 0.04817049310014099 0.07640198821317568
1 0.5681834659060951 0.46360789029922633 0.07437932426865146 0.12445957557864595
1 0.5901671164744642 0.437310275276373 0.036179007710637645 0.0602311786598817
1 0.6375557132669447 0.6366226861012252 0.03806394886326192 0.05641589691876403
1 0.6176912114426921 0.3371122991596079 0.06235374695546003 0.10633564102535198
1 0.6779527409656678 0.6589953479083128 0.0660895373370205 0.09675195254311664
1 0.6541209659060951 0.4676104936900485 0.05406396002382907 0.07862801798982266
1 0.44327585632737065 0.5748824534718754 0.058481588879147894 0.10810682950758732
1 0.35916005630751313 0.5075397399693767 0.04649010348964455 0.09193601995429335
1 0.622826988632619 0.5754390332890491 0.03621309963432573 0.06218430365988192
2 0.3703871981517708 0.2563143610404353 0.0741065888791479 0.10883457557864595
2 0.4887266629451046 0.21596498733225697 0.052179018871204796 0.08244329973094039
2 0.43270191050864876 0.4163154554363462 0.045705989244822276 0.047014144954293347
2 0.3529333375595727 0.2067130058399356 0.07911366578694978 0.060279355355292885
2 0.34069332335446556 0.2881074780277593 0.06245602272652384 0.11219501602535198
1 0.5372353505443923 0.535349101527668 0.07026852272652384 0.1125588890608813
1 0.3414235749760233 0.5535505415099947 0.04669465503177206 0.10365476995429335
2 0.4641510125753111 0.8763914495429339 0.09411512581077885 0.13708800816746924
2 0.6559883542963043 0.8541018230428427 0.06084381696340291 0.13163529776646965
2 0.6515267481675093 0.9339070432661958 0.08034097503971527 0.13059185535529272
1 0.5594428165538945 0.6895790966164912 0.04988497463432573 0.062821081472058
1 0.5136735861365904 0.583040123291639 0.07437932426865146 0.12445957557864595
5 0.4845884232907738 0.7056080686495219 0.01815768770269477 0.03402183932994096