1 0.6825164009436155 0.6466082968583059 0.09502485541251415 0.11439733325611057
1 0.6105752988072186 0.7000154250329783 0.12261892928663753 0.11925844804690056
1 0.6673062316814338 0.5619883824978738 0.07859941779715784 0.07095115086071568
1 0.5381234278562217 0.6232669221959966 0.11292900023071262 0.0896887545352465
1 0.685663055209488 0.4360676200210406 0.12074150023071262 0.08996157304690056
1 0.5133252554332791 0.41957458746347787 0.06788196329365093 0.08616692309323426
1 0.5342857466431348 0.31901034767268793 0.06505270473421954 0.07242684346532069
1 0.45216718267811085 0.3052392772311011 0.1150567531607607 0.12289187953524627
1 0.4340985309962174 0.4203837498939775 0.104339298657254 0.13810765176776496
1 0.5127721477828548 0.5331286559751323 0.09767948604189769 0.09500249251193793
1 0.7396475526255091 0.5300997316371581 0.1041646707272057 0.10497273139567853
1 0.5827338949681631 0.5404730166842004 0.07349101441952754 0.08246528697697508
1 0.7093145280661693 0.37749556773025056 0.06289872185308254 0.09963418420949355
1 0.7996458108388715 0.41251229697413994 0.15474506284606893 0.13402159709351769
1 0.5466025794227587 0.4653924157308176 0.09202096892303446 0.06752233325611068
2 0.8121473926148968 0.7145088256718375 0.06580367635658924 0.0841455934653208
2 0.874825014454136 0.592912834066949 0.10399004279715784 0.07183781102359221
5 0.9230610444928945 0.1390468762643629 0.07914953153839077 0.10994544623280211