1 0.4694103071735384 0.2886125488870038 0.1621589934189871 0.12249553274427472
1 0.6872860516154088 0.2983667197325177 0.2696304868379742 0.24180588133003478
1 0.6962889797072256 0.6570399170805057 0.10331723411682647 0.1677972038544906
1 0.8501021993112635 0.8195125588408725 0.21535843760602247 0.36097488231825503
1 0.8257718989405947 0.4238584498600739 0.2052703756753811 0.2965319077089812
1 0.12517358167368017 0.6786338847421072 0.25034716334736035 0.48226776948421435
1 0.4427671482652134 0.68728719363592 0.2695685052106275 0.4074802365987653
1 0.17574399478937247 0.4036125129777117 0.14673860730272775 0.1274448551275562
1 0.21574277337123593 0.2669882563653283 0.1755580499073328 0.11547932878390343
1 0.27723833155784616 0.10323813131238792 0.3361483368843077 0.19305298652817812
1 0.3143445536611754 0.49779736481672304 0.13072918874473982 0.17134292093374792