9 0.1993725153088275 0.32421875 0.06019260010489069 0.046875
9 0.40412550389856905 0.345703125 0.057943477179483116 0.04296875
9 0.232001673508112 0.4970703125 0.057647479254075595 0.0390625
9 0.37025984337407625 0.5302734375 0.07626159699300206 0.052734375
9 0.28191180551276424 0.6015625 0.06424684906759448 0.048828125
9 0.2394319133973766 0.6337890625 0.042022479254075595 0.0390625
9 0.4461602458566206 0.2431640625 0.07490046784381721 0.060546875
9 0.3900510331992846 0.1728515625 0.057885200209781384 0.09375
9 0.3012152907225849 0.2763671875 0.065282841806521 0.0625
9 0.3999535477272371 0.380859375 0.04924298340326039 0.03125
2 0.7510038177038976 0.6962890625 0.19457481172493063 0.119140625
2 0.6000491820687086 0.5986328125 0.1567254419114117 0.109375
9 0.3861237175990068 0.6494140625 0.054925220955705845 0.0546875
9 0.28044292532047765 0.3759765625 0.05569435425407554 0.0390625
9 0.3245945137528832 0.3271484375 0.057943477179483116 0.04296875
2 0.23808766002906662 0.7578125 0.14142557832167013 0.087890625
2 0.3458818389742756 0.8916015625 0.09096946473192857 0.06640625
2 0.45552369841483226 0.9208984375 0.06679196991840963 0.056640625
2 0.46086392377614427 0.849609375 0.06365485321677933 0.041015625
2 0.6032556851747917 0.357421875 0.0792215762470776 0.091796875
9 0.21396036930067627 0.24609375 0.06454284699300206 0.052734375
9 0.1461795741782907 0.3310546875 0.047112720955705845 0.0546875
9 0.20802584155009965 0.1806640625 0.05809147614218696 0.044921875
9 0.14471761360135255 0.4921875 0.05682006898600411 0.10546875
9 0.16994336385777387 0.3740234375 0.05912746888111342 0.05859375
9 0.2742863991258453 0.3076171875 0.04202247925407554 0.0390625
9 0.3028590018239766 0.349609375 0.04202247925407554 0.0390625
9 0.4267309805535986 0.154296875 0.05039783662003994 0.072265625
9 0.49734178501745563 0.287109375 0.05838747406759448 0.048828125
9 0.5099799738169787 0.40234375 0.04876984803029827 0.05078125
9 0.30322553942306185 0.1611328125 0.056405210582743615 0.07421875
9 0.5450039473659251 0.4521484375 0.05238010010489069 0.046875
9 0.4672769299883106 0.3671875 0.043679606328667964 0.03515625
2 0.9034123410314515 0.427734375 0.19317531793709697 0.12890625
2 0.8520605840384103 0.5478515625 0.06981022614218713 0.044921875
2 0.7425364318064818 0.4814453125 0.08318610321677933 0.041015625
2 0.9261167658332811 0.55859375 0.06960395020978138 0.09375
9 0.21658525597896697 0.5771484375 0.037199096993002057 0.052734375
9 0.3545148296269986 0.4384765625 0.043058471993002057 0.052734375
9 0.37459321448131266 0.419921875 0.03885622406759448 0.048828125
9 0.36379275001161093 0.470703125 0.046224727179483116 0.04296875
9 0.43608751349646185 0.4453125 0.08617522095570584 0.0546875
9 0.15659777853725704 0.4169921875 0.0316648584032605 0.03125
9 0.16098062371789343 0.5908203125 0.042022479254075595 0.0390625
9 0.1758813514160247 0.6328125 0.055694354254075595 0.0390625
9 0.354422801095547 0.2568359375 0.06214572510489069 0.046875
9 0.40989861671324124 0.486328125 0.05433322510489069 0.046875
9 0.547431361008112 0.4970703125 0.06229372406759448 0.048828125
9 0.49876580421324124 0.486328125 0.030155730291371752 0.037109375
9 0.5290101032283904 0.51171875 0.06963308869463236 0.068359375
9 0.4254315881817897 0.3046875 0.06170172821677933 0.041015625
9 0.29511819476687906 0.2216796875 0.03796823029137175 0.037109375
9 0.2864211607983306 0.4033203125 0.046224727179483116 0.04296875
9 0.25605915457455325 0.4150390625 0.038412227179483116 0.04296875
9 0.27170103035542814 0.53125 0.04202247925407554 0.0390625
9 0.30576301064679995 0.568359375 0.029267736515149134 0.025390625
9 0.3272485389160247 0.6328125 0.03992135529137175 0.037109375
9 0.2865737728379333 0.6630859375 0.031339721993002057 0.052734375
9 0.3019173441549512 0.646484375 0.027758608403260387 0.03125
9 0.2548057764684701 0.65625 0.05823947510489069 0.046875
9 0.1993153916083505 0.439453125 0.04350246888111342 0.05859375
9 0.41885370722604465 0.6689453125 0.042466476142186904 0.044921875
9 0.409825770501114 0.5498046875 0.042466476142186904 0.044921875
9 0.40889291572839037 0.51171875 0.08182497406759448 0.048828125
2 0.716736714749345 0.7724609375 0.1840691919114117 0.109375
2 0.831337692709703 0.931640625 0.19667593568763442 0.12109375
2 0.7719096128262831 0.611328125 0.1592122857925251 0.16796875