1 0.41529361078183474 0.24859181330011138 0.15002541270858472 0.26346655632040183
1 0.5508393854596788 0.2992360325228018 0.15465648038163837 0.2404387837341333
1 0.4916259801854257 0.512686800310661 0.07243712262515078 0.15685075155104666
1 0.5622359028735481 0.6989504707983251 0.12753405840079957 0.16848737407920722
1 0.891131293108781 0.25834223381236343 0.1891819665868284 0.305123996607368
1 0.751229761703889 0.4965351190148474 0.07552450107385322 0.14149890316020086
1 0.10825881105957702 0.5339060809181132 0.15956140462375512 0.37116158292955626
1 0.13119562486057293 0.825631809107368 0.16461021313812602 0.3189735111478649
1 0.17921037992005534 0.6388419122966228 0.07676111346646797 0.12796360396477802
1 0.35595573482155274 0.5953330964039908 0.097418311849502 0.1508137370105498
2 0.9463845707551866 0.49449941157027566 0.07160994600818471 0.1781985507464694
1 0.26964201930857756 0.746120064220904 0.11374321432555057 0.23952381683801294
2 0.7467287716266411 0.825547861744599 0.10194702057864369 0.12583283942428114
2 0.7181733244310315 0.921565202089673 0.07738357219560932 0.10270955476935528
1 0.3559834534734464 0.9360858034608008 0.1152011547373264 0.12782839307839833
2 0.8607348392996947 0.857043334214652 0.10439533016686786 0.2096806386197041
2 0.026306353884429777 0.4080049535915434 0.052612707768859554 0.06519045235562371
2 0.021943641169659116 0.48474366367781185 0.04388728233931823 0.11011232735562371
1 0.27163666963691957 0.9278704958318447 0.0800449047373264 0.14425900833631067
2 0.39607504452334824 0.7275171657138428 0.07060296670039978 0.08472170235562393
1 0.3994999166115724 0.6434645028115543 0.09794671670039978 0.0866337636197041
2 0.07747492791796182 0.3171025136197041 0.10595562952255577 0.12805911603343567
1 0.2754985908536891 0.503454548904884 0.13759015010119935 0.2489752264929388
1 0.3840851361101767 0.4326363544497625 0.12558093340079957 0.16835079827463006
1 0.3840851361101767 0.43263635444976256 0.12753405840079957 0.16848737407920722
1 0.47100200206506515 0.6817892204831981 0.09967851368123859 0.15680968781512705
1 0.5551537221573818 0.5161489514594191 0.07778470290558981 0.14749485396477802
1 0.5599645925212547 0.4243520764594191 0.1326603106620774 0.22917082488378449
1 0.4947410772860218 0.8616142062332401 0.18414146313812596 0.2767715875335197
1 0.5855364745890166 0.7780109695624053 0.08508540818602883 0.13827553218308664
1 0.6441814040609727 0.7811316811997204 0.10973460538163837 0.2372975402288584
2 0.6252463485151634 0.9180075388722575 0.06927230042954147 0.05933107735562371
1 0.6318388462538855 0.9604891450540886 0.0800532098029949 0.07902170989182289
2 0.7417768204454025 0.9630874314902593 0.06556246325169734 0.07382513701948135
1 0.8239588054063822 0.7358746040139543 0.09863831411077983 0.21122403620597252
1 0.7937116321813332 0.6210432641292767 0.10295399988642862 0.21930968781512705
1 0.6933815920411137 0.6091267976935524 0.08549484396167761 0.14608803218308664
1 0.6389624469993967 0.6562887888722575 0.06215139783992152 0.1833750467235835
2 0.7236688362175621 0.4426603815439013 0.06452226368123859 0.15435132333273782
2 0.6345415988249473 0.4227060195333515 0.10810516734471176 0.16907474103343567
2 0.6051631275452062 0.5157253844761369 0.06998881303692661 0.07300295235562371
1 0.8571383642873229 0.4020062729505716 0.18630761109161886 0.28740929580279084
2 0.7771501406327325 0.33858461375604193 0.06823210085908271 0.1137454257464694
2 0.782407819567762 0.40658201737663924 0.036998710990419514 0.03761461448238901
1 0.9409747024822346 0.20497942812221542 0.068121436849502 0.14876509994189224
2 0.9659420850301375 0.38315075470231585 0.038636454093014416 0.06886461448238901
1 0.9786207873988007 0.30954659582291316 0.02760930150339469 0.1926354322411945
1 0.9833209937530929 0.18245689501833598 0.02742119374690688 0.11478358385034887
2 0.9316241201676603 0.6826345345588328 0.06207395409301464 0.07050352413731509
1 0.837125841674544 0.9757211483863799 0.09547349191517052 0.04855770322724018
2 0.8575741696369196 0.963346743529863 0.05744288641996076 0.0733065129402739
1 0.8866663267490952 0.9516416056130474 0.062466779737326394 0.0967167887739051
2 0.8964249957613726 0.718398683381021 0.08940109396167761 0.14636118379224117
1 0.7975694008652686 0.17338844358350497 0.1093583898686632 0.08159384344716714
2 0.10414234156097271 0.7433684712341333 0.0556004254295413 0.05837504672358351
2 0.20605894533183117 0.7250115001698575 0.05837242198083881 0.07413662252816078
2 0.05918174468751921 0.7970727164357242 0.0655541581860289 0.1369097741373151
2 0.07428103799251295 0.28453451160826115 0.0428580859904194 0.038024341896120584
5 0.3879526642367232 0.4897549947657826 0.02754016282215599 0.042791110459503234
5 0.26505382604181155 0.6840503235025954 0.03185584859780477 0.050876762068657655