1 0.44874610185195274 0.7987185982713757 0.13909296939110272 0.2560039050862333
1 0.5868824481923359 0.7681134537814618 0.1460300481934298 0.2348834031217626
1 0.5369932355977427 0.548429682844933 0.0667544071289532 0.15516376602535198
1 0.6166253854080092 0.3737668328651963 0.11964794961943914 0.16152615901517464
1 0.9180250710544157 0.8557444920886406 0.16394985789116867 0.2885110158227189
1 0.7955800154930884 0.6033607588879583 0.06994440342176622 0.13776757754311664
1 0.15558009762258848 0.4692584031217625 0.14159653412471002 0.36528793682735095
1 0.19270941207186904 0.18442323459382057 0.1510869392579064 0.31114624638064486
1 0.2317188272330605 0.37630841423593775 0.07134044220506536 0.12418667080199897
1 0.40512415270821467 0.4457915743881409 0.09174711340273822 0.14658072839082203
2 0.9789765112637241 0.6339874439056316 0.042046977472551816 0.1767391092842343
1 0.32641224434353255 0.284222623809495 0.10314088193867277 0.23483522642635146
2 0.8066240087922663 0.27637286212398726 0.0964923159693365 0.11950988316746913
2 0.7821370090301167 0.1777614454057229 0.07421210351690655 0.09897798231976357
1 0.4220092866918551 0.094708004030258 0.10948440589322428 0.15130569272076305
2 0.9220391088398363 0.2622542235274854 0.09608775076002796 0.20526544664970447
2 0.05972939296454635 0.580784475289323 0.06684063735728968 0.06159570254311664
2 0.05263979315482677 0.5024775387715583 0.06867106349787844 0.10651757754311664
1 0.33740647604544854 0.09953994726887701 0.07237503089322417 0.14957729580199894
2 0.45170902176742034 0.3212491082485224 0.06763647480971957 0.08112695254311664
1 0.4511850809402474 0.40407498423075777 0.09498022480971957 0.08240050816746913
2 0.11445003835407433 0.6798293375202633 0.10055773345982233 0.12359806968523368
1 0.32061583688104167 0.5247058152384364 0.12689671691964466 0.2437393455329393
1 0.42645762480862576 0.6105363363297582 0.11769482461943914 0.16143519075629253
1 0.42645762480862576 0.6105363363297582 0.11964794961943914 0.16152615901517464
1 0.5242100747616025 0.378234903068286 0.09198586463846725 0.15244010339082226
1 0.600589173715607 0.5543158387586083 0.07213627965749536 0.14371792080199897
1 0.6013999222420277 0.6459762613702849 0.12219462946721471 0.22402615901517464
1 0.5580051365015747 0.17901884563425588 0.17069777300314937 0.31400905396946804
1 0.6428184943435326 0.2989594817484311 0.07963044467652325 0.13626929383752828
1 0.7025479743340185 0.3056402636443419 0.0991550481934298 0.2327001649085868
2 0.6890850284217662 0.16660451560881262 0.0666018861215607 0.05573632754311664
1 0.6983764741918551 0.10758001266210655 0.07476918973360736 0.1126498573197636
2 0.808308560408556 0.12634611015951658 0.062413769771663574 0.09647904776646965
1 0.8789625710544157 0.37721300118486856 0.09030795950527093 0.2069456668730576
1 0.8434597820332661 0.4866762768777809 0.09265900323148601 0.21680226013193993
1 0.7429136364058875 0.48296797404534136 0.07994877965749536 0.14408179383752817
1 0.6899836252843269 0.427868424314401 0.054196704562355036 0.18187073821317568
2 0.764446067869406 0.6525955484869588 0.05675003089322406 0.14884954973094033
2 0.6759767990956211 0.6582221177078131 0.10214940836468234 0.16266056968523368
2 0.6496560499513362 0.5624494202306665 0.06715897233826151 0.06940820254311664
1 0.8965572252362097 0.7133324377026331 0.17317151558877564 0.27903474048723265
2 0.813784840730392 0.7630862559412521 0.06492398098836438 0.11024189102535198
2 0.8217813890195089 0.696203768865105 0.03455604866913076 0.03474958540099937
1 0.9704958140200558 0.9205269210046321 0.059008371959888395 0.14707836124870521
2 0.9931010079365512 0.7467924568294844 0.013797984126897589 0.06831658343652869
2 0.9772472264254625 0.44644195977619044 0.045505547149075065 0.06709120450758732
1 0.9067241792299112 0.10168861636251497 0.09079210845982244 0.12314322839082215
2 0.9232030428705 0.14729275330413238 0.05444210228117763 0.09220892473094033
1 0.9523407503800139 0.1447510271873672 0.05479690589322406 0.14875858147205806
2 0.9503096597425745 0.4058784835046321 0.08377544591225217 0.14231060535529283
1 0.8264486259486676 0.9303513482178991 0.10638063982874768 0.07513381772076322
2 0.1617130743815886 0.26095629006337995 0.052930011121560705 0.055099549730940334
2 0.2625162055602335 0.29489254626637834 0.0555198060835046 0.07081551798982266
2 0.11834972889692043 0.2014287691268512 0.060099194676523277 0.135359611248705
2 0.10986400327796216 0.7108064327436163 0.04049500741437381 0.03697561517764658
5 0.4329785505692006 0.5552816309947288 0.027061883650102758 0.042198212365470056
5 0.3191137154460652 0.34431465751508333 0.02933334363107476 0.050101680624352496