9 0.4025495978441548 0.1361233259109689 0.05378353758252308 0.05806137833195879
9 0.40176604512285813 0.33978821217711325 0.04970641128657394 0.05599459306540211
9 0.5721168821868052 0.1830789921489482 0.04597103758252308 0.05783405779884537
9 0.5921470373471638 0.3225001091158348 0.06100992295011576 0.07385686873179376
9 0.6722260480092008 0.24184616818494817 0.05607841517442136 0.06202445846523713
9 0.709909585238194 0.20256679788610277 0.04443315091898148 0.04025593279884543
9 0.2949541895620942 0.3722675746407009 0.06686929795011565 0.07402735913162894
9 0.2298303974437494 0.3105243312056906 0.09836365999062491 0.0554622213973609
9 0.3433688475497102 0.231833965509072 0.06975029017442114 0.06242226939818557
9 0.43789885762285813 0.33873685471146375 0.03535103110277771 0.04778428213245367
2 0.7193520484809013 0.713355365285113 0.13749787441111083 0.1910234682632579
2 0.6370662553610522 0.5561647324498553 0.12448559978807827 0.1536299425968659
9 0.7099445567863998 0.34844400625241206 0.0593011599906248 0.05432561873179387
9 0.4462009673659139 0.22100946844531938 0.04580016128657394 0.05588093279884543
9 0.3928069919889462 0.2597669173103916 0.04970641128657394 0.05599459306540211
2 0.835043718661863 0.21165339692292748 0.10180509071643495 0.13933293613080416
2 0.9580281746586798 0.3304559767594223 0.07409568331770822 0.08982284953146391
2 0.9726659882483213 0.44055180365966967 0.05466802350335742 0.06610119886507215
2 0.9040352465838533 0.4407013935909687 0.04648366647037028 0.06369343279884543
2 0.3936339260137143 0.5377926289097319 0.09811929795011554 0.0749366412640824
9 0.322007539232002 0.14434115144202048 0.05998466517442114 0.06213811873179387
9 0.41559950100150445 0.08385404221146374 0.05861765480682857 0.04651311873179384
9 0.25635828016035855 0.13254467084020607 0.05165953628657394 0.05605142319868045
9 0.5772936376650462 0.09677209628263891 0.10991153369467588 0.05385007719703097
9 0.455186582292766 0.11109458217917506 0.06550228758252308 0.05840235913162889
9 0.37753658264629586 0.20832167054342252 0.04443315091898148 0.04025593279884537
9 0.41746541652945557 0.23946846051113385 0.04248002591898148 0.04019910266556703
9 0.20743010762285813 0.3454428104383092 0.07636665610277771 0.04897771493129899
9 0.3340038514966427 0.4269371098083298 0.05556578628657394 0.05616508346523719
9 0.44852993084398063 0.44906000214482455 0.05471140480682868 0.04639945846523719
9 0.22719465292199031 0.22444475587249474 0.07883240999062491 0.054893920064577384
9 0.49508708305891114 0.48882536421270084 0.05114690739872674 0.050192048198680395
9 0.41717058788917744 0.4039571865107215 0.03891552851087954 0.04399169239901035
2 0.43104476808518355 0.8646853308099792 0.15331765551388843 0.23823944906292782
2 0.5584746647627878 0.7992974442470513 0.05073166906226856 0.06771334306540222
2 0.5035565264497672 0.6863467248124534 0.050145554429860795 0.08328151293212382
2 0.5610617140088525 0.8736298545136081 0.1013420427663192 0.06723780153063919
9 0.655588628298958 0.1747759214179791 0.0558101483270832 0.03669066359851547
9 0.5009730198518513 0.2987186926799998 0.0582759022149304 0.04260686873179387
9 0.4800499690153929 0.31695036421270084 0.0538570233270832 0.03663383346523719
9 0.5323571532755202 0.31053313811418537 0.04672802851087954 0.044219012932123825
9 0.4993607617817122 0.3810056782797524 0.06381742942986102 0.08367932386507215
9 0.5004015146089698 0.10194657404713381 0.033813144439236 0.030206157132453615
9 0.674412468308333 0.12135958481863887 0.04443315091898148 0.04025593279884537
9 0.7161602937678238 0.13972581708643267 0.04580016128657394 0.05588093279884537
9 0.318514756244386 0.2834676675082473 0.05395441387847211 0.06001450333195879
9 0.5432941218782978 0.3572092326477111 0.05131778369467588 0.052145173198680395
9 0.5397159007427073 0.49535918621393793 0.055907538878471996 0.06007133346523719
9 0.5334054301960061 0.44561132884721627 0.03950164314328708 0.028423522532288636
9 0.5567327015791657 0.47724117494779356 0.0759514177663192 0.06649900979802059
9 0.3582966186384252 0.3576968677425153 0.04809503887847211 0.059844012932123714
9 0.2896092147740158 0.2216496291075875 0.0421382733270832 0.03629285266556703
9 0.4722750975497102 0.22808317671270084 0.04672802851087954 0.044219012932123714
9 0.48835207875844866 0.19922297794655647 0.0479976483270832 0.03646334306540211
9 0.6032199106976848 0.22525212028305128 0.04443315091898148 0.04025593279884537
9 0.6368254359686916 0.26245719071723683 0.02778289314328708 0.028082541732618593
9 0.6988734547599531 0.2890441841522471 0.04052690091898148 0.040142272532288636
9 0.7347747432848953 0.2517747689866801 0.055297519439236 0.03083128859851547
9 0.7153776267085643 0.26506679788610277 0.03364226814328708 0.02825303213245367
9 0.7309787219017356 0.21957662155331925 0.05361266128657394 0.05610825333195879
9 0.5180035444157983 0.14647063811418534 0.0641352772149304 0.04277735913162889
9 0.725715642613483 0.38323086038610277 0.05029252591898148 0.040426423198680395
9 0.6074541895620942 0.36317475331616467 0.05029252591898148 0.040426423198680395
9 0.5699176238222214 0.3593717133484534 0.05761630183796296 0.07960258346523719
2 0.799247344781538 0.6865544371874224 0.12883099293136535 0.1810305227301443
2 0.9388019343782978 0.8134357028579378 0.12239613124340432 0.19303342339653606
2 0.6303626799606468 0.7257351764159172 0.18290847349212935 0.15338172159521646