9 0.5378360475952001 0.8311161239556453 0.05487852413731509 0.06066292737631773
9 0.577362268368937 0.6279330977674864 0.048882573332738044 0.058471051140588814
9 0.378710808427938 0.7811207416834349 0.04692944833273793 0.05839146739534584
9 0.38652285345520554 0.6415518879286779 0.06183050557393244 0.07652667861204687
9 0.2904443724789845 0.7204478445824769 0.0571048007464694 0.0646487611215607
9 0.2459255325943069 0.7582917076052011 0.04374714109154337 0.04073375865010265
9 0.6903975909261517 0.5989827617886361 0.06768988057393255 0.07676542984777557
9 0.742531214375105 0.6611279581765893 0.09952724752816078 0.05858710351690655
9 0.6154758850080384 0.7373910047542762 0.0707766757464694 0.06520584733826151
9 0.5412977437712256 0.6284288345544817 0.0366175201144292 0.05018104866913076
2 0.3341696167843708 0.24833044648364042 0.14020097804398535 0.19462606844079428
2 0.3863786754067544 0.4068767872632433 0.12784041275701918 0.15711877471457936
9 0.273678555035306 0.6120676413980142 0.06032817172358351 0.05504230361204687
9 0.5106422579965955 0.746531547624776 0.04483974752816078 0.05635875865010265
9 0.5716943724789845 0.7089877852674864 0.048882573332738044 0.058471051140588814
2 0.12410783983550144 0.7457273585555095 0.10344688212497899 0.14249189477166357
2 0.03137387366685756 0.6251442564164953 0.06274774733371512 0.09270876482874746
2 0.02945131898243107 0.5140150907796028 0.05890263796486214 0.06684063735728962
2 0.09927644767789594 0.5159533047056122 0.0473391757464694 0.06425084239534584
2 0.6242229738266539 0.43126767409835554 0.09907645637850959 0.07999189477166357
9 0.6190273108997772 0.8258602735280611 0.0610110507464694 0.06480792861204687
9 0.5156621012739051 0.8836299820354536 0.05978186850527489 0.04722980361204687
9 0.6823878294631599 0.8388590099350426 0.05083569833273782 0.05855063488583179
9 0.35714476092883113 0.8667183491453788 0.10733974752816078 0.05890543849787844
9 0.48157792584256265 0.855805406322449 0.06464414913731509 0.061060846102532595
9 0.5768641761576896 0.7603874709138929 0.04374714109154332 0.04073375865010265
9 0.54312144023779 0.7276800827008882 0.04179401609154354 0.0406541749048599
9 0.7711519026506284 0.627827015115809 0.0756800201144292 0.05177272357399065
9 0.6622000146611782 0.5426787060851453 0.054741948332738044 0.05870980237631773
9 0.5529205267298356 0.5179181045639957 0.05601219430985216 0.049023761121560705
9 0.7287093789737096 0.7473837931575613 0.07999599752816078 0.0577912660644766
9 0.5138647190282448 0.47763696758672003 0.05237909591900625 0.05277084363107476
9 0.5740567699199837 0.5637983077484583 0.04011404270069763 0.0444808411596167
2 0.6490525460933296 0.11300275040461935 0.15533412315841444 0.2260055008092387
2 0.5103945106628804 0.16519499377487884 0.05151857735562371 0.06831625988583179
2 0.5432838752905389 0.2797346726247761 0.05065805879224117 0.0838616761405887
2 0.5214437662368128 0.09073749253914988 0.10034670235562371 0.07030585351690646
9 0.29549813222107224 0.7874327383562619 0.05714586448238901 0.03738459486680368
9 0.471388278886548 0.6673072862653648 0.057555591896120584 0.04324396986680368
9 0.4959866732254539 0.649750718822449 0.05337619028696616 0.03917855237631773
9 0.44311572242087677 0.6538526049440097 0.04806311850527489 0.046752301140588814
9 0.48877492477650053 0.5857750962939069 0.06446650959681821 0.08637188735728962
9 0.43429319842883113 0.8635747912082807 0.0353883378732347 0.03260292366913076
9 0.26551168589977725 0.8402649314170423 0.04374714109154332 0.04073375865010265
9 0.22788323184783751 0.8213487938219021 0.04483974752816072 0.05635875865010287
9 0.6491637176224676 0.6873293317030098 0.05501509994189213 0.06261605237631773
9 0.44151072923072887 0.6071765643071172 0.05251567172358351 0.05472396863107454
9 0.4705339976488421 0.47063853935468725 0.05696822494189224 0.0626956361215607
9 0.46711960253441287 0.5194666643546872 0.03902143626408039 0.028855841159616702
9 0.4508867037122247 0.4870195849344956 0.07690920235562371 0.06935084857399065
9 0.6242850244032658 0.6114144422542762 0.04901914913731509 0.06042417614058859
9 0.6662776668759982 0.7489539105053369 0.04152086448238901 0.0367479249048599
9 0.48593451201948135 0.7378005113129349 0.04806311850527489 0.04675230114058859
9 0.46539947535311244 0.7668768693927434 0.047516815286966274 0.038939801140588814
9 0.3563931390309243 0.7382100178715938 0.04374714109154332 0.04073375865010265
9 0.32982778012246766 0.7003412740502386 0.031345512068657544 0.03049063117864481
9 0.2734192429957023 0.6714787864075282 0.03984089109154332 0.0405745911596167
9 0.2309218160133133 0.7082665031850095 0.0549195878732347 0.033398761121560705
9 0.25224908334077634 0.6957121238599582 0.03511518626408039 0.028696673669130757
9 0.22866831523779002 0.7404930656850095 0.05278882333273793 0.05863021863107476
9 0.425715691934106 0.8191304186797386 0.06355154270069774 0.04543584610253282
9 0.26441816951769503 0.5773888938694722 0.049743091896120584 0.04292563488583179
9 0.37871704575361465 0.5999974110275144 0.049743091896120584 0.04292563488583179
9 0.4154166933398832 0.6043446948678975 0.0583339829876639 0.0822268861215607
2 0.24965947043402195 0.27319713065646745 0.12975247402109952 0.18446252471457936
2 0.12829211385213518 0.14278705408774775 0.1424272546531397 0.1986119021860373
2 0.42455967000267947 0.23685709420246293 0.18448103775701918 0.159426703326626