1 0.7093302319461898 0.7795609721264519 0.1684186312041862 0.2656941386812386
1 0.5650038456530556 0.7749160977769498 0.1727756723538374 0.24451684051297518
1 0.5280864047358356 0.5530870243939158 0.08500823856159623 0.1581865148686632
1 0.3859389939902593 0.3987168581798429 0.14051519338905938 0.17277131529820455
1 0.2726014757665917 0.8848555263454096 0.2079319223538374 0.2302889473091807
1 0.3015645134990228 0.653108638624453 0.08586875712497899 0.1426638738125754
1 0.864338575053642 0.4082209789102855 0.18751247465135346 0.37177704234471176
1 0.7219046281020931 0.1662672645279493 0.1859967562041862 0.2666153691764483
1 0.7558379331865753 0.33150689238293946 0.0868658514929388 0.1290943577564876
1 0.615820377036031 0.4302241046175691 0.10998913614786487 0.15365780613952174
2 0.11562129568210952 0.7212024621210584 0.10813152321652236 0.18274996325169734
1 0.6301688937332401 0.2597309503603837 0.13162347154926035 0.2404141776908192
2 0.1657960117781187 0.3395034529055898 0.11016677568836164 0.12836954008343393
2 0.1519264203423945 0.23855925910189718 0.08509036603343562 0.10370373275648759
1 0.4660590926716438 0.0973988982632768 0.1274306853432876 0.15262591163473138
2 0.06316812950787029 0.3467737413782438 0.09246545948060272 0.2091724827564876
2 0.9803656356874685 0.4978821227645779 0.03926872862506303 0.06608256303692661
2 0.967151471621895 0.4209937351571925 0.06569705675621007 0.11161859170039978
1 0.5484523140510466 0.09296009087954488 0.0890921281020931 0.13310296670039978
2 0.5232794823819982 0.3173730530573889 0.07813838459681821 0.087771655924751
1 0.5552462778696621 0.39883302380020347 0.10366558540139548 0.09105544719560954
2 0.9634976138767233 0.6042292288534998 0.07300477224655344 0.1305273829712581
1 0.7271346624664803 0.4915179090327396 0.15769697557214624 0.2515104689616776
1 0.6584061688159359 0.5939712227201641 0.13842549258448233 0.17071583135429247
1 0.658406168815936 0.5939712227201641 0.14051519338905938 0.17277131529820444
1 0.4755301242490648 0.3858984240717598 0.11039886356159623 0.15951718113952174
1 0.4699501381838958 0.5704728891045939 0.09018473453871045 0.14872796670039978
1 0.5043480739875799 0.6588711562913208 0.15047184252637447 0.23167214212994125
1 0.3648991728142338 0.19523360187615027 0.21044473516896434 0.33795145861557024
1 0.3316273049392128 0.33165358011008206 0.09549780632040183 0.14122254353213637
1 0.27732900048498443 0.3482676002085847 0.12758064574468309 0.2382563348029949
2 0.23665526996915978 0.21186423210598965 0.07232007333273788 0.06022318803692661
1 0.2054873974409991 0.15574370689121897 0.08995264666547576 0.11758032564431198
2 0.10790612764169678 0.1934409712797412 0.07323504022885843 0.10113645409301442
1 0.1354948951390173 0.4488355784993021 0.1160395352851799 0.21235391508343393
1 0.21159133496558719 0.5491490085081849 0.12062866430806574 0.2223242579712581
1 0.3053823987015068 0.5268208467598822 0.0959075337341333 0.14708191853213637
1 0.3350550846504602 0.4641590032783455 0.07701809902109957 0.18306534514910233
2 0.34928619249285475 0.6955019568344334 0.07678601114786487 0.15191770409301464
2 0.4370607735562374 0.6845342887824379 0.12098394338905938 0.1717477258590825
2 0.4254174587296675 0.5875987039226575 0.07536580476935528 0.0759505469808388
1 0.24703366619882733 0.7777116604473069 0.2071669158591123 0.2910764586155703
2 0.3447854282674849 0.8120241236990041 0.0780973208608986 0.1150130469808388
2 0.3111181275210154 0.7479887395403213 0.039704315286966274 0.03905419493433149
1 0.25128759303594694 0.9580423818406193 0.07477843781512694 0.08391523631876141
2 0.14768360323843097 0.8318569489199608 0.05960422896477807 0.07317855042954147
1 0.15314663542151774 0.9066552832428145 0.08746660304398535 0.18668943351437095
1 0.2035315426046045 0.9860597700417169 0.06872803867781185 0.02788045991656629
2 0.06372067005185567 0.5355615332428145 0.05751452816020092 0.07112306648562905
1 0.0293919320959251 0.1698665429952097 0.046765193389059344 0.1678580859904194
2 0.02524644695154884 0.23581217774760485 0.023997187815126927 0.0927181054952097
2 0.0780209757420036 0.4896077637380243 0.09786065873413333 0.14718427747604856
1 0.39609199464510125 0.9662006805458094 0.1130214829876639 0.06759863890838114
2 0.779255356291348 0.20721925245749062 0.058648198332738044 0.059506675429541356
2 0.6953254296240858 0.25925372498144206 0.06364705476935528 0.07533639331736575
2 0.7970727164357242 0.14199013031248078 0.07582998051582468 0.13824582909301447
2 0.9894959102125451 0.6342937959328414 0.021008179574909747 0.03925891282215588
5 0.6314176978969297 0.5419616653932179 0.03230154270069763 0.04450413415868293
5 0.6594519291636896 0.31672567913124217 0.03480097091900625 0.05241899310259501