1 0.2658794429828377 0.4510132486651686 0.357064967774253 0.245016373876641
1 0.42857805644930574 0.561305547901715 0.27022284741038016 0.14652334660082778
1 0.49311973371676954 0.3893112155125963 0.21396674298902374 0.2605621412954464
1 0.6997221343548956 0.6823603263008873 0.13997762607385322 0.14756013939893542
1 0.6334570704712583 0.08458313218734484 0.24347664094251664 0.16916626437468968
1 0.6584949407783456 0.2512577446727973 0.2515104689616776 0.16055402463039614
1 0.3030759158733589 0.7490641819976938 0.2673318817838337 0.20268567500969836
1 0.2409092569800464 0.8728083713942046 0.27412079234471176 0.18379215379787106
1 0.3778797518069926 0.8851653336997044 0.23186855495209713 0.19395652046292122
1 0.6523422956230573 0.41456286115062113 0.19413672122295544 0.21615850152205796
1 0.5799369388836373 0.5862183598279127 0.21532232445688737 0.17510293788657583
1 0.8546761427236533 0.06638757006179785 0.22497728544730666 0.1327751401235957
1 0.7470025228967071 0.04725473938196342 0.2205675457934142 0.09450947876392685