1 0.5946260712215257 0.29687306593069174 0.21249091630029548 0.345224183719101
1 0.4560533981204612 0.4174890028568893 0.12065442500969836 0.26594354204920156
1 0.6157110598667059 0.5314074981277349 0.2431833871279716 0.19834106705405086
1 0.28971810286416305 0.6376945066377881 0.13488479621667648 0.13129741061076272
1 0.9088000287042577 0.7660206793886455 0.18239994259148462 0.22867441250727394
1 0.724029136578415 0.7294102149872854 0.13631936364518027 0.24394093182259002
1 0.2923501846673565 0.2421267861845653 0.17813214963039614 0.2570546329604967
1 0.18068354830041392 0.1457065386427557 0.15939806061561196 0.265225935990065
1 0.12366382860821992 0.2671592528447664 0.2118934484924896 0.2190682197043169
1 0.5623185032434652 0.6735274570267887 0.1990986117486695 0.18116168371910102
1 0.4060090788075693 0.5530918886500295 0.15445566250727372 0.20467906099006505
1 0.9073447666820224 0.9387343907337669 0.1853104666359553 0.12253121853246629
1 0.9366019448052039 0.8920967661324657 0.12679611038959226 0.21177395493092854