1 0.22996231308234416 0.6184871780006946 0.36509953267368755 0.24060458301562537
1 0.3471672537120679 0.45301869989435795 0.27358796039628686 0.14290124050069464
1 0.46247868146996074 0.5886951476998268 0.22561209844458574 0.2568627498093752
1 0.5621701844232165 0.2370206320033425 0.14686234855046632 0.14385262371727436
1 0.7015965764482852 0.8485111312666673 0.25113574321114873 0.2262491826550348
1 0.6619634710030868 0.6559229345532992 0.2568061314359156 0.1561639800999135
1 0.16878704306872605 0.32565317344166683 0.2729806511318913 0.1994509465227433
1 0.10516600664767697 0.23399104388263897 0.21033201329535395 0.17891958776527794
1 0.19074388500680906 0.15014468037552098 0.24343699978823852 0.22802046969913214
1 0.6042595991504573 0.5049632494281255 0.2034644471715199 0.21148627991961821
1 0.4809081582383849 0.3730112136667539 0.22060680905263397 0.17092524980937518
1 0.8818239645495245 0.7930549025189678 0.15877008532569947 0.21434696167317724
1 0.827525892254477 0.8690441230500875 0.23264756559443 0.21021504725425366