9 0.3162783162105913 0.5574454410651394 0.08657142424606468 0.0746846309028304
9 0.4522374182961233 0.3087338335574423 0.10959368590960628 0.09238774834017516
9 0.17578567831018593 0.38940348299867633 0.10629745534884238 0.1216505344936265
9 0.6062217594832768 0.7353546395701891 0.21872432386909701 0.11254396052689897
9 0.8102609029800938 0.6121593951340865 0.19391981350150456 0.09678260514070458
9 0.8147634486918411 0.4491302723783341 0.20873824163541643 0.17690618193610275
9 0.3952072310905679 0.4027679072786804 0.16735695923668947 0.12786216090796176
9 0.23209916010781367 0.6047863219679698 0.22101920146099518 0.11646157347574837
9 0.6560981614037628 0.6003674370676234 0.05573666258252308 0.05693606167008758
9 0.6599061351903367 0.5456856185420482 0.0646479061027776 0.04722725141433526
9 0.6852839221248852 0.4899022450791283 0.12775792554201382 0.0768763778286703
9 0.598198097666899 0.41427579162390527 0.06354916258252308 0.056981513465485634
9 0.3413537504116334 0.7505605126648747 0.09623965869467588 0.0513153085959277
9 0.4700882384536471 0.6736784533617795 0.05598102462303234 0.03741617461893698
9 0.09778374499247777 0.47770317415725916 0.06286565739872674 0.049169013465485634
9 0.15315563583831124 0.5476577412684992 0.06608840221493045 0.04137923936318466
9 0.45641813477772153 0.8299284533617795 0.08452090869467588 0.051247130902830396
9 0.5666576973368068 0.6409064693170023 0.09658141128657394 0.0552215585959277
9 0.5353297832820607 0.22918911605231096 0.07858804795011576 0.07268605410743234
9 0.6666659299596649 0.2899171471328444 0.05258740351087954 0.043252823721238065
9 0.754422421535996 0.3020954454601912 0.1517080544298608 0.08287210821486468
9 0.6682414451575238 0.3611607578374463 0.0382320233270832 0.03536078307929147
9 0.480199158693694 0.9820563073336386 0.037719394439236 0.02950140807929147
9 0.47919780572482823 0.9488759082313376 0.06728453628657405 0.05505111436318466
9 0.3035599845657999 0.6805036790139889 0.06728453628657394 0.05505111436318466
9 0.07249051054386661 0.45442475544115246 0.06975029017442119 0.060921852312034286
9 0.47358854553449153 0.3993837018246995 0.07416916906226845 0.06680395320973331
9 0.5181071346014474 0.3591060173988595 0.05029252591898148 0.03933521077238855
9 0.5319618383008109 0.3346237772057624 0.07263128239872674 0.04922582820973331