9 0.39882471873453507 0.5835992509287589 0.0818099219808388 0.07395123035529272
9 0.48615517299790645 0.33535442876119836 0.10421552747604856 0.09253000620299834
9 0.2263176058617794 0.4148251046826438 0.09793841163473138 0.12146300816746913
9 0.721875995023159 0.7623076406088125 0.21235391508343393 0.11120513544152599
9 0.9014390243371301 0.6381826093320744 0.18624677747604856 0.09635067307605594
9 0.8743885444924183 0.47520903587269225 0.19630286917644835 0.17670170285270292
9 0.4472254487496038 0.4290107679363461 0.15858764557864347 0.1262361491928211
9 0.32341223074820813 0.6317183330734659 0.21255863297125832 0.11511138544152599
9 0.7449331269773496 0.6260223361214886 0.05169417542954147 0.056961706472058005
9 0.7391885685197643 0.5721749462331651 0.060845646766068295 0.04569779776646965
9 0.7528217216463109 0.5163075514336648 0.1228255469808388 0.07586156379182163
9 0.6514293701935159 0.4404700759895488 0.05950667542954147 0.05732557950758732
9 0.45963714523792965 0.7773706756596992 0.09230036465389269 0.05105953990858669
9 0.5734509526216616 0.6998664428220797 0.054576835990419514 0.03761239298982266
9 0.1656987887256523 0.503574543010086 0.059097239653892575 0.04951307950758732
9 0.23368329729062287 0.5739593080532026 0.0645471788782438 0.04197348428423431
9 0.5904287306346367 0.8565257999870501 0.08058161465389269 0.05051373035529272
9 0.66427957018733 0.6670780601189898 0.09250508254171685 0.05496578990858669
9 0.5540193634096823 0.2547358793398443 0.0739974219808388 0.07358735731976362
9 0.6955572888392236 0.3158821257204891 0.04902453782215588 0.043198863213175676
9 0.7858104746148724 0.32787916562907593 0.1464677648686632 0.08085943289840947
9 0.7119375233200624 0.3867859194032242 0.035045585990419514 0.03670271040099948
9 0.6423580407597875 0.9967707715557013 0.0349432270465071 0.006458456888597475
9 0.6356327672693682 0.9743660160760103 0.06320820754171708 0.05126796784797949
9 0.40917958220100303 0.7068280624465234 0.06320820754171685 0.05360126602535198
9 0.13527596534261824 0.48072564412685115 0.0654684093734535 0.05955160928423431
9 0.5240156299459111 0.42576807666219785 0.06772861120519003 0.06550195254311664
9 0.561802795679843 0.3846641759692855 0.04881981993433149 0.039292613213175676
9 0.5702889338809405 0.360704954763697 0.06886286465389269 0.049967920801998966