9 0.6233531955126204 0.43428835912416314 0.07537787540538954 0.06943043231923363
9 0.57725958501971 0.7007738692478453 0.09716907771858074 0.08788397851690632
9 0.8169754205523354 0.5690406911579762 0.08794892349758765 0.11873605979069168
9 0.2817707574045361 0.32083141245188296 0.20668044541333253 0.1001531682505139
9 0.12644839995616577 0.47942419158720084 0.1810852688712049 0.08739982956235504
9 0.1779868328893558 0.6366872227182756 0.18248303774240981 0.16747795456235504
9 0.600860384026094 0.5992693954360042 0.15041483157389957 0.11932961463846725
9 0.6886344120309188 0.3725410814624248 0.20678272118439622 0.1060125432505139
9 0.28030207994822276 0.460320682461397 0.04779548193957406 0.05464438488583179
9 0.2948944368877967 0.5136121436780979 0.05735655539744644 0.04332355361204665
9 0.29005781959843446 0.5719671424423689 0.11831253348170157 0.06922814971457925
9 0.4003362555761645 0.6281816446759764 0.05560798193957395 0.05496271986680368
9 0.5333367679570191 0.25301250746085013 0.0886406473211343 0.046550018535934434
9 0.4345747483743231 0.35340613208083616 0.05136081270269477 0.03527230237631773
9 0.8620776405205632 0.46938820104380785 0.05547161424482239 0.04715021986680368
9 0.7849682376191454 0.41257349747933125 0.06116052962638263 0.037623346102532595
9 0.39382964082666494 0.19951049904859786 0.07695598924482228 0.0480256410644766
9 0.3525044637757411 0.40373476040800915 0.08870883116851025 0.050456268535934434
9 0.5242425892804183 0.7942486493810417 0.06561225040538954 0.06903251359301876
9 0.3763043648487874 0.760896326615196 0.045569621550070494 0.038939801140588814
9 0.28760763696722697 0.76704089120664 0.1418182173290774 0.07408940465749536
9 0.3497546144433979 0.6934554879270372 0.03182956270269477 0.034476464923887784
9 0.31806465097375847 0.05199485860198577 0.03193183847375858 0.04033583992388784
9 0.33140771002382907 0.0896215279460652 0.05944604809219811 0.05121563735728968
9 0.5929532756676569 0.31399376981813976 0.05944604809219811 0.05121563735728962
9 0.8945598924482228 0.4853497703403172 0.06150144886326192 0.057154596102532707
9 0.526040082686661 0.6176897962441492 0.06355684963432573 0.06309355484777557
9 0.4956423807788592 0.6652445813202614 0.04550143770269466 0.03503355114058859
9 0.49121980924864617 0.6914128094571539 0.0652031473211343 0.04559501359301876