9 0.34245731303743365 0.8364406627358464 0.08354569469946771 0.07004498035529294
9 0.4022469656876998 0.8725547720200807 0.07469672424624485 0.10465542080199897
9 0.5033086210197516 0.10284427806828599 0.0756932560639858 0.09302763906088127
9 0.5034883448794205 0.20872238523325642 0.073939501896511 0.07154326406088124
9 0.5006182429877588 0.14781163719772714 0.06859836212312231 0.05378320254311664
9 0.04197302404447079 0.522351266025352 0.08394604808894159 0.13454628205070396
9 0.04877892698163814 0.43477902993144013 0.09755785396327628 0.12478065705070396
9 0.5063391221431107 0.4500028952104031 0.08657490644328791 0.10715435535529283
9 0.5563634721382615 0.5817291612357551 0.0964999636403312 0.10956232164970459
9 0.6336715030077471 0.6314027814793715 0.1094941712166766 0.12573313120299834
9 0.667891129143229 0.6565231942686944 0.13851179811318737 0.1951841253095863
9 0.41294824751756376 0.5613256350784632 0.10124331326102887 0.09616335142635135
9 0.3635416569928446 0.4100226349236702 0.11862206742850379 0.11837547249740998
9 0.44559255396570085 0.32954053789063953 0.1027976965959787 0.13904113316746913
9 0.45908663917534026 0.800701196751021 0.07031217765511533 0.09861410928423431