9 0.16001383983942313 0.3832914412808989 0.06945960248246608 0.08338626250242454
9 0.12097756979051193 0.446708095827676 0.10361455698597286 0.07063104204920156
9 0.8872924573989466 0.44924178159414574 0.09214613086009615 0.07358069886694263
9 0.7805342400562925 0.46281364883299847 0.07066175586009615 0.07182694469946771
9 0.8413940198989466 0.4529884382246602 0.05295846892303446 0.06843892992607925
9 0.49129974841961965 0.041953054726729805 0.1345880031607607 0.08390610945345961
9 0.5794785452657806 0.04345791769843295 0.1228692531607607 0.0869158353968659
9 0.5383845880283301 0.4971519626678298 0.1063186536083427 0.08250922424624485
9 0.40493466032207304 0.5634182662712006 0.10889758829365093 0.09243428144328791
9 0.3500609143710761 0.6465853497958014 0.12527355991602085 0.10542848901963331
9 0.3233313560354356 0.684711064758841 0.195009716223699 0.1324929909161443
9 0.43177476866463527 0.41745212649781205 0.09377323604189769 0.09897132386694252
9 0.5867090713708922 0.34943206872696647 0.11613374460132908 0.11439695303441744
9 0.6627572813884263 0.42094063254967495 0.1384447871677743 0.09873201439893553
9 0.1898012415213165 0.4945200420370787 0.09945798311184956 0.06640592765511533