9 0.7978299061871772 0.38533861716731466 0.061185525860715684 0.07797360811184961
9 0.8475229936408436 0.4411394596253252 0.09963418420949344 0.06289872185308254
9 0.11509804853694734 0.6173358979789593 0.08805184346532066 0.06605400023071262
9 0.21901049669968198 0.6074304991117576 0.06468254809323426 0.06650518198597277
9 0.15870233789737948 0.6103864165628464 0.04703621846532069 0.063425599552418
9 0.41449653697697497 0.09476854372000845 0.1250496184189871 0.12104129009782238
9 0.3324776915817217 0.11776947389488826 0.11326266379107341 0.11833719347545246
9 0.457006523583281 0.5866300239018098 0.10004341197697486 0.07461747185308276
9 0.596633263374071 0.6228602714331872 0.10038443511654283 0.08438309685308276
9 0.6634053457231324 0.6933968653562217 0.11837178788402403 0.09722830428663753
9 0.6957125174557927 0.7256728938492081 0.1853236749073328 0.11710881014673369
9 0.5439732746061643 0.4820984914751767 0.08705358325611057 0.09327258829365093
9 0.38397513157120144 0.4484602936046521 0.10699406102359199 0.10624295766426761
9 0.3247489537110528 0.5382051116186792 0.13163443511654283 0.08638568784606893
9 0.7892950759899049 0.503665689576414 0.09559152495366652 0.05874214797895938