6 0.5407885780205632 0.446980752990365 0.41712088778212486 0.2967013271738719
6 0.649946923191486 0.3811898391174919 0.29085948660567174 0.22152629487942732
6 0.8081428875794303 0.2726128297134989 0.3352699827503529 0.1932749881258683
6 0.6795143156438278 0.22959617068559085 0.27499584313985626 0.2074907439676218
6 0.403561173902977 0.1909598202400177 0.21872034395063522 0.33893945929835084
6 0.27317414315971383 0.2708991172341582 0.30364497158978565 0.17106326130225724
6 0.208708914872764 0.2127810588424481 0.26687651582666494 0.18973078101171897
6 0.07672178165332989 0.3688240416031251 0.14437511160567176 0.2181168332062502
6 0.759231243906801 0.825936545044228 0.23717053774240981 0.16561138867708358
6 0.7190145611763056 0.702979772509202 0.19821031351347362 0.17056157389756965
6 0.5380458893002759 0.8490972055454866 0.22932394581872195 0.1634764257211807
6 0.6181823127978634 0.9579217925999134 0.21260800426070836 0.08415641480017322