5 0.28916260141602473 0.6286021474245413 0.262225636934712 0.21718620738467864
5 0.4536510692540364 0.4506950948689401 0.25497368776222684 0.12148308238467842
5 0.19443373237757522 0.501178896104966 0.2310630523892646 0.14057113737673554
5 0.7828703389626646 0.40779009284199286 0.18149493257574578 0.12995321428453743
5 0.6522475316491456 0.40029158076723986 0.1845423272843738 0.09294611505560113
5 0.8950235676922866 0.5071366178022778 0.20995286461542673 0.14683961546099056
5 0.8195572059323271 0.7758007416853971 0.12982568879952305 0.11734807426865146
5 0.26586083767475255 0.7727534435890799 0.10369506898600411 0.10713925426070836
5 0.15098189083908656 0.7923600380485115 0.1038430679487079 0.10909237926070836
5 0.9123662782750303 0.6465805037601502 0.1752674434499395 0.12885238737673554
5 0.9877879906672368 0.31596185065603755 0.02442401866552646 0.1257500223211343
5 0.966744364376422 0.7931891431679521 0.06651127124715606 0.1291009161923391