6 0.582427453812023 0.553724733010225 0.22752368137230938 0.38969386163405884
6 0.6734994265273443 0.6536272197678114 0.1740148620337676 0.26954869062972375
6 0.8172838610111551 0.7975598808182778 0.13617976823611144 0.3200079340879274
6 0.8288410532608078 0.6656005551464513 0.16197789561093767 0.2551942761671848
6 0.8019007230707468 0.3880389235870083 0.3141836341180557 0.17433729575727996
6 0.6918194679656686 0.2675244993470687 0.1179652103904516 0.2916403748941192
6 0.73406004962908 0.19684183483158946 0.14626197663298623 0.2503779735504664
6 0.5500555312023439 0.08469997316223699 0.2016735624046877 0.11707192086316076
6 0.26275628573554755 0.8140242596362264 0.12609429378732662 0.22189665777956824
6 0.373651729077301 0.7600183878188906 0.13876606002986125 0.17972420381919685
6 0.18748870143719668 0.5970383978609932 0.1259124558314238 0.21408415777956824
6 0.06882703409739642 0.694477677581425 0.11001469889756962 0.20145535516284996