9 0.5056733059287986 0.4187480307626737 0.08232887772114772 0.06538491834420401
9 0.6136935064749904 0.5121791732475608 0.07687873048862914 0.07703548834340856
9 0.40561437784679333 0.6005029732754004 0.08671256011654283 0.07910224667806753
9 0.42174161945168187 0.5300313866068778 0.0721540249536664 0.05355253500954493
9 0.5001146287538427 0.5779277182626738 0.0919580934653208 0.06159230167886309
9 0.32119289576592214 0.44627496245426346 0.13865328879107341 0.11289626501829453
9 0.3465401253475021 0.3913147424510818 0.1556175721398514 0.09552268002068087
9 0.1979041930679412 0.5384929649705695 0.23390379060517202 0.15695589503102125
9 0.1109204115862731 0.6186399541494326 0.2218408231725462 0.13351839503102125
9 0.34430484733499733 0.6510008241168205 0.13704118693064138 0.12263916335136282
9 0.35339153755614516 0.5864681557825591 0.06811136569783915 0.04960083167568152
9 0.09765000630123938 0.7145021658179553 0.19530001260247876 0.14696300336170331
9 0.24965578256737417 0.7057912782960812 0.13717759618646846 0.12654541335136282
9 0.4779048120562869 0.5430441882658554 0.08732640176776485 0.09668037167806753
2 0.7003967320906828 0.6849277815682999 0.3375124294425791 0.21673143171147524
2 0.6938738970204735 0.8158098832352318 0.24939238134934483 0.15323145836647578
2 0.6251703873806223 0.9103212265774473 0.21471356374473993 0.16649425336170331
2 0.45092374150867753 0.8684213141013098 0.21912205534962825 0.23682948002863502
2 0.42218801963701635 0.7408779799391505 0.08307912862819711 0.08686929334420412
2 0.5903272812068003 0.7340406740830152 0.08671256011654283 0.07910224667806776
2 0.5663782464974485 0.7489618315861969 0.0941158323490614 0.0674744033457948
2 0.26694868445097314 0.7417081874602292 0.24167289518675195 0.2117115750318166
2 0.10360548594073635 0.3316669391510234 0.20717388225639416 0.17421584669397605
2 0.3084356016385756 0.2804752407901156 0.18023936002387553 0.18561642335693074
2 0.3104507496623094 0.13890776829051332 0.32692834890761624 0.19318029837681616
2 0.20593375295281588 0.19674154330443316 0.20058906555883843 0.2092811900262488
2 0.05335128675511839 0.48562359832511404 0.10670257351023678 0.14984655334977193
2 0.11591019827856869 0.14702844665022802 0.12956971007020918 0.13231388168363556
2 0.2532800037440311 0.04498937082272776 0.20047124251193782 0.08997874164545552
9 0.6218780618246188 0.2778041732475608 0.17235865539596196 0.18357239168920358
9 0.6857824383010267 0.3766294782384134 0.09997520734906118 0.06754258334659036
9 0.5165798233944028 0.2741486007618783 0.16365949523308565 0.15809086002147632
9 0.8530722535221746 0.31025594988267585 0.18550970258214683 0.22472437669079437
9 0.8902684607554019 0.11166149904523287 0.12087054990733281 0.10683235001590835
9 0.8622519575807295 0.18715225821534634 0.07855903697697508 0.06924571501034044
9 0.8765035305216076 0.4778837998786988 0.2175285396981228 0.13528970669556672
9 0.9233475397079343 0.39436463737273314 0.1307973933726534 0.16747013168363556
9 0.5493024044987243 0.3713844074236399 0.1595238221398514 0.0955681333545445
9 0.4527932285685082 0.36762656493676427 0.06933904900028354 0.08475708167568141
9 0.4083456744636197 0.4384276882757981 0.09075521937236997 0.08305395001193128
9 0.4316343606030457 0.4703701674391505 0.06104911660488854 0.07099430000795426
9 0.7305740856493794 0.5196046357316524 0.1928199609772583 0.15452551002545345