2 0.362323763671875 0.227908087890625 0.417863095703125 0.25003323046875 0.500180326171875 0.246768947265625 0.54517676953125 0.219237171875 0.436355650390625 0.159751814453125 0.3702348203125 0.157262203125 0.354470623046875 0.1946153046875 0.362323763671875 0.227908087890625
2 0.120516158203125 0.289275814453125 0.19672837109375 0.34446935546875 0.2608270625 0.343347421875 0.309219470703125 0.275639919921875 0.259981958984375 0.245502783203125 0.220403623046875 0.236470369140625 0.087926556640625 0.250337771484375 0.120516158203125 0.289275814453125
2 0.44830841188992043 0.5316599243642353 0.2321277405320301 0.30531965292199037
2 0.3121678700791282 0.7561975849437494 0.25041036836070063 0.42795128958553175
2 0.85468908580169 0.5447412564216418 0.14893746974937905 0.09892409849212935
2 0.735974571383547 0.4610756148687486 0.13751415641946663 0.14868009071643495
2 0.6116834534845244 0.6641775957239572 0.18053972116371408 0.1622049942273145
2 0.533830513155854 0.7785217320339689 0.1979019501355732 0.1266335058908561
2 0.5427211910944407 0.9019139022740157 0.17910929181079216 0.19617219545196862
2 0.6983014282133778 0.8898401187856475 0.12622719847574837 0.220319762428705
2 0.8340726741865605 0.7295559309621511 0.15115194257291797 0.14401684978807827