5 0.2798766557336526 0.31484061366188415 0.2861421470008505 0.2616381821637269
5 0.43150118703666385 0.51291847119628 0.2672433248609991 0.16734254514041846
5 0.17735310933868284 0.43086245338317375 0.24623638225639416 0.18026416923336908
5 0.755121611490472 0.5964594747184545 0.19470488134934483 0.15700647390761624
5 0.625737929095077 0.5872891051607502 0.19354540267481424 0.12380334890761624
5 0.8809586118379741 0.5134578438226343 0.23808277632405184 0.19050722662876396
5 0.8157118405125048 0.2315971136716957 0.14344619895394994 0.14156127858186346
5 0.2659381438261781 0.16768659698749522 0.1154886073027277 0.12302828879107347
5 0.15328002858186346 0.1334883232785687 0.11555681193064132 0.12498141379107347
5 0.9021794614307831 0.37592063828767147 0.19564107713843382 0.16933906555883838
5 0.9660032700709179 0.7142297841596161 0.06799345985816418 0.13311012772114772
5 0.9604755837096353 0.2370875448223508 0.07904883258072948 0.14948537862819705