9 0.12486182650023665 0.39922877485687797 0.1640621776551153 0.09843047889503398
9 0.23174630281809597 0.6113545495110612 0.230667153797871 0.2692728358346079
9 0.8228457022491427 0.6422092608503465 0.2812886492559432 0.36377285815574245
9 0.7232353602144885 0.35295209465800714 0.21085697803926662 0.24162225852141672
9 0.5318685653326435 0.2293234390181509 0.4830183757731519 0.42190364244822276
9 0.6274135475151391 0.6163050390578659 0.19272067917717317 0.28226287236084957
9 0.38281443406930826 0.5817189732113435 0.22484803977823764 0.15020039468198387
9 0.31728441646327626 0.37813867491645065 0.20160991061076283 0.1283410085214166
9 0.08364586363305739 0.2457258994514885 0.16729172726611477 0.13988929890297702
9 0.18237948975641644 0.43739499949120364 0.08797017992607925 0.05029407771858074
9 0.2792582257440569 0.3647615239426921 0.08290796591129501 0.059957426947516934
9 0.33633753104458913 0.4322587155007057 0.1499120060639858 0.09233246042921861
9 0.07977987461342406 0.55063499695546 0.15955974922684812 0.2726677069792891
9 0.25885042100520417 0.4710022849005646 0.07186688333494973 0.0441619673290774