9 0.3063627211970998 0.8150227186431751 0.08600663868123859 0.15266383033113406
9 0.5358853255048849 0.7147372533161647 0.2594170228399215 0.18696175705962892
9 0.6759126766737515 0.12039969484061844 0.3434871466524969 0.24079938968123688
9 0.36394938659031767 0.21855238684391737 0.23135676023253615 0.17249426019373204
9 0.20794562980648404 0.4044552718397937 0.3908407211093842 0.4248033951896084
9 0.6111469732312351 0.32056788458437085 0.2766963760738532 0.14456130839241244
9 0.5330759561580796 0.5636826315491956 0.13369220516686786 0.20670529839653606
9 0.3183470227004944 0.6235596385098967 0.11313736572774591 0.18660574706375277
9 0.14334042076755849 0.8743702895719999 0.12341478544730677 0.1966555227301443
9 0.3541506466266411 0.759028125577773 0.04325921670039978 0.08121472766556703
9 0.2988752572381189 0.6602039222094019 0.0546708898686632 0.07569633346523719
9 0.37585769872374797 0.6053100021448246 0.07953311001776542 0.1407745899312991
9 0.44602776882843664 0.8850644538472163 0.2675449047373264 0.1559959077260209
9 0.4019855989953043 0.6835306975790101 0.03853409514910222 0.06547606739901024