2 0.6025390625 0.45658800271133626 0.10546875 0.1872767999073328
2 0.21875 0.4431857933263198 0.109375 0.10538195916315996
2 0.390625 0.5517268630827139 0.076171875 0.07687873048862937
2 0.4560546875 0.8001054681178186 0.142578125 0.12802581283769054
2 0.375 0.7074312260594053 0.099609375 0.11871281102359221
2 0.5224609375 0.89031505046688 0.07421875 0.13931052586071546
2 0.501953125 0.9534117995647364 0.076171875 0.09317640087052714
2 0.58984375 0.8467696726298981 0.134765625 0.14923736932603626
2 0.6796875 0.8752977105139224 0.078125 0.11796256011654283
2 0.7275390625 0.8349765363978048 0.07421875 0.07876365086071568
2 0.6669921875 0.8006356304324841 0.0703125 0.05909599160488854
2 0.916015625 0.8483942204914643 0.109375 0.13272570916315996
2 0.890625 0.7703591228285878 0.087890625 0.09095983325611057
2 0.9306640625 0.646757317700816 0.10546875 0.09157367490733281
2 0.9755859375 0.6834822741428281 0.048828125 0.11693949069783915
2 0.78125 0.6708365386654279 0.12109375 0.17610368693064138
2 0.7470703125 0.7848773326769405 0.072265625 0.072836071232802
2 0.5322265625 0.7197576361064477 0.072265625 0.107992321232802
2 0.4736328125 0.6561880597690406 0.0859375 0.08112600362819711
2 0.5986328125 0.7816469059555091 0.0703125 0.07862724160488854
2 0.3203125 0.7348183714778254 0.048828125 0.06420511569783915
2 0.28515625 0.8419891256753812 0.080078125 0.11998388974445628
2 0.2763671875 0.6571118923497701 0.095703125 0.13615452676776485
2 0.19140625 0.7918403035355299 0.068359375 0.10980903697697508
2 0.1943359375 0.6376457354774001 0.056640625 0.10549355920949344
2 0.05859375 0.6280227013374071 0.076171875 0.08859748048862937
2 0.2119140625 0.9058377021286224 0.0546875 0.06636285458157998
2 0.35546875 0.8444444922802696 0.078125 0.10819693511654283
2 0.359375 0.6160652765360968 0.048828125 0.07787699069783915
2 0.2880859375 0.5217789326172515 0.037109375 0.05793651293035795
2 0.24609375 0.5945312831171098 0.0390625 0.06777034255827141
2 0.236328125 0.5277840099775419 0.04296875 0.06790675181409855
2 0.3359375 0.48731713350113404 0.072265625 0.065023571232802
2 0.4443359375 0.46082905285033715 0.072265625 0.086507946232802
2 0.51171875 0.5227524250133553 0.060546875 0.08023934346532058
2 0.587890625 0.6543186555019844 0.140625 0.13967635820977709
2 0.68359375 0.6264106822697495 0.076171875 0.09445685548862937
2 0.634765625 0.5778305665719101 0.0546875 0.05269097958157998
2 0.701171875 0.4707745239209715 0.09375 0.1771019471398514
2 0.85546875 0.5259673770261436 0.166015625 0.1640005183726534
2 0.947265625 0.6102276820380814 0.083984375 0.09668279900028365
2 0.9228515625 0.42382824918916173 0.0703125 0.10401786660488854
2 0.9326171875 0.3040520848287296 0.078125 0.09452506011654283
2 0.8916015625 0.3866041626425446 0.041015625 0.06588542218618498
2 0.6767578125 0.7462891535720519 0.06640625 0.0609127073490614
2 0.68359375 0.5316841197697495 0.064453125 0.10186012772114772
2 0.8544921875 0.43218327471218676 0.078125 0.11796256011654283
2 0.865234375 0.2460349626657114 0.080078125 0.1102182647444564
2 0.822265625 0.2669953983516129 0.044921875 0.06406870644201201
2 0.8056640625 0.3894625340143475 0.078125 0.10819693511654283
2 0.76171875 0.3918341798862922 0.048828125 0.09936136569783927
2 0.763671875 0.3128008220142058 0.05078125 0.07794519532575284
2 0.484375 0.3450397477225653 0.09375 0.1614769471398514
2 0.4599609375 0.4047340648736457 0.0625 0.09788567309323426
2 0.3134765625 0.4416109052801279 0.0625 0.06077629809323426
2 0.169921875 0.5323009901284805 0.05859375 0.09188988883740712
2 0.154296875 0.438981915605172 0.048828125 0.07397074069783927
2 0.3427734375 0.3625558496988315 0.056640625 0.08596230920949344
2 0.376953125 0.44187443068731896 0.072265625 0.08650794623280211
2 0.4091796875 0.3961248070478929 0.07421875 0.07876365086071568
2 0.8662109375 0.6591550024796682 0.046875 0.0758556610699257
2 0.82421875 0.6449932904795264 0.052734375 0.08387277495366652
2 0.3251953125 0.5318638830476093 0.05859375 0.05673363883740712
2 0.9853515625 0.7629248597823959 0.029296875 0.05961681941870367
2 0.9931640625 0.8393695532940502 0.013671875 0.047352432395395105
2 0.86328125 0.8651073830377978 0.029296875 0.05766369441870367
2 0.0576171875 0.3262307865234503 0.09375 0.1399925721398514
2 0.025390625 0.23721478516287642 0.05078125 0.16192957032575284
2 0.0390625 0.21230159255827138 0.078125 0.14335318511654277
2 0.1396484375 0.37011100589582024 0.044921875 0.07383433144201212
2 0.2255859375 0.3145182595240173 0.048828125 0.07592386569783927
2 0.2021484375 0.22190292898905445 0.04296875 0.07181300181409855
2 0.3671875 0.2540334075477511 0.1328125 0.1237785396981228
2 0.4443359375 0.24989155285033712 0.06640625 0.06286583234906135
2 0.625 0.19565360593234232 0.09375 0.09507069713985139
2 0.607421875 0.34640695178112024 0.06640625 0.0589595823490614
2 0.66015625 0.2564516017347866 0.076171875 0.07687873048862925
2 0.6904296875 0.16766502346744694 0.064453125 0.10381325272114783
2 0.7421875 0.1948630711071565 0.0625 0.07640129809323426
2 0.724609375 0.31436641695593437 0.052734375 0.048716524953666296
2 0.740234375 0.38913080397924293 0.0546875 0.10151910458157998
2 0.8876953125 0.31127244088671746 0.04296875 0.050328626814098554
2 0.7998046875 0.17539073263060684 0.07421875 0.10415427586071568
2 0.8544921875 0.15386296221218676 0.03515625 0.04419643330244427
2 0.6728515625 0.10259805681622479 0.056640625 0.06057168420949352
2 0.529296875 0.13860064166457742 0.046875 0.0680431610699257
2 0.474609375 0.09274559958299745 0.072265625 0.06697669623280209
2 0.509765625 0.2717076578854417 0.05078125 0.09161707032575284
2 0.5810546875 0.197048689304287 0.06640625 0.11950645734906135
2 0.287109375 0.21998701780329477 0.041015625 0.06783854718618498
2 0.314453125 0.32641063259408476 0.0625 0.08030754809323426
2 0.1572265625 0.2994357850470424 0.048828125 0.048580115697839266
2 0.1015625 0.20178882815150562 0.078125 0.13358756011654283
2 0.1865234375 0.1393260419657459 0.14453125 0.11832839246560417
2 0.3701171875 0.16526852698962147 0.134765625 0.11212799432603632
2 0.6064453125 0.049497849467163416 0.048828125 0.05834574069783924
2 0.0205078125 0.3464192735930925 0.041015625 0.07565104718618498
2 0.5712890625 0.08342641616471916 0.05859375 0.06063988883740712
2 0.880859375 0.04540872468901998 0.05859375 0.03134301383740709