2 0.4048379172724701 0.40997147617024177 0.11631385514070458 0.19091400227405697
2 0.7878038170819386 0.41850888492930666 0.11390621218672381 0.11269803401517464
2 0.6096212567034414 0.5176527931170392 0.08053264295398099 0.08185469861417527
2 0.5289876494119327 0.7617078349900965 0.14724569257291797 0.13768199441617401
2 0.615418786585828 0.6746519349698332 0.10616188987982067 0.12405291097964533
2 0.4562283872380374 0.8481269571981838 0.08282665641946663 0.14053941687305738
2 0.4732162899989211 0.9137599769976839 0.08258803449362662 0.09952379187305738
2 0.3924563880679498 0.8003021756118591 0.14345307206141322 0.15703130789840936
2 0.30077314255644505 0.8241089337793283 0.08466615193097127 0.12109913513193993
2 0.256566482232906 0.7812338446041804 0.0785908809028304 0.08371685535529272
2 0.3179251569745879 0.7500480319493874 0.07260651346548563 0.06195957557864595
2 0.06805014941193267 0.7831763440863245 0.11600705552176752 0.13817962727405697
2 0.09789179485565083 0.7075475860736486 0.09233093359592753 0.09607238316746924
2 0.06492095920600713 0.5811188748452069 0.10992042154477705 0.09884422249740998
2 0.025058022413174716 0.6132571616522944 0.04366188987982085 0.12114192669541124
2 0.21260915568299754 0.6133132712995916 0.131882040396457 0.1818761233451156
2 0.2396581201139689 0.7292726998046802 0.07659230410743229 0.07581338709641061
2 0.4581694981881289 0.6780686298098602 0.07876132513557321 0.11301373035529272
2 0.5203286097226433 0.6165638955256258 0.08836786885168002 0.08612482164970459
2 0.3881694792814908 0.7350544246296238 0.0746846309028304 0.08353491883752828
2 0.6673697692162699 0.7054444011094518 0.053109352312034286 0.06690926798982266
2 0.6963320883262678 0.8144769238556582 0.08663063987982067 0.12314322839082203
2 0.7167426646599879 0.6289059605079526 0.10431103141946663 0.141540067720763
2 0.7927731539004279 0.7689583700409832 0.07485507513557321 0.11283179383752806
2 0.7996936624157405 0.6152741845054539 0.06310223628902456 0.10642660928423431
2 0.9354585758134395 0.6128581405131326 0.08060082064707785 0.09357344861417527
2 0.7641239669848506 0.881651018924218 0.05898009026088369 0.06913529776646965
2 0.6259911809541441 0.8128689686754217 0.08460933718672381 0.11133351013193993
2 0.63735702843875 0.5837620499926865 0.05317753000513137 0.07862801798982266
2 0.7130232522149462 0.49330022539627605 0.041356513465485634 0.06050408343652869
2 0.7505814636945023 0.5687202659775119 0.04336645320973309 0.07036067669541124
2 0.7648492424080433 0.5026083165358946 0.04727270320973309 0.07054261321317568
2 0.667868436763531 0.45535343285056945 0.07655821526088369 0.0699540120964105
2 0.5621837907353902 0.42315634383021483 0.07667184474937905 0.08948526209641061
2 0.49121289080317676 0.4811641852794195 0.0649190059028304 0.08308007754311664
2 0.4069735005551214 0.6091447420408005 0.14730250731716565 0.14744761941617401
2 0.3130019230525557 0.5754252809671521 0.08258803449362662 0.09952379187305738
2 0.36450406920344147 0.5290693096067705 0.056947424618937204 0.05537245450758732
2 0.3052455866957444 0.4175405448732401 0.1064914153964569 0.18069353597964533
2 0.1482519646471596 0.46490255221326704 0.1728408506522094 0.1740208317816443
2 0.052004069203441444 0.543624231027942 0.0904118974424761 0.10184078990858669
2 0.08804532701158635 0.35830208410917785 0.07677411128902467 0.10706338709641061
2 0.08636994315734076 0.23823038073861902 0.08257667154477705 0.09757066687305749
2 0.12104960040671972 0.32257593620817837 0.04529685231203423 0.06654539495429335
2 0.3127241819068013 0.6955879525965931 0.06872298936318466 0.0656838890608813
2 0.3192867575333539 0.4803803295610639 0.06895024834017516 0.1047463890608813
2 0.15551904310238254 0.3707886791777377 0.08466615193097132 0.12109913513193993
2 0.15638700648725318 0.18417427341885542 0.08658518808442273 0.11533072839082215
2 0.19852691232229697 0.20760908085288549 0.04920310231203423 0.066727331472058
2 0.20705527809981686 0.3302920828173562 0.0846093371867237 0.11133351013193982
2 0.25104604239521494 0.336057796992504 0.055267010391325644 0.10215648624870499
2 0.2535155304668093 0.2568197821041805 0.05514201795398088 0.08067211124870499
2 0.5292584068811444 0.30454013260177315 0.10444738680566079 0.164977567720763
2 0.5491532712443292 0.3661304500129499 0.06892752244247613 0.1008401390608813
2 0.6939913208632662 0.41213317385565806 0.06675850141433504 0.06363979580199897
2 0.8303471076011405 0.5112796298633367 0.06303405859592748 0.09470785928423431
2 0.8522739865052129 0.4184366198861901 0.05316616705628174 0.07667489298982266
2 0.6691000145115864 0.3312390270916871 0.06299996974937905 0.08884848428423431
2 0.630474988042293 0.40825370476933354 0.07667184474937905 0.08948526209641061
2 0.6008940393210549 0.36079010365256836 0.0785908809028304 0.08371685535529294
2 0.1294820322200776 0.5966716098020902 0.051213042056281854 0.07658392473094033
2 0.17239396747582997 0.5849046831066792 0.05712923180052942 0.08662245450758732
2 0.6759479660614949 0.5008879973150402 0.06087640051663623 0.05946064102535198
2 0.011840665367155605 0.6920189394644707 0.01597725141433519 0.06127462107105863
2 0.11896207332370218 0.8032721068553841 0.033544013465485634 0.06014021040099937
2 0.9520013702660151 0.3101906454243093 0.09599725946796989 0.14322028794411612
2 0.9800489719936265 0.22781691817051564 0.03990205601274699 0.1659728334365288
2 0.9682790887238037 0.20004241522380956 0.0634418225523925 0.14558007754311664
2 0.8714132147699044 0.3501441247973668 0.04924855410743234 0.074539831472058
2 0.7890069874578702 0.28951166667042433 0.05317753000513137 0.07862801798982266
2 0.8187577293107922 0.19825790865774834 0.04729542910743234 0.07444886321317568
2 0.6518507639271636 0.22068413229218686 0.13939910372636932 0.1314587463806448
2 0.5756107112340665 0.21251314438859742 0.07068747731203429 0.06772798231976362
2 0.39939766917778463 0.14648153768800637 0.09821303449362662 0.10025153794411606
2 0.40712559816247207 0.2994834612819183 0.06871162641433526 0.0637307640608813
2 0.3606703761688455 0.20591809036565278 0.08053264295398088 0.08185469861417516
2 0.335722255072918 0.11525831860168181 0.07091473628902467 0.10679048231976357
2 0.2821419914846875 0.14022088322094567 0.06686076795398088 0.08121792080199897
2 0.29261211931335784 0.2608597919265341 0.05498293667008758 0.05332836124870499
2 0.2725247359207902 0.3340805836447984 0.061126385391325644 0.10242939102535198
2 0.12940687085043787 0.24794782904320792 0.04521731167008758 0.0528735199542934
2 0.22632452917521895 0.11644629109909184 0.08068036128902467 0.10724532361417519
2 0.17343107289132564 0.09155868408891453 0.03737072282353904 0.046650271918764113
2 0.3568430157097333 0.05175766775397628 0.05894600141433526 0.06327592276646965
2 0.49776345237982084 0.09598920311444911 0.0492258282097332 0.07063358147205806
2 0.5551476994284057 0.05326657697742063 0.07460509026088369 0.06986304383752823
2 0.5083131208504379 0.2302999868200375 0.057163320647078075 0.09248182950758732
2 0.442406189498758 0.1513161734925953 0.07490052693097127 0.12064429383752823
2 0.7337342955921198 0.19147284041912935 0.04531957820973331 0.0704516449542934
2 0.6991746004067196 0.29564933157901113 0.0668834938516798 0.08512417080199897
2 0.8582974731624722 0.2784697934801019 0.051065323721238176 0.051193299730940334
2 0.9202634145665445 0.18376193419586762 0.08475705552176738 0.13672413513193982
2 0.8387996609079618 0.11722461693948397 0.1491420028286703 0.12800733767505645
2 0.6552399997545104 0.1316350082744222 0.13934228898212186 0.12169312138064481
2 0.4269055308350438 0.01606637846456202 0.05302981167008758 0.03213275692912404
2 0.9843926955243332 0.334080294152751 0.031214608951333656 0.07771833540099937
2 0.45933094493991045 0.03819277166265439 0.06286361436318466 0.06541098428423431