5 0.7546625053150797 0.2608442905028979 0.301976185615612 0.27686448637421646
5 0.6298013235046125 0.4774812497885277 0.27495162235458315 0.1834732894037847
5 0.871900331540538 0.362347366067002 0.25619933691892394 0.19555084243335297
5 0.3206292691523357 0.6039749193080426 0.20400139356641045 0.16992123031023043
5 0.44728349907599035 0.577907110401715 0.19933792121667648 0.13655867311318737
5 0.17280985096765214 0.5393618785936725 0.2710054337191011 0.20643249281265508
5 0.211135903797871 0.2501600768868126 0.1516258215959787 0.14624474318710823
5 0.7494613119383204 0.1128253403132468 0.1231660462166766 0.1303408174285038
5 0.8565445143989355 0.06496266494727983 0.12332547841371966 0.12992532989455965
5 0.13633868827315188 0.4056923096552336 0.2184704295516262 0.18080288068953276
5 0.12509710665718488 0.749701266096097 0.07708820720189236 0.1362800696994677
5 0.0638144291771732 0.27594879886209345 0.09414809697528087 0.1551336522758131