9 0.689699069624479 0.1506660514728165 0.07176883667317724 0.15126452816020092
9 0.4529382629662324 0.22767031092436532 0.2440529720739586 0.18086132396299176
9 0.24362424036171804 0.8428903913820822 0.3207719939676218 0.29347307953692425
9 0.5666862229317702 0.744251796529138 0.21838959014010428 0.16736708850348858
9 0.7413123385277772 0.5721451636286357 0.3548404822841149 0.41675204241015895
9 0.33565249537148384 0.6170862055783982 0.2664449038275175 0.13757835861791778
9 0.4386502353261281 0.38076522784953976 0.11396640838654526 0.20491387005632145
9 0.6559926241938365 0.342167813541474 0.09593368849678852 0.18415343781512694
9 0.856464776192578 0.10683054558375715 0.1040189454306426 0.19641849103343562
9 0.6358509371445744 0.20220516069640004 0.03506696404800369 0.08239991367781185
9 0.6792263730064233 0.3073940667888366 0.046603876092100815 0.0754068685052749
9 0.5981935987379337 0.35400929977650053 0.06563670473932293 0.1391360507464694
9 0.5600451875953124 0.07018687258850138 0.2549989107613717 0.14037374517700277
9 0.581548209774913 0.2732755199199836 0.03275016313619794 0.0666383378732347