2 0.5610168330994136 0.37757331909415104 0.1840168620105498 0.09191187669079426
2 0.6922984101644986 0.7454867040798335 0.10085194183801272 0.10265338001272672
2 0.5361854409418082 0.609495891599719 0.07341267976935528 0.07306105834261323
2 0.28268891835553966 0.6183097333008538 0.12061527971124753 0.13410792001511274
2 0.39477490257912323 0.6697827782861385 0.11370436201054979 0.09109371668124933
2 0.1773500518617077 0.5794638208147735 0.1371829257464694 0.06404541335136282
2 0.12330436714867393 0.6172322691557959 0.09280735396477807 0.07133520001193139
2 0.19727764467862097 0.50104337414466 0.14336990068836164 0.12461501501829453
2 0.14291819959324562 0.4225099783179552 0.11415515316020092 0.06963206834818103
2 0.16532468876050774 0.3655625433143759 0.07704577816020092 0.06920026167647686
2 0.21659064637493697 0.41383386497454666 0.05542482735562371 0.066997143340227
2 0.09416596473940819 0.18655684332233005 0.12805911603343562 0.10101842834977198
2 0.17542551594627395 0.1885433741446601 0.0856777329876639 0.08100991834420407
2 0.2796789232746301 0.11402849329647896 0.08704349103343567 0.10054116834420407
2 0.22305213784418082 0.05897805080363773 0.11343121040139537 0.08718746668124933
2 0.3039354231293607 0.2652365941279563 0.1715741692517443 0.10933091502227166
2 0.20694821258269586 0.33184806830841024 0.06909670235562371 0.0671562300087496
2 0.33354560352896984 0.5209596091263655 0.1059329257464694 0.06368178668045399
2 0.4125172825228018 0.560112331616025 0.0759121079876639 0.08089628500954493
2 0.2560490342191178 0.47494822246977414 0.07481950155104655 0.06527128500954504
2 0.3853368775210155 0.7304887399546611 0.06355154270069774 0.043673276674886186
2 0.29602559116977345 0.7950561824673879 0.11624485396477802 0.07160792001511296
2 0.47375327387136434 0.7509617782761958 0.1328258845968182 0.08546160835056749
2 0.3727093979505716 0.871375096624377 0.10761289913731509 0.059798263347385694
2 0.5160525294452967 0.8247487216044915 0.10484031930985216 0.04805678668045399
2 0.5680352825473899 0.9531549849319918 0.08485827816020097 0.06929116834420412
2 0.2582944777780346 0.8844347199733535 0.0639612701144292 0.049532651674886186
2 0.2708059134118611 0.7279119999701718 0.10438952816020097 0.06951843501352206
2 0.4849123360562374 0.6589603632738096 0.07513371689612058 0.04185651167647686
2 0.5972920037569351 0.7006564199256284 0.0568727128732347 0.031886346674090627
2 0.5409789786988273 0.7619078216005144 0.06677491367781174 0.033953105008749596
2 0.60677063757823 0.752346052424833 0.06704806528696627 0.037859355008749596
2 0.6148156804241972 0.6437658015893786 0.06142077816020097 0.06901844834102233
2 0.6059860091610101 0.5314724774228445 0.08263200155104666 0.0653621916772722
2 0.5264680269488693 0.4845072549331849 0.07804287252816078 0.055551113343408565
2 0.3782969862596146 0.44811445411960443 0.13219745390667037 0.13229115501670374
2 0.3751695823238904 0.34748306328574086 0.09280735396477802 0.07133520001193117
2 0.4361534089039908 0.38098095077778665 0.05042597091900647 0.05132669000636336
2 0.5165118327842868 0.2862196140993213 0.17538490718308664 0.0801022200230671
2 0.41626778976846207 0.15251077911165026 0.15532073856159634 0.15597864835295366
2 0.30915343781512694 0.08827424162557007 0.09335365718308675 0.07914770001193128
2 0.491743401148758 0.0578062591005144 0.10189009994189224 0.0616832083465903
2 0.601589724166369 0.025081762462217647 0.08989819833273804 0.05016352492443529
2 0.5371227595968182 0.07780272159454878 0.06314181528696627 0.03781390167488599
2 0.26468813631772237 0.3888402724677856 0.0590579257464694 0.06313634667409052
2 0.4642144093643872 0.3210356482734118 0.09952724752816078 0.05580110667965843
2 0.5053809047112474 0.12703992659932128 0.11415515316020075 0.06963206834818114
2 0.676791728964778 0.062494526575458745 0.10843235396477802 0.07151701334738572
2 0.6713487736769187 0.11044835907665186 0.06132526609154332 0.039744300007954175
2 0.5615502066936365 0.16157119325869662 0.10634265316020097 0.06954116168045388
2 0.5714590997966228 0.2054369624244353 0.09843464109154332 0.040176106679658485
2 0.6459237772394082 0.18013655991409486 0.07722341770069763 0.04383236334340862
2 0.7026317801962318 0.45997819074239055 0.15975990718308664 0.07992040668761269
2 0.6536054837877753 0.4996429474160834 0.09562099752816078 0.0557556533457948
2 0.664326684447083 0.6529632599160834 0.056831649137314866 0.0592073700071587
2 0.6230646770315653 0.8176393799232422 0.09144159591900625 0.05180395001193139
2 0.7161317980086794 0.8067828749105155 0.07331716770069763 0.04378691000954493
2 0.7301799389303653 0.6023517757400043 0.0854456451144292 0.04978264501113583
2 0.6443995466029022 0.5916216357515378 0.08263200155104666 0.0653621916772722
2 0.676482840999916 0.5472672432467653 0.07704577816020075 0.06920026167647686
2 0.2882287506302539 0.18038928996261533 0.07318059189612058 0.041833785009545044
2 0.31426119091722005 0.2172259449594337 0.0832193685052749 0.04585366834420401
2 0.5764155275791232 0.6676691982614806 0.05265224752816078 0.05525566667329507
2 0.1483825966945297 0.08134876581397817 0.05823847091900636 0.05141759667409057
2 0.07289360071741552 0.09200073082431859 0.04792654270069771 0.043491463339431546
2 0.09415212516985752 0.24226635915619368 0.058279534654926024 0.024096573341022387
2 0.8523381612551488 0.8677488248926186 0.1364589829876639 0.08160081168443112
2 0.9374098153115543 0.9036877765456306 0.12518036937689137 0.10335790668761269
2 0.9469911084726483 0.8547119282105738 0.10601778305470333 0.07190336668522646
2 0.7861028584972365 0.8010819024009704 0.07109089109154354 0.03985793334261323
2 0.8113640549638008 0.7010975373965956 0.07527029270069763 0.04380963667647686
2 0.9059540416592237 0.6980421690504031 0.07095431528696627 0.03790480834261323
2 0.8240803543044931 0.547504504893414 0.1161627264929388 0.12624996668124933
2 0.8041054604259835 0.4715030798954025 0.0610110507464694 0.06315907334102233
2 0.7995783819797095 0.2809711223942094 0.08999371040139548 0.08691474667806764
2 0.6630506561170246 0.3412011924132995 0.0571048007464694 0.0631136200071587
2 0.731942949738515 0.2641657040698908 0.07341267976935528 0.07306105834261323
2 0.8053355526126429 0.20955706322608447 0.10148037252816078 0.0558238333465903
2 0.7632683849119453 0.1670428465647206 0.07427319833273804 0.05745878500954499
2 0.656399505428663 0.21813159074636765 0.04651972091900647 0.05128123667249973
2 0.5816139203423945 0.22486594242324218 0.0988443685052749 0.046035481679658485
2 0.6091357648556237 0.05937234658460605 0.04765339109154354 0.039585213339431546
2 0.7648939099700529 0.10642779156392518 0.10034670235562393 0.06751985667965849
2 0.7675642854304493 0.046777935729663864 0.0432008378732347 0.031727260005567914
2 0.8716735147103543 0.2078077940504031 0.05823847091900625 0.05141759667409057
2 0.8830981262605078 0.35721049321693715 0.06536809189612058 0.04174287834181778
2 0.9426068431566282 0.39756704487591477 0.06323732735562371 0.06708805000795426
2 0.762967099190957 0.41431769906710686 0.08894216770069763 0.04396872334499946
2 0.8113721121804073 0.3238376023930163 0.11724194833273782 0.057958771682044774
2 0.8805500320624055 0.6142850607197211 0.06691148948238901 0.035906230008749596
2 0.7723564582692712 0.6184760782344363 0.07817944833273804 0.05750423834340879
2 0.8460079182102702 0.7632452740591527 0.04624656930985216 0.04737498667249973
2 0.9448058955994136 0.7893390573779033 0.11038820880117273 0.06593035835056726
2 0.9664270738903571 0.6892637857058013 0.06714585221928582 0.137900536680454
2 0.9071292305404127 0.5191721448818805 0.1047171281020931 0.13001985667965843
2 0.9444238473247835 0.255829122374324 0.06159841770069763 0.04365055000795415
2 0.8468952059672894 0.9157026573938116 0.0737268951144292 0.04964628500954493
2 0.9221744658300584 0.3010464440444375 0.05851162252816078 0.055323846674090627
2 0.870936642327463 0.006787063275798102 0.04656078465492608 0.013574126551596203
2 0.9127239661205973 0.00369828910727546 0.0754479322411945 0.00739657821455092