2 0.594573904296875 0.088059134765625 0.478611474609375 0.134272671875 0.517797072265625 0.16735049609375 0.59740266796875 0.180708150390625 0.65520235546875 0.16536579296875 0.668446265625 0.132998353515625 0.659375984375 0.093671251953125 0.594573904296875 0.088059134765625
2 0.75189719140625 0.195524322265625 0.698886787109375 0.2196600546875 0.734624873046875 0.29337477734375 0.796850783203125 0.302354619140625 0.8803395625 0.2564407890625 0.918619060546875 0.22145375390625 0.791954130859375 0.19133297265625 0.75189719140625 0.195524322265625
2 0.520853638630643 0.458624223511527 0.22054901948421435 0.2799654594806027
2 0.615724675051692 0.6999994159552055 0.23357505884087248 0.40342206189433427
2 0.12226385567460679 0.42230571425442376 0.1466733617752332 0.0802825337341333
2 0.25176687206439097 0.3529496998591964 0.13228042093374792 0.1337408514929388
2 0.3382373624105177 0.5715702713257607 0.17559044066501728 0.14260489419363642
2 0.39523943161113506 0.6949929572747142 0.19468592754613123 0.10309160304398546
2 0.3610895501752196 0.8471590677342173 0.16955951951950787 0.2394416893661735
2 0.21669040866190792 0.7882028913820822 0.11729943401734033 0.21050009344716702
2 0.11134322427398491 0.6098057142544238 0.14745039462538867 0.12702095792955626