9 0.5373182371774639 0.3906602116786624 0.08103598428423431 0.06750647748246608
9 0.6567826362154918 0.47409596989202496 0.07572241883752806 0.078849741671281
9 0.45895519101240206 0.5798236678779058 0.08548804383752817 0.07947555135658924
9 0.4673990836926385 0.5087601962555359 0.07072454973094033 0.055161917797157844
9 0.550591525276373 0.5494644133674774 0.09061967276646965 0.06422603716777431
9 0.35620202594902217 0.4345894152939268 0.13781575423852765 0.11593288672019231
9 0.37607036807087596 0.3774859905177178 0.1545751649085868 0.09948121915374708
9 0.24440304900481474 0.5367631130490951 0.23338511941617412 0.1610031596991517
9 0.16033309087787223 0.6244266502168694 0.2322935003095863 0.1375656596991517
9 0.4028175840022247 0.6363129009897555 0.1343643455329393 0.12544818784606893
9 0.40469844395910815 0.5715468711471012 0.06663636321317568 0.05100534392303446
9 0.15502491056310602 0.7207555849021776 0.2134899963806448 0.151939040328535
9 0.3146353510098121 0.6987735560631222 0.13649940705070396 0.12947959978313062
9 0.5245855182459325 0.516849250080748 0.08444460142635135 0.09888163941952754
2 0.7633751713676948 0.6386737295704116 0.33758569892376133 0.2241522054263574
2 0.7723997322128104 0.769345361664819 0.24882818289840936 0.15809820519564477
2 0.7155156759158089 0.8728973376822611 0.21290139526387963 0.18111075339147353
2 0.535825483349839 0.8422948864548714 0.21581237954811394 0.24361075339147353
2 0.49182660902248804 0.7177824192275736 0.08203663513193982 0.08899085248246608
2 0.6593405177280764 0.6972528676402716 0.08557901209641061 0.08142867635658924
2 0.6376073262991351 0.7143172299164806 0.09284570254311664 0.070210574104836
2 0.33678059216969386 0.7326156057239749 0.23992944892376145 0.21789410857327485
2 0.1264984284516121 0.3396080380560167 0.2070420202638797 0.18073526758028846
2 0.3241011455734659 0.27111487700719744 0.1782909548171736 0.19057658852436365
2 0.3106700093044976 0.1299513812869132 0.3267284548171736 0.20008889574104916
2 0.21188204120040843 0.19603011451411909 0.19891382392376145 0.21526570789498017
2 0.08294915503275668 0.49813568591961965 0.1258722761572918 0.1521661281607607
2 0.1169253654872327 0.15510030652454754 0.12905078008623322 0.13679145203488408
2 0.2406009406014992 0.04529885776578055 0.1999518812029984 0.0905977155315611
2 0.16856004368273508 0.009879168916112843 0.16133883736547017 0.019758337832225685
9 0.6370773826496132 0.24028419860880237 0.1704784548171736 0.19007594077611706
9 0.7129148580937292 0.3333720379060521 0.10056723428423431 0.06875809685308254
9 0.5316086326496132 0.24704294321013154 0.16139239919282122 0.16223154302787046
9 0.8717493757739656 0.252671097129935 0.18215441325370252 0.23171737546142535
9 0.8868846758679689 0.05363766579572614 0.11810256772076322 0.10727533159145228
9 0.8669949379643794 0.12956164116140423 0.07926479580199897 0.07128756554540439
9 0.9031063546826438 0.41637122629429446 0.19378729063471245 0.14059577613972007
9 0.9437099299517034 0.32963328867893815 0.11258014009659312 0.17024490090900735
9 0.5751285773348469 0.3402428294688985 0.1604345399085867 0.09985670496493215
9 0.47933448407596463 0.34442263938491946 0.06827379187305749 0.08616159392303446
9 0.4426612471546105 0.41925408409468334 0.08966719861417516 0.08558525023071262
9 0.4695073642967277 0.4488769789128818 0.059915482319763624 0.07394219617478792
9 0.7741975568626975 0.47146906616832585 0.19050733767505657 0.16020272208379516