2 0.240729931640625 0.254266177734375 0.299121498046875 0.246042654296875 0.37430253515625 0.2013160078125 0.4072836640625 0.15363260546875 0.287789130859375 0.155185490234375 0.225789439453125 0.186499107421875 0.222966966796875 0.2282082890625 0.240729931640625 0.254266177734375
2 0 0.41651403515625 0.0362034765625 0.43237700390625 0.1241558828125 0.44350209765625 0.183145263671875 0.409955732421875 0.206608708984375 0.324293587890625 0.151526361328125 0.3220884375 0.112037861328125 0.334025845703125 0 0.409572517578125 0 0.41651403515625
2 0.4154573021030704 0.48446441819225355 0.2728492231003068 0.31350272344458563
2 0.36040874066913253 0.7570767273684151 0.3125669229840913 0.43641657867802275
2 0.7966848858081498 0.29011286262227926 0.1591725402288584 0.10652926301300525
2 0.6606284829630757 0.27469520130711095 0.15672756034328783 0.1550161182817359
2 0.6093768198909297 0.5208265664061826 0.2006523409753278 0.17119063797771172
2 0.573107886559085 0.663963842696895 0.21200242729751606 0.13878380901734033
2 0.6289089798363946 0.7978483098643865 0.21488390379045486 0.26344253928607086
2 0.7605123744904274 0.6822263297191834 0.15773803930806585 0.2251011051275562
2 0.8358777242870503 0.4667858133293992 0.1701262837341333 0.1519061643213645