6 0.43992496245616575 0.45450538978700683 0.2509590097375851 0.40199603236029025
6 0.3561379783862376 0.35774011916006443 0.19028565239262152 0.2801263595938206
6 0.22273875507148722 0.21832718000517998 0.15598170048481974 0.3273170559339388
6 0.20062589742042214 0.351300220741209 0.18024729200311818 0.26404651829940895
6 0.2064435130841075 0.6285984866117678 0.3234148650556012 0.19265316945670063
6 0.3081665873527588 0.7450528554087694 0.13597316355318867 0.2990636233451156
6 0.26056577160552413 0.8176395618808274 0.16064785815574234 0.2592305857105859
6 0.4363541822175798 0.9218480743403008 0.2090767654212755 0.126830135441526
6 0.7801854829530476 0.1825901170942771 0.1406052293004234 0.22902402812176254
6 0.6648950273926215 0.24073710349777527 0.1496549239029772 0.18846324441617412
6 0.8386742324442512 0.3978164433455721 0.13851573660567174 0.22112055986288026
6 0.9522749198449634 0.29558769205375046 0.09545016031007325 0.20776438120299845