9 0.5343430143171137 0.5882186395785595 0.07994356426490734 0.06431837955902786
9 0.6469347881196703 0.5000804369281255 0.07442517006457727 0.07590075109210082
9 0.4420869192889486 0.402601942319141 0.08419079506457727 0.07612804853697919
9 0.4558515540869693 0.4731871992529951 0.06983695846523719 0.05237233211414938
9 0.535570733454928 0.42917533054548657 0.08959552899835055 0.06063942700390634
9 0.35078812961802086 0.5517416148593319 0.13593815733030934 0.11051312025034732
9 0.3748687259164539 0.6079284614825524 0.15300481113080422 0.09334413065112868
9 0.23182093065402082 0.45431021276527794 0.23082475999587637 0.1517576757211807
9 0.14154344005633007 0.3702332857613716 0.23014279839653617 0.1283201757211807
9 0.38195875569043314 0.34850378264987014 0.1323160579967011 0.12018782627239588
9 0.38871696258861876 0.4130705563723094 0.0658170481986804 0.04837516313619794
9 0.12899313852569083 0.2743028633164932 0.2110661894627629 0.14349058083142374
9 0.289490369325361 0.2897492914125003 0.13438284326325778 0.12413953576137171
9 0.5121511982872992 0.46278677443329036 0.08280597139736079 0.09561383904800358
2 0.7405949639578145 0.33147770362139817 0.3340353338609485 0.21076219414791697
2 0.739717032528165 0.20068651785486172 0.2463360997293198 0.1482151016329863
2 0.6742902806643299 0.09864587670763945 0.2079555613286599 0.1707434118534724
2 0.49878273109645366 0.13750054295533895 0.2117840807268454 0.23524199634244808
2 0.4643907522595465 0.26356720792031285 0.08056869573096903 0.08580275455902786
2 0.6326436529259383 0.2772423489722228 0.08424762519785567 0.0780811735369793
2 0.6097280743597115 0.26109456484900223 0.09171914439818574 0.06654426149288206
2 0.30897523942635063 0.25507036604674505 0.23637908386094852 0.20848921969913214
2 0.12936124208160854 0.6558887736271268 0.20410614146193823 0.1726056178755211
2 0.33117621338004155 0.7162124337471356 0.17515024726160833 0.18364247554088564
2 0.32846046054272204 0.8576548880357208 0.3235877472616083 0.1870973967030385
2 0.22516464147773232 0.7957206821089846 0.19536345886094858 0.2075345704306426
2 0.07400516635270125 0.49748026441375875 0.123346054862598 0.1473042788275175
2 0.13375512717641275 0.840436356382639 0.1267976637963712 0.13177019780546884
2 0.26592910983991797 0.951831854103125 0.19821083679719587 0.09633629179375003
2 0.19666796730556746 0.9873509635019532 0.16095187186589688 0.025298072996093657
9 0.6449653416130725 0.7342508692277349 0.16733774726160844 0.18346063758498277
9 0.7134128974491549 0.6382538905753479 0.09947481426490734 0.06477297444878483
9 0.5394965916130725 0.7317960568230473 0.15872962539571134 0.1559350496290799
9 0.8775681572471756 0.7123395281603305 0.17829680506045387 0.22470356002986125
9 0.9077788933415674 0.9121265217725267 0.11629324706375277 0.10615227536059058
9 0.8821250181437117 0.8354091329048183 0.0781609296647423 0.07013229507005203
9 0.9002606432268454 0.545211778706381 0.1994787135463092 0.1319082092983508
9 0.9442239205592167 0.6321493874638463 0.11155215888156667 0.16506424178342027
9 0.5757744150824333 0.6370021216025612 0.158864186130804 0.09348050911805572
9 0.4801281202157116 0.6367277316427521 0.06683999059769086 0.08353141313619794
9 0.4379863427844126 0.5635301871187504 0.08826753546441246 0.08207834251493074
9 0.46246768565195895 0.5328711604754344 0.0586865097980207 0.07163082518029507
9 0.7639802127864744 0.49792519376666733 0.18791284012915477 0.15271069196371534