1 0.7840931631815108 0.3597334209400519 0.2342172209182245 0.3112982233648849
1 0.5743348054576254 0.8260743942452804 0.09267182206141333 0.1514587783457948
1 0.6872297151967417 0.8937987909273253 0.127737168470617 0.13624285835056726
1 0.4764967482760331 0.853051780862101 0.11697290617397693 0.29389643827579803
1 0.6289952002876195 0.4956333267524392 0.17077409616371408 0.14846159502306722
1 0.33683256855487664 0.5215325650461342 0.14963060962919983 0.20680535168681735
1 0.21923600239629382 0.5904814650302259 0.15776127219698644 0.2615837583545444
1 0.6343729521636325 0.24274909258630287 0.16491472116371408 0.1483934150222717
1 0.6428274587736306 0.13248843675403008 0.30809508245273887 0.2535680867082935
1 0.8970997491059456 0.9085243771383498 0.1846845930895542 0.18295124572330046
1 0.7653332915011605 0.5626538809376657 0.11400847872636932 0.12631814668204466
1 0.4785761679154957 0.49876618589869015 0.14338489436831614 0.1403309216860218
1 0.4593580501099164 0.2768478683959062 0.19915187450902072 0.3265141433601124
1 0.3681892143668293 0.839301730883975 0.13432377219698644 0.2613110383513628
5 0.5456799370676235 0.7153819317413034 0.021825263465485634 0.058843743336249865
1 0.3494476893118711 0.7033322767146569 0.06497582064707808 0.0905937300087496