1 0.07061378682170533 0.2014737596382972 0.14122757364341065 0.2388850192765944
1 0.46189980818567594 0.5575045195785769 0.07414006014673358 0.1827315665580136
1 0.21745939331856623 0.5884333710412741 0.0982266058739395 0.2846008938712048
1 0.34872198103543556 0.7217303185849608 0.05661439504891119 0.06146735693957406
1 0.12412536339516403 0.092110862925247 0.16506080158730202 0.17066201197134606
1 0.2966295246054794 0.8903544825476581 0.11204987276208989 0.2192910349046837
1 0.48492996222083573 0.8541359334378673 0.12139054595791854 0.18940914772652384
1 0.5081924766749718 0.23177583958651993 0.15126077074104916 0.320643533887091
1 0.7548366980320207 0.852981243906801 0.08530869640550054 0.14390771002382907
1 0.7243462937661482 0.6422532381238226 0.052181267349575844 0.11406536424482239
1 0.5279028454688066 0.42765085632737065 0.11555440699981623 0.2810014711843962
1 0.7500307208148755 0.30247767197119846 0.1557695943844597 0.23878274350553064
1 0.6325711578534503 0.4724946621302065 0.08055254279715784 0.06968896002382907
1 0.10083644018203128 0.7786002085015591 0.20167288036406256 0.2618353469951751
1 0.8332060340877616 0.5454102516174387 0.122540239433371 0.29868187195546003