1 0.7681878437131179 0.5965068172981269 0.2991548149964274 0.34144592578778266
1 0.5045828916972092 0.17488049997069863 0.12461704177990507 0.1627684260332723
1 0.6092933275008932 0.08854026638759947 0.15713728775701918 0.15319597116371417
1 0.4039081344269607 0.16159431413052347 0.18187180292776983 0.31147863680566085
1 0.597828562160285 0.4900040389528204 0.20342492080279095 0.17298856898725323
1 0.3039243133962046 0.5156490280998168 0.19344059252637447 0.22564340334530653
1 0.17829588270605667 0.46802407347574837 0.2149794158591123 0.28238629488495226
1 0.6332178099789846 0.7383577135717575 0.1974289699982137 0.17100135514070458
1 0.6550030157272403 0.8459500328045003 0.3626929731003068 0.30081664104866634
1 0.8126709472420877 0.07213820659352502 0.21840810551582468 0.13598146052689886
1 0.7252730870731233 0.3998882292814908 0.14069283292955626 0.14138631757291797
1 0.44775215250535894 0.5125779548402567 0.17317201517075076 0.15914624975451042
1 0.45366688578356174 0.7353591972776015 0.26858769401931326 0.3510297436061902
1 0.29786585704228313 0.19712489034149877 0.19113218844538082 0.276390564498758
5 0.48884899503173335 0.2881162981753005 0.03353072494189224 0.06071731923274282
1 0.2940966378195927 0.33485429168804737 0.0830006652288584 0.09809940500513137