1 0.12533477222596565 0.8763686196224112 0.19573592430836645 0.2472627607551776
1 0.4793953612044014 0.4616309349601373 0.09506969967404078 0.18910232041333241
1 0.234982000814898 0.4729944444991467 0.1320328216295008 0.29323160003971516
1 0.346124838171776 0.31765998376382654 0.0617400923290774 0.06941622463432573
1 0.20524738028242018 0.9425483294435455 0.1836861404212755 0.11490334111290901
1 0.2737421093760298 0.1552146322018414 0.1388907477662389 0.23868046773446683
1 0.46410361302865394 0.16244484476141408 0.14221743506354423 0.20554552658184266
1 0.5666970449524895 0.7767268638353138 0.18942346895063533 0.33718901582666483
1 0.729621394582696 0.1172596129211279 0.10226854504765814 0.15408243810808417
1 0.7268648914388682 0.3311438463829719 0.06653273234496337 0.12026565848170145
1 0.5603747042449698 0.5792907792168741 0.1496109466295008 0.2935384273529065
1 0.795288014411921 0.664470589483113 0.18418763392680604 0.2609489569792891
1 0.6581964711885153 0.5155486419394264 0.0873352688712048 0.0815781696422686
1 0.10504754362879508 0.30849863484099194 0.21009508725759016 0.2966847696819839
1 0.8456695398768832 0.4084358121897792 0.157730273942692 0.31125292004765814