1 0.6146537068351209 0.193910704915288 0.3338185938780549 0.251796775043748
1 0.154858550457066 0.44717334997613745 0.1589362562029984 0.10140478168761269
1 0.08368992969559369 0.34063781498647794 0.14699277812176254 0.1383550700190901
1 0.1410636858985921 0.5470554449793191 0.2821273717971842 0.13245161004136174
1 0.4838290457006823 0.3623346724319918 0.16452811155829128 0.1795525083545444
1 0.4653009943683341 0.6553602390993213 0.2202590539694681 0.16068033169556695
1 0.3999996815587479 0.7791002774407414 0.27549236352276196 0.17303542836965757
1 0.7360336796955937 0.3330471082312547 0.1642552067816445 0.1736931333545444
1 0.8472494406549758 0.31320836404960767 0.2843590761978185 0.32149565503658917
1 0.08019048904061794 0.13186934332233005 0.1603809780812359 0.1932925633553399
1 0.4117989190457979 0.232384364109264 0.13640843879182163 0.12066331168443101
1 0.48370591139618474 0.5116691915977305 0.15348893093393878 0.15209512501988542
1 0.7072477556373025 0.5110201132340386 0.3419467902181732 0.21675415837840717
1 0.14623796164498104 0.6532166741426716 0.27253858767505645 0.15152832670272565
5 0.2652769928682428 0.4654091799610245 0.06163849410658784 0.024142026674885964
1 0.2835239169800106 0.6604035066239793 0.0949807640608813 0.0694275283457948