1 0.8768917755702943 0.16611331477534058 0.2462164488594114 0.19862367692635063
1 0.47298114443812583 0.5004892784205774 0.1912404360264205 0.09725256779472158
1 0.4786581762827522 0.25680329448680433 0.29618856844079433 0.13542081485847435
1 0.32584851164373807 0.36062690625789706 0.0708264711025326 0.0625359296647423
1 0.9440723054656401 0.24907181174016535 0.11185538906871972 0.1850504329967011
1 0.16165172495188299 0.28074310776243305 0.24377252842176628 0.14169890125995888
1 0.17331739011307445 0.47128645552898973 0.20877544591225228 0.14458220886094852
1 0.7902379348371679 0.6023839523117529 0.341465247052841 0.19331170279059817
1 0.13429630009349952 0.7344857246303917 0.15640252100739244 0.10404212539571134
1 0.348203279466121 0.7416851867243712 0.12176688859301865 0.0679197631299795
1 0.5925743911109529 0.5868784838506395 0.2969048221479813 0.15299893985847435
1 0.6832587117853546 0.825565059381691 0.26318107956235504 0.1871322474594641
1 0.5310840990004808 0.6816543618858146 0.08357980979069168 0.08826753546441246
1 0.3109779391157429 0.11536764342470117 0.3016433782314858 0.22141514499175272
1 0.4282929922985649 0.8639903343555878 0.3148012821289532 0.16132291105797947