5 0.35167326930857756 0.7200754049471048 0.1443790606620774 0.2222485383513626
2 0.6028877699590756 0.8615953715786404 0.18168484848423327 0.2636732433561353
2 0.5559712446307336 0.6767075699196627 0.0956615996716581 0.18654684834499946
2 0.6168361996840299 0.26023741158102665 0.16350917995209713 0.1775766566876127
2 0.45624290055548455 0.6056464582670484 0.07317855042954124 0.05550566000954493
5 0.3646811602510941 0.5091151782801729 0.02887913415868293 0.029615048337045202
2 0.6348722417757434 0.6982367140754587 0.09630066853213637 0.0870056533457948
2 0.5314852399946064 0.5852515949236399 0.03791994148562905 0.053143455004772466
2 0.32090599629829913 0.5808701374522749 0.05837242198083881 0.0709488466740904
2 0.36181510982155274 0.5638026782801728 0.0350455859904194 0.03554260333784054
2 0.4654593580404159 0.4484085324335826 0.07572921896167772 0.14142043334261323
2 0.4791865650452062 0.4658162074315941 0.08756693803692661 0.06933662167806764
2 0.423590292148499 0.5396606516052869 0.0331948199343316 0.037473001670909056
2 0.4196923472141674 0.5767927532722188 0.0292885699343316 0.0374275483370452
2 0.4822864010924112 0.5370257265973327 0.027130727046507208 0.0334985716701135
2 0.6305025730732501 0.4650314532443791 0.06032554698083881 0.07097157334102233
2 0.6805756155315331 0.5151990832372203 0.05137879353213637 0.08648294000636336
2 0.8419449118050883 0.1922282473842667 0.30751202510119935 0.24366610170670266
2 0.9484164885800392 0.07875313653727868 0.09968681874690688 0.1143721300127267
2 0.8551119480732501 0.4624178865472214 0.10256947930778515 0.09488633334659036
2 0.7221832824528895 0.6337829048973911 0.05528504353213637 0.086528393340227
2 0.750196518121153 0.6393127432268799 0.06771200107385322 0.13742327667488596