5 0.6128254325210406 0.6858601682661958 0.3291108970008505 0.26687191945670063
5 0.3192025983480691 0.2427762458627889 0.3043589228615662 0.33981711383234825
5 0.8773406136618842 0.30985427703257407 0.1652715970935179 0.15394377222835043
5 0.21920561049702325 0.8934798746369372 0.31520959890761624 0.20382610990340666
5 0.15655994953312008 0.5306025966699678 0.21246903402415906 0.27703882392376156
2 0.8878099412538426 0.6262846153802797 0.14233633869840623 0.22307368486288004
2 0.9019158118344304 0.8665885628574264 0.13350076927970278 0.19341293682735072
2 0.6349205790683665 0.445286008578372 0.16734254514041824 0.269087178969468
2 0.622420628744031 0.07496279621290179 0.22781499251193793 0.10225822477146698
2 0.5712146348715195 0.19680299549972607 0.13463543874473993 0.17006640508623327
2 0.42447909767268793 0.5332996231368459 0.20763272844286262 0.30606279414711457