5 0.7591422480042431 0.24278177574075244 0.29347607461943914 0.16962233405570126
2 0.42359772538110774 0.43359927987796354 0.25405212452429904 0.20677450061917257
2 0.7594407305618742 0.5236010227940464 0.28598190960041103 0.17707096102017195
2 0.42156339852806124 0.699633637042934 0.17999918849787844 0.11170276829940895
2 0.26026809529602846 0.6480924749262601 0.18175003089322417 0.15467151829940895
2 0.194069069250033 0.47182960271817304 0.1437652346955513 0.1314587463806448
2 0.39682759077960283 0.08207957144143481 0.28056356844079433 0.13977964950240737
2 0.1804817193446263 0.25301003024102636 0.18338482091225228 0.14694998655829128
2 0.33650787918288794 0.19374478856328864 0.20235898469555136 0.13418779414711446
2 0.11100493569561734 0.8055142920278506 0.17218668849787844 0.11133889526387963
2 0.34504336639910804 0.8487025297231704 0.1953423221479812 0.15335517111158525
2 0.17377189097152396 0.9219339469592907 0.15612065465749525 0.14762955593393867
2 0.8709761665418183 0.9204370819096992 0.14192816207186887 0.1591258361806016