1 0.8673207684247012 0.7859536185342938 0.26535846315059763 0.2869302680602335
1 0.648896720028165 0.209816594057565 0.31960376665979395 0.25687402423887834
1 0.2771363886404128 0.9343680298953458 0.3320462791962062 0.13126394020930832
1 0.6262192632447015 0.8048648147800836 0.400648003925526 0.29334008279384083
1 0.8526246587152992 0.6746072592187564 0.14564695219703094 0.11127836340273811
1 0.5451061022856497 0.5313726118334716 0.1966914523948866 0.18943983203381287
1 0.2726752231780622 0.7894835943911027 0.16970958366309286 0.13371774334565423
1 0.45556282445863927 0.30338092766064456 0.19564760952734028 0.22061024828857
1 0.15021003538127867 0.6703711734312803 0.12370793613080416 0.09477794220506541
1 0.11760656241686625 0.589059500380014 0.20577511579554644 0.16640025076002796
1 0.35646656398391774 0.5851366341722801 0.148566189462763 0.1445610721479813
1 0.44114792977946427 0.7466026927272427 0.10785561559769075 0.08632877224312141
1 0.7811066323564125 0.39565359999835925 0.19193275039571134 0.15998378954332693
1 0.23964388088828883 0.42528713132080825 0.46303434365896917 0.2919805126416165
1 0.7078481233498146 0.6267656664433967 0.14638574392964943 0.1366689884027381
1 0.13871531926284544 0.14123346592176628 0.27481645239488667 0.19262318184353255
1 0.5118863047636701 0.12717687813579873 0.4847101095273403 0.2323886425845324