2 0.3803204360728968 0.5630954464862487 0.2921231509503084 0.14144567974806277
2 0.8807490730269344 0.6443352405984659 0.23850185394613121 0.2262072563215214
2 0.6816885944375789 0.7023991189899392 0.17824169961943914 0.16726425046142523
2 0.14884027304962566 0.7933341147448317 0.21937337699575687 0.22054873920265838
2 0.5397239637346352 0.48630075571013154 0.07090605484777557 0.06688066779715784
2 0.6513555126416165 0.41452565739202496 0.10745834363107476 0.05558686960132919
2 0.6377499284206725 0.6092618136997031 0.08051251235728962 0.06360022748246608
2 0.4082544176791257 0.6719450657415088 0.1912404360264205 0.10381242095791854
2 0.46497956777371907 0.8866520357834984 0.11949542861204665 0.06415034122369923
2 0.5984685296082844 0.8947425865633061 0.10395001235728962 0.0651021707272057
2 0.4961533072700228 0.8347195953534503 0.08198813488583179 0.052006639419527545
2 0.6626066428688593 0.8348230182032099 0.07030585351690632 0.09995863086009615
2 0.3883268670607143 0.9277913257659645 0.08425959486680368 0.059944301356589236
2 0.8604144430115696 0.7634001696543906 0.19286857956235504 0.19157788402085685
2 0.7316789483344994 0.8959971998431138 0.10677855855496254 0.08671170766426739