5 0.3970780137256358 0.4080029272231342 0.1563456192273145 0.1837792695960413
2 0.343527771442245 0.23013692712420633 0.1638402714422449 0.22490855486259803
2 0.504159907457812 0.25137014548639197 0.1429915920123841 0.14247949392964954
2 0.06475547773350647 0.2502737004321237 0.10217074811516166 0.18804740086424743
2 0.05212258423668957 0.12814655779884537 0.09023331220555539 0.09613686559769075
2 0.1518302354501156 0.07649946992923717 0.13635132127719884 0.11111583366309286
2 0.42027469433327524 0.11645493055509297 0.1113263536759257 0.15909150666391755
2 0.908203125 0.12106732927451588 0.18359375 0.19462466712833
2 0.5982782218426503 0.06903417301661882 0.09890019368530067 0.10612981113080416
2 0.4876760976678808 0.6307803520877939 0.10034068979745348 0.1003272662640824
2 0.7465634363813067 0.5837649200803714 0.11003282905289336 0.12203896179719598
2 0.6137876792535869 0.5691866985840828 0.18373717884097163 0.2741913209288249
2 0.690895831233158 0.8831939894263506 0.25802941458553197 0.23361202114729873
2 0.5169455252129034 0.8908568994950516 0.19577377662604123 0.2182862010098967
2 0.38049592772227847 0.8419585584913403 0.10559004535821748 0.07125771179719598
2 0.15215206468026476 0.7593364633642474 0.09968108942048581 0.13732298099752582
2 0.8768265156695594 0.4248844124429695 0.12497432386909701 0.1146811028634227
2 0.7410604233627308 0.37612650344668075 0.09694706868530067 0.10607298099752582
2 0.9284028279632518 0.6067419077418148 0.1431943440734964 0.1311017247293198
2 0.8275924477504037 0.6971673449450313 0.14643479406226856 0.0704980195960414