5 0.8210545490572055 0.8104665597774025 0.32990281914791697 0.337501971990928
5 0.5584939819981777 0.7247547369847425 0.215576000901476 0.2892839492607835
2 0.29072667042547773 0.33148255682536093 0.266040667504601 0.3610172025927424
2 0.46648192462908 0.16776561658696929 0.24705329834635448 0.2999588563932372
2 0.11004314423289972 0.4931042967305567 0.20335719652274328 0.26745859346111345
2 0.3819837471486116 0.6044624801229692 0.27149254012977475 0.4275371128592991
2 0.7943593469786461 0.2924622087778148 0.13717497791571187 0.10743690419620622
2 0.2225370183055997 0.8818584812943093 0.30282856002986125 0.18057001039158793
2 0.8200901016329862 0.6633466030770725 0.35981979673402753 0.3213446003228868
2 0.9463873300947485 0.8661456514736087 0.10722533981050297 0.15402775352981446
2 0.8159524716232205 0.04618751814371171 0.18659244324644098 0.05032073766144339
2 0.6326128313774741 0.2614065352823508 0.2714421815629342 0.17380135325913415