2 0.2294446816319334 0.26126905418810786 0.17199000169079431 0.18168935054088564
2 0.2861862082769912 0.42181252635737876 0.16410932168999892 0.17564813758498277
2 0.3999915399725581 0.2115130922289934 0.12323005669158982 0.18641223831649312
2 0.4652019032463676 0.6516261963321184 0.14700845669556684 0.21625462718420163
2 0.528178479073868 0.6960723797238286 0.12854399168522646 0.13967361678342005
2 0.5518466666335242 0.2570511198690977 0.13347294169715784 0.2276551607613717
2 0.3801180216124457 0.40836958182821215 0.06356815334579491 0.09325157864722233
2 0.6441201174610245 0.30217919559544326 0.12493318835533973 0.16497332280546884
2 0.44282187743676427 0.47625326521992223 0.06349997334499946 0.08739220364722222
2 0.4865853766013098 0.4929011037218754 0.06322725334181778 0.06395470364722222
2 0.5994923207750027 0.44375721183797795 0.03988066000954493 0.07122168977951393
2 0.5902025874244352 0.5705284988820751 0.05159941000954493 0.07149444671336802
2 0.6287778324415367 0.4454156666726134 0.05725424500715892 0.05405270018029518
2 0.6451059907602874 0.5532466770733946 0.03567896333943166 0.045740145801562715
2 0.6704972999383552 0.46983054568559085 0.03960794000636314 0.04778418977951393
2 0.49386516828454774 0.3709671696888025 0.05327981500636336 0.04810240620234385
2 0.46638505828295684 0.38204948684314277 0.04764770667568141 0.0674972777354167
2 0.42375652410886633 0.4357596078301653 0.03776844834102233 0.05750435529053832
2 0.3299283491307403 0.27239928037035616 0.05948009001034049 0.0775356596692709
2 0.29678135662000216 0.3507507613022572 0.06724713667647686 0.07381124762517366
2 0.4142074866227861 0.332970518140799 0.05729969834102233 0.05795895018029518
2 0.9207713882976721 0.28419765078550424 0.1545936900262488 0.19690521514010428
2 0.9534617949355711 0.4969299840870668 0.066997143340227 0.05232687262517355
2 0.8634475949335826 0.5094872850941847 0.02604969834102233 0.05723159835668401
2 0.8403396316040939 0.4806214587264764 0.023914760005567803 0.04156113886770829
2 0.8907579391112526 0.42904630069535665 0.0260042450071587 0.05332534835668401
2 0.7056762766052869 0.4686956914871534 0.03949430667170439 0.03801856477951393
2 0.7721734332730141 0.46242881411232706 0.033907651674885964 0.061319686312586885
2 0.751336084102503 0.4902718019780822 0.01401277500397713 0.02961509142282992
2 0.6799327040897762 0.5823852603749572 0.04374145667568152 0.06740635875746537
2 0.696216093252731 0.6101154160312505 0.03592895667568152 0.06722452080156271
2 0.7939291599200604 0.6075055779800353 0.04739771333943166 0.046012902735416805
2 0.7081407516112526 0.4247958384761291 0.023869306671704393 0.0376548888677084
2 0.7196208716084685 0.4455764079099832 0.013921868336249865 0.02180259142282992
2 0.7033481616009121 0.5008767944981777 0.016056806671704393 0.03747305091180553
2 0.8822209224817055 0.15533604376150248 0.23460363502545345 0.1929096791881078
2 0.7478302874860803 0.11997277652217944 0.0559147400143174 0.10674161569131951
2 0.7251413991386945 0.22298834714344679 0.059525543344204124 0.0814419096692709
2 0.8090007774705696 0.23568529266940175 0.11505393002068098 0.15498040036059035
2 0.7302841999522749 0.3686552678548617 0.05214485001590852 0.11836944671336802
2 0.7494191016371037 0.235275340755643 0.03599713667647686 0.07308389580156249
2 0.7109240841323311 0.2695451307206169 0.039698846674090627 0.05559668977951393
2 0.7740817891172181 0.38237341885681486 0.04621729501511296 0.11237369324644098
2 0.6855220957988652 0.26993071986393286 0.04235649834897659 0.11618902426848965
2 0.6763687224498887 0.3849832569080301 0.039426126670908834 0.03215918977951393
2 0.8837301932984676 0.277474545494966 0.1006775283457948 0.09411530893776043
2 0.8375469882837523 0.384827414748525 0.023914760005567803 0.0415611388677084
2 0.6527693990690955 0.7341380370182731 0.0850525283457948 0.0937516330259549
2 0.6694725473922208 0.8097424849190544 0.04546731500636336 0.047920568246440975
2 0.673164262412504 0.66037388190803 0.04769316000954493 0.0714035277354168
2 0.695045669905743 0.7107013535312505 0.015988626670909056 0.03161367591180575
2 0.752856718252731 0.6114337412115458 0.02214344834102233 0.057140679378732795
2 0.7119192682308569 0.7716573639320319 0.037859355008749596 0.0653168552905381
2 0.7074562148910277 0.8194180074540804 0.029865041673295067 0.04951001733463545
2 0.7379114657264823 0.8044976295332038 0.0395397600055678 0.04192481477951393
2 0.9072324524089246 0.6921962080851136 0.03170453333863632 0.039789851823611055
2 0.686096152381085 0.8921828703198357 0.1540027966860218 0.14612396514010428
2 0.5923688790480168 0.8880476898490022 0.0455354950071587 0.053779943246440975
2 0.600238879893414 0.7993396105604171 0.023914760005567803 0.04156113886770818
2 0.6509853557149485 0.8874583495182731 0.0707897600055678 0.042652166603124986
2 0.8167503032006311 0.9904921590626523 0.017941751670909056 0.019015681874695378
2 0.6391295615352901 0.9745241716128908 0.1413749800087496 0.05095165677421831
2 0.7343902007081876 0.9392177950442281 0.04596730167886309 0.09088931824644098
2 0.413635214881085 0.8817145982137155 0.11609935669954397 0.2365708035725691
2 0.637223258225289 0.8109455283509555 0.022120721674090404 0.055187554378732795
2 0.8903374957730141 0.46517911319535665 0.018100838339431657 0.045331010400781246
2 0.8642430282761958 0.4411279100941847 0.012127830004772466 0.03542900693385409
2 0.7937146249403437 0.45804605599105974 0.02573152500397713 0.02988784835668401
2 0.7169177665997191 0.5099840734210075 0.023801126670909056 0.03179551386770818
2 0.7405370799351735 0.4949045872887159 0.013876415002386233 0.01789634142282992
2 0.8536372007777866 0.42915913290481844 0.018146291673295067 0.049237260400781246
2 0.8800605207670484 0.5088971282504782 0.03799571501034027 0.07703560529053832
2 0.8062628982833546 0.3870297504249139 0.020008510005567803 0.041470219889756965