5 0.7831322962415513 0.18022149757775288 0.34357558105590225 0.3234394417293643
5 0.6699271889722231 0.43978151673155186 0.29247825459490695 0.20653380807926158
2 0.24966621836643654 0.6943376426337432 0.36689178569768477 0.25627382290800904
2 0.12973252179528397 0.5123073634984253 0.25946504359056793 0.23810214306023347
2 0.38980515127152954 0.8832436511416826 0.27099387959490706 0.20565838688158866
2 0.531208390020603 0.6128038345544817 0.4354220369936339 0.26101237899151375
2 0.26755599151724574 0.18955264819452355 0.10910496182858775 0.13483856226214952
2 0.7878632701453141 0.7823659645930847 0.1840054456883098 0.3013681583646821
2 0.6399313137368638 0.1761775506184114 0.3295123725262723 0.3523551012368228
2 0.8562385789938081 0.05322022908829466 0.15471034201238387 0.10644045817658931
2 0.025415415468865804 0.15607259819397665 0.05083083093773161 0.1839485536120467
2 0.21953532404537104 0.34914848873627585 0.17736517495312448 0.26995899087419617