2 0.6564241957810423 0.6141564114722228 0.1911350915868284 0.2970601040078127
2 0.7534745971832375 0.5676467204099832 0.14191414094251664 0.2139832857613717
2 0.8354214474486079 0.7168351184910597 0.16862712714770645 0.2770287996290799
2 0.6529218799459111 0.41704989468363773 0.1639352258590827 0.11305721860703133
2 0.6811522911005015 0.3601600590072488 0.1661954276908193 0.11896205309600716
2 0.8546138547311404 0.39443393153711004 0.14481341163473127 0.12041512371727436
2 0.8764689436333357 0.34617405014930624 0.16834496551297518 0.15997767809600716
2 0.7187982707180707 0.9394133811018666 0.17893776712994125 0.12117323779626687
2 0.7733018154944172 0.8529166191324224 0.17625982445688737 0.1621126410519098
2 0.7447975477707638 0.7556914177647142 0.13258286691517052 0.11037674178342027
2 0.5917981187789487 0.9185183464325957 0.16340682100818493 0.16296330713480867
2 0.5778994141490077 0.7908216719683164 0.1444980297373264 0.15161966422829876
2 0.5084528126394271 0.8243186506207035 0.10944413868123859 0.15275451842673626
2 0.42173101042874883 0.8793064700674698 0.19238000904511154 0.24138705986506048
2 0.45483873247255935 0.6201935418632382 0.18261438404511154 0.24614247554088564
2 0.3790845983138765 0.5891692062821617 0.16565871777425312 0.2203881746290801
2 0.4420272543521988 0.45018074788528684 0.17462208135429225 0.1308626410519098
2 0.5337895600115795 0.37721295034509594 0.10297061001776542 0.1408993899598091
2 0.7122944305458094 0.1541061880202263 0.09280385430778493 0.09579567700390634
2 0.20925262465928607 0.6427632290078127 0.18291315581117973 0.2890657660519098
2 0.15066998317984293 0.3624435155058595 0.22723748727904336 0.20426475327630222
2 0.09548449513673031 0.5191692071141494 0.1447027476251508 0.15552591422829876
2 0.3394065955724576 0.353181210936502 0.0937333898686632 0.07630988649288206
2 0.4440135996148724 0.3019705453301653 0.179449561849502 0.14853168502986125
2 0.4492367092092825 0.15968790700850732 0.10297891508343393 0.10383547444878483
2 0.6210950990779458 0.23781617306041716 0.13422061001776564 0.14162674178342022
2 0.739242551446609 0.3146943031654954 0.12282554698083903 0.0730855288275174
2 0.5730069475053935 0.6044118831907557 0.11663417995209713 0.1782815218936633
2 0.27710570655050504 0.8394167839325957 0.09577226368123859 0.15243630200390634
2 0.35504675132685165 0.7446691247140628 0.08407012381257539 0.07803571404800347
2 0.6815602724992076 0.8332246278950526 0.049331614653892686 0.047966027735416805
2 0.639776955419866 0.817621541126563 0.04121203782215588 0.04192481477951393
2 0.45538924906557376 0.6865316026297746 0.1153118187469071 0.11582698138263892
2 0.500098101112081 0.72073483638724 0.05867949881257539 0.07744474069131946
2 0.3614566429198661 0.8111435639475263 0.074099780924751 0.07390216660312499
2 0.271582476112081 0.7154160761770836 0.09044129353213637 0.08793771751493074
2 0.08845629734740852 0.459507975636198 0.10554619374690702 0.11559968393776054
2 0.2204540783289452 0.4284422631310332 0.055702784373453496 0.05786803120234385
2 0.15996533878862396 0.16758561039561645 0.13154266734471176 0.1649733228054689
2 0.24061059051297518 0.16165967918810784 0.10091512607385333 0.1389008054708334
2 0.5633257222400232 0.45690548620177995 0.0468583898686632 0.07521885875746537
2 0.6701818195936178 0.6905555839171013 0.05724647359780466 0.05010099069131946
2 0.6445699718734534 0.07157406712851616 0.05241068803692661 0.06949586222439241
2 0.3059807934753507 0.19926992507981794 0.050875303878243794 0.04019898722439241