1 0.12647529398426802 0.23447404595679208 0.25295058796853603 0.33604462365470184
1 0.7367811227404535 0.2875885941341646 0.2333612155248661 0.31124259977146695
1 0.12016157305785527 0.872230853236029 0.2008609525927424 0.255538293527942
1 0.18650970061418534 0.5132759806648791 0.2610818759892785 0.39250331213693723
1 0.24209016124004112 0.249879703007496 0.09973806446276301 0.1431293196852338
1 0.46565405004672145 0.49791864505561 0.1752070773948866 0.18955486352276196
1 0.30483509559014393 0.8493125266216712 0.11989444592882481 0.16552337727405697
1 0.7049971077466389 0.5061325692686944 0.20823971199505165 0.18524194892376133
1 0.4512551258587625 0.9255620517967277 0.0834879329967011 0.12091719861417527
1 0.5362160633587625 0.9147368289897313 0.15015743319455677 0.1705263420205374
1 0.4715761264523296 0.6976832046089039 0.1348374843294846 0.14281362334511538
1 0.2963063476518347 0.6719179363094949 0.07717391693047437 0.10501929383752806
1 0.5235002014056082 0.2238711481571092 0.14585337226160844 0.1862372146395272
1 0.6610217368542265 0.7621683509084956 0.2505356583195879 0.4756632981830089
1 0.3294438356100617 0.373250352045524 0.12501502919620622 0.14040565705070396
1 0.9279358650872573 0.7756558863168084 0.11059849119125786 0.31527722446188067
1 0.8768303068095669 0.38114333953257407 0.2402017319868044 0.4793023180303493