2 0.6309669466307288 0.1556767632110131 0.1888156581057867 0.2510091607925251
2 0.5480693627475691 0.12951815818186807 0.1615949747880785 0.16163854616548728
2 0.5352465552550913 0.6121777541375739 0.14455338348275415 0.21079180757574578
2 0.6522016456179964 0.6455860018007546 0.1728728103207171 0.29054479616548723
2 0.8466349736693852 0.6544456039744324 0.16520728180983757 0.24728004824007987
2 0.9007306062678238 0.3518132136714104 0.1985387874643525 0.2104083941957855
2 0.8022164321399297 0.40517102954552586 0.07707406609340262 0.10478933869463236
2 0.7916561876772559 0.5091900816725636 0.07026291906226834 0.07129021576922479
2 0.7160354557614577 0.3527192364977327 0.07087293850150456 0.100439091806521
2 0.5155847144795711 0.2863164463054069 0.05939855054201382 0.08016784699300206
2 0.458369927250578 0.3289903516492241 0.04741153369467588 0.054037227179483116
2 0.6828186070339688 0.48991227513991964 0.0671136599906248 0.057470341806521
2 0.7140199117582744 0.47575154225530725 0.059911179429860795 0.08602722199300206
2 0.6532304460418396 0.3427327663229017 0.07858804795011554 0.07774158662003994
2 0.7450999211243625 0.39278743748258355 0.05073166906226856 0.0698102261421869
2 0.6447627739750579 0.013118973799562214 0.07468179795011576 0.026237947599124428
2 0.5422064450994204 0.44453414054783236 0.052098679429860795 0.0854352261421869
2 0.5095894347318278 0.4312771239510928 0.06303653369467588 0.05522121888111342
2 0.45430386769600606 0.42858515740679864 0.04758240999062491 0.055990352179483116
2 0.371306236275346 0.6147700425233396 0.16982271312453678 0.14480041597900617
2 0.2751529013906819 0.493278309900954 0.20991047090023118 0.1594791452330817
2 0.27518787293888763 0.6397481156585285 0.05710367295011565 0.07611359803029827
2 0.30606026313674656 0.5656470728671568 0.07043379535821748 0.07324334076922456
2 0.23224302774571626 0.6882219657634192 0.13493472997187472 0.16737906068763442
2 0.1916067838719317 0.6057770106293835 0.04799764832708331 0.038560226142186904
2 0.15049376832054284 0.5852994898834591 0.04631279017442119 0.06365485321677955
2 0.09912640368813541 0.6049204618764612 0.0675767079407405 0.12929196991840963
2 0.08394143249345958 0.554953206171332 0.07314391128657396 0.05986746369463214
2 0.12694781102777689 0.46223804564103366 0.09033070275694421 0.12325545747085509
2 0.1587657736225097 0.9719891013986082 0.03059039962303234 0.03918136047785303
2 0.23000614084681525 0.9547943897785685 0.04672802851087954 0.04622472717948334
2 0.16137849899947737 0.9344357295104968 0.03161565739872674 0.05090011047785303
2 0.17552714567708166 0.8714323023834591 0.03161565739872674 0.05090011047785303
2 0.22727212011163014 0.9235443897785685 0.03840289962303234 0.039773356328668186
2 0.29536322826429223 0.8928258021212323 0.058226321277198845 0.11112184906759448
2 0.35116230984999836 0.8227341472960632 0.10536958812453678 0.13991645020978138
2 0.36700776708367905 0.7566530337063216 0.12404645664479141 0.13163081483681927
2 0.44507034808049595 0.8736173819930413 0.11054545794074055 0.13254794709789275
2 0.12027832151354001 0.8579241488578131 0.03391053499062491 0.05495435944055682
2 0.13086247078304244 0.7991229696561828 0.06686929795011559 0.07685359284381721
2 0.19640238689988276 0.7617164434615505 0.06323131479745348 0.10180022095570584
2 0.25100444875190825 0.7565959100058447 0.07053118590960628 0.096532841806521
2 0.4588635184387134 0.9413847611422261 0.04631279017442114 0.06365485321677933
2 0.45819373698240584 0.7988952048660034 0.07416916906226834 0.07158621369463214
2 0.49361913949178093 0.743126851130576 0.07150686274756901 0.17421384491840963
2 0.366346395382637 0.9513443993706556 0.019384278510879538 0.044152741701630305
2 0.3921522587190954 0.9316942888928028 0.01708940091898148 0.04009849273892652
2 0.3557564933439806 0.43703566752333955 0.047435438501504446 0.09866310425407554
2 0.40567052379878377 0.47945612939980076 0.05029252591898148 0.04261447510489069
2 0.4436223278751148 0.4638008376457251 0.03593714573518514 0.03376598236596429
2 0.464922102851677 0.5948967803322062 0.05454052851087954 0.04681672303029827
2 0.3484189936975105 0.5329462217249699 0.027953769439235998 0.031220861515149245
2 0.20558278292951254 0.6981064512412722 0.035448421654166506 0.07253248444055682
2 0.3333681559265036 0.4957482780011924 0.023119652214930397 0.04249561462703777
2 0.15127732104183952 0.38076849973777316 0.04562928499062491 0.05584235321677933
2 0.22902382557766127 0.38175847821097386 0.06686929795011565 0.07685359284381721
2 0.4188058651041079 0.42734288873546666 0.03178653369467588 0.05285323547785292
2 0.41727904518194336 0.5110166965676337 0.027880283694675878 0.052557237552445235
2 0.37905985992031166 0.4224903679895423 0.027025902214930397 0.04279161255244546
2 0.3710516931554968 0.45455436228441304 0.03908640480682868 0.047585856328667964
2 0.37250591299513824 0.31386993204548663 0.057787178133911876 0.08392609803029827
2 0.3952838126181706 0.3494993174184488 0.03840289962303234 0.039773356328668075
2 0.3536471014375574 0.2219104888403574 0.040892558317708216 0.09040660736596429
2 0.3230447494111108 0.16426416285550655 0.02277789962303234 0.03858936462703777
2 0.1089553333533557 0.4026531638986083 0.04665454276631931 0.06756110321677933
2 0.1580287060559022 0.30063094449884675 0.21293843461365725 0.10538364108389686
2 0.03390787800451334 0.28644337966783295 0.021337403510879552 0.04430074066433409
2 0.36816229117592564 0.12938818826926393 0.09924194627719884 0.11422982728437386
2 0.33542398545011565 0.04732779978441308 0.05131778369467588 0.05433322510489072
2 0.2934557027569442 0.0957276504079519 0.05141517424606468 0.07762272614218693
2 0.06469571571643493 0.13272277800699794 0.11367081220555536 0.10174194398600411
2 0.1808827484096063 0.07869896680071548 0.05710367295011559 0.07611359803029827
2 0.2530022875825231 0.03881634115385671 0.05158605054201382 0.07763268230771342
2 0.30262414638315965 0.014882698648031623 0.04816852462303234 0.029765397296063246
2 0.41635649192986096 0.0510254673135581 0.04028253887847211 0.06125773132866805
2 0.9181095218548602 0.4376767141900585 0.09074594109340262 0.10582533143355866
2 0.9081473444280082 0.5485317038170963 0.07885631479745348 0.10298421265733615
2 0.40995438360092484 0.5508931908625045 0.03322702980682868 0.04714185944055682
2 0.3896909331414341 0.5327679310081903 0.020141269439235998 0.030628865664334093
2 0.4083660303376144 0.6788083091200791 0.04741153369467588 0.054037227179483116
2 0.3014806890322902 0.7380254999941944 0.024486662582523078 0.05812061462703788
2 0.3053493104979729 0.827188685419602 0.02507277721493051 0.04264361358974167