2 0.6357283808235517 0.12289873448953431 0.1970193817838337 0.1947519022394082
2 0.49733731838033735 0.23863120170078178 0.19270369600818493 0.18666625063025388
2 0.7337249279179618 0.2581017660423672 0.19651589212994125 0.14801347804398535
2 0.3311197789474014 0.49544615236008954 0.22909655840079957 0.17558931591722005
2 0.3067223265787382 0.5710989483081498 0.15169637607385322 0.14682535953871056
2 0.7351994784610745 0.41562201201948135 0.2381456707934142 0.16260031994010593
2 0.5388343212921132 0.3194060452932183 0.0993880469808388 0.07700471442428125
2 0.7191858053495968 0.5169591164446558 0.17698464212994125 0.1466477199982137
2 0.4925942376197573 0.40339711259162747 0.09342631303692661 0.07464186201054979
2 0.4901376229658647 0.45027211259162747 0.06988645409301442 0.07104982735562371
2 0.5694646660178602 0.5332665404948091 0.07461988070998027 0.04997517976935528
2 0.44560307199939675 0.5759822157808823 0.07718715937345344 0.06183050557393255
2 0.5777460863311333 0.5609039739719233 0.059711393317365635 0.06255444833273804
2 0.47830270734550423 0.6203988512984933 0.048922178878243794 0.04234031930985216
2 0.5664492297052848 0.6093701275925206 0.05097766282215588 0.0444300201144292
2 0.609116404484328 0.4078978768169973 0.05374965937345344 0.06019159591900647
2 0.5897345403673622 0.3878475477650576 0.07102070754171708 0.05556140316020086
2 0.5254819807223523 0.3699618997183928 0.0607432878221561 0.04511289913731509
2 0.6540479336279421 0.2189160748346083 0.08345597014910222 0.0700527329876639
2 0.5693428934877227 0.21997430983371513 0.07985679698083903 0.07563895637850959
2 0.6205073149884205 0.3205057990009772 0.06372000226127783 0.06478072494189213
2 0.824921561229934 0.7829737669631599 0.21788129805469203 0.22150828528517996
2 0.624333423085622 0.8787308853231653 0.05837242198083881 0.07413662252816078
2 0.5865379522860218 0.8015891401215745 0.058278368102595124 0.035210698332738044
2 0.606781562360573 0.7680651074780913 0.04440177521477073 0.030348417700697627
2 0.671601248729934 0.7936949676224676 0.05622288415868293 0.03312099752816078
2 0.5784321821307337 0.6406406594604804 0.04121203782215588 0.04374714109154332
2 0.6035793673694556 0.6992071852941115 0.06444481993433149 0.0414798007464694
2 0.5708880370890166 0.6917633489719234 0.03206887155129756 0.0178102128732347
2 0.46145355255139214 0.663415357332822 0.07081598965389257 0.05165515316020097
2 0.43966625325248976 0.6892634657808823 0.07050891282215599 0.04579577816020075
2 0.4710393748605729 0.7775571258962046 0.049536332541716854 0.05405906930985216
2 0.6210385232942066 0.6259855296620713 0.04049552521477073 0.03007526609154354
2 0.6035669097709531 0.6437479865009772 0.022303246551297562 0.017127333850348814
2 0.5467215668831287 0.6516149348337151 0.03813296443912195 0.022126190286966274
2 0.8962451930705533 0.7030665892052477 0.1424093255307406 0.30379930229751606
2 0.9194406023872211 0.5389563331709188 0.10093173620519003 0.0693287902288584
2 0.8190635353078797 0.5605701367043544 0.08736222014910222 0.07032588459681821
2 0.8323425846635677 0.6413722044631599 0.16475409741038005 0.13606264017075076
2 0.6814830393502945 0.623704804720179 0.12231375226127783 0.06887799907920744
2 0.8147520020650652 0.5871421879112202 0.07636828782215588 0.04620550557393255
2 0.7711096138639675 0.5658693689164951 0.058892521766068295 0.046929448332738044
2 0.6820584711403141 0.6684218160133133 0.11409181648562905 0.0605191958608986
2 0.7625722961909138 0.543114747939381 0.11984883254171685 0.058975798274630176
2 0.6497087870322309 0.5801964438002796 0.03535266282215588 0.04333741367781174
2 0.8142180956033875 0.7272891725952001 0.1051367579712581 0.11243411603343567
2 0.6984165938790363 0.7276029329675415 0.04440177521477073 0.030348417700697627
2 0.30777913628053366 0.6994588950898412 0.10236476141996076 0.0966725402288584
2 0.24019991095837767 0.7450498095431763 0.053237864653892575 0.05042597091900625
2 0.38523465061227025 0.6882047758090429 0.07502931648562905 0.05778767976935528
2 0.34319958870598255 0.7290905173028749 0.03217123049520976 0.0197633378732347
2 0.4554060697949045 0.7416769331373991 0.05807365021477073 0.03130444833273782
2 0.28857157324360705 0.7689108765264585 0.06660266282215588 0.04552262655104666
2 0.24205898208013388 0.783839157934022 0.05252135204650721 0.03675409591900625
2 0.2652447372531876 0.8055694603768073 0.045220646766068184 0.04597341770069763
2 0.4239375452306318 0.9151225548900366 0.04275572704650721 0.036071216896120584
2 0.1656823891923095 0.7930718643125315 0.16083954234471176 0.17276228775701918
2 0.14201940864031415 0.7061850259789004 0.05919959859780477 0.052788823332738044
2 0.23011059899530434 0.6776464651752165 0.04440177521477062 0.030348417700697627
2 0.15966117071077285 0.7594384800308402 0.050662280924751 0.07554344430985216
2 0.10465693973542213 0.954962536036115 0.0322735894391219 0.0217164628732347
2 0.05325245116831074 0.7923407742825845 0.10650490233662148 0.15372289264258976
2 0.13511433245907553 0.8565073630766118 0.0945605664856291 0.05915343781512705
2 0.10840124095488846 0.5423135501162155 0.2168024819097769 0.14974789976756897
2 0.23001654511706054 0.7165723893706393 0.05601816627085843 0.029214747528160778
2 0.6368074075664609 0.8078037942025681 0.04594546443912195 0.022672493505274893
2 0.651191642641012 0.7746894889728165 0.03597512155129756 0.01808336448238901
2 0.6143257074022899 0.7169424179666485 0.03268302521477073 0.0295289628732347
2 0.5419964453318311 0.6675130864428696 0.034533791270858316 0.027712413677811742
2 0.5635873318085776 0.682544027190232 0.018396996551297562 0.016854182241194504
2 0.6597206552483973 0.7604713107545078 0.04995407338303415 0.024898770114429203
2 0.5915784557347243 0.8168044127078429 0.0803768967660683 0.048431782183086636
2 0.686280103037719 0.6992620885995818 0.04224393232694634 0.026305591896120584