5 0.5171090122815668 0.7198093824608501 0.14856398234496337 0.12510940589322428
5 0.310766761367381 0.5599267342198503 0.24635660003971516 0.13690109315537358
5 0.6295764919873796 0.4351239884492145 0.16668757812397006 0.15707565960041103
5 0.8150381371781599 0.4475672567472985 0.25015068891886294 0.24244942690061666
5 0.15457727780213013 0.27015795023730366 0.23577276887120496 0.08962817442915871
2 0.203602793732202 0.37281306511362133 0.18628701197134606 0.16177774705284098
5 0.8033897889626973 0.27509537865797606 0.28664640929248053 0.20880526806023347
2 0.39540604352950726 0.4138551890200558 0.07383385348964455 0.09278834857399065
5 0.5860501679214232 0.5213035629264903 0.07308383116851003 0.04981959857399065
5 0.3632889174126267 0.29429841097830345 0.09901992694751693 0.08210418726214952
2 0.48082227932440014 0.33524604006550435 0.06749719155801359 0.06520584733826162
2 0.4453619267489414 0.5751836376416165 0.08284945616851025 0.050217517300205516
2 0.28397070008354935 0.35947443616858393 0.08870883116851025 0.050456268535934545
2 0.46999980469007446 0.39539499633928943 0.1111136881080842 0.10406606473360736
2 0.5957839189348967 0.3555664810348407 0.1379119673290774 0.0739302371670092
5 0.6096213108784422 0.29065408787892016 0.11595030539744644 0.045711065969336384
2 0.3740091162758886 0.24000882970451842 0.0886406473211343 0.046550018535934545
2 0.77448718902227 0.08335255936146678 0.08877701501588597 0.05436251853593452