1 0.21546970328773 0.7704756464543847 0.3174775460652773 0.2715487070912306
1 0.3519631289469325 0.17873488110168181 0.32272690162604123 0.24261570512675984
1 0.8480542219608209 0.8923236339470713 0.30389155607835816 0.15749691945670063
1 0.48487877226747533 0.7677331358580655 0.4051972947693283 0.27368915374093516
1 0.23477031497470938 0.6548533100711499 0.14721568979745353 0.10411499638064492
1 0.5154727145386564 0.48979539960936047 0.19863086404351815 0.18042601633493827
1 0.8360875672721629 0.7249006935003652 0.17236195275694421 0.12473786548723265
1 0.5618009997646407 0.2572102913073615 0.19762951107465243 0.2134472048171736
1 0.9348682369233206 0.5987127210029553 0.12631742942986102 0.08758031379182163
1 0.9244235350497102 0.5145678052669262 0.1511529299005796 0.1574433576293499
1 0.7139951212894087 0.5285956203505695 0.14833833812453667 0.1391802781217626
1 0.659903917001156 0.6948654469114507 0.10822667554201382 0.08090222446188067
1 0.2542803171539923 0.37350964924629765 0.19411459460428215 0.15103817307605594
1 0.781492590716435 0.35868975600036523 0.4370148185671301 0.2636560090962279
1 0.370867093132059 0.5965457829316227 0.14748395664479141 0.1294146531217626
1 0.853820634719618 0.07928335427174092 0.292358730560764 0.15856670854348184
1 0.47062875359340256 0.09433321598482534 0.4881325071868051 0.1886664319696507