5 0.8421872394571573 0.6517490192850514 0.23880042338564222 0.3073010666971576
5 0.4941780314315314 0.13081802673454235 0.31633143713693723 0.25354536004136174
2 0.4984318543252175 0.731778954238917 0.2732289273145836 0.2920851467019303
2 0.1832322800383932 0.6812108708624987 0.13682048852276196 0.1714218350174992
2 0.354791583698275 0.6480318408855658 0.19173810173593764 0.2189104550246579
2 0.15955687861935516 0.1406036416892035 0.2590112427612897 0.28020731003340754
2 0.7550699894036808 0.27748626760419975 0.2511077745024073 0.27816327836568033
2 0.867406842949296 0.13125257011851726 0.18037783963952725 0.14264767335693074
2 0.43563500594688864 0.4017683250616449 0.1498609708425256 0.24184796835215827
2 0.8163711018963673 0.9078315558859635 0.17493051437046736 0.18433688822807293
2 0.5573760145308971 0.9347228250815303 0.12478065705070396 0.12248007668284