2 0.18054708530310037 0.7352020133835879 0.19916277956874773 0.19049437482353215
2 0.34816156040799107 0.6787714609080437 0.1946645337179327 0.18245436166935258
2 0.1516528060023849 0.5647962172910188 0.19756392946385704 0.14373313140062205
2 0.5969955977564605 0.4999678525801766 0.23058991701630238 0.16899073663405884
2 0.6494351281002777 0.43663394144147627 0.15279005342656093 0.1430698551275562
2 0.21570910164922408 0.41231072720959394 0.23946754824007976 0.15784076951950787
2 0.34549988561777256 0.5855902437934928 0.09892996369463236 0.07381969070031102
2 0.27224774195224605 0.3205427469938038 0.17803267946385704 0.14259556562972375
2 0.421228916998886 0.5228443787297147 0.09292258973192857 0.07152529596904156
2 0.442137018659721 0.4778752570359064 0.07143821473192857 0.07027397362105359
2 0.40782620797789215 0.3661200892318822 0.07356847717948312 0.04706398677523316
2 0.53254477929491 0.3753843525095894 0.07836272095570584 0.05901024992941284
2 0.4129758799184488 0.33665257936624754 0.06108059388111342 0.06189269073560455
2 0.5221883117133196 0.319596901837763 0.04983497925407554 0.04179265785015551
2 0.4414744831352282 0.29415811886408 0.05193610321677933 0.0438595394272453
2 0.32207926139864745 0.47125628981547474 0.05312009491840963 0.05948453942724519
2 0.33067546393944264 0.49895094114148075 0.07220734803029827 0.05476273019814348
2 0.3789553008159038 0.5418348293486008 0.06170172821677933 0.044428322312694224
2 0.20462259541964128 0.6356022699783246 0.082860966806521 0.0670502630835923
2 0.2779824901282695 0.6682751384718219 0.08149983765733615 0.07474900650650262
2 0.27521767737184816 0.5507936154343607 0.06303371888111342 0.062006447312694224
2 0.2876407873426639 0.06473842772259925 0.2137809253146722 0.1294768554451985
2 0.5037279592832207 0.02412231766222566 0.06001546265733593 0.04824463532445132
2 0.5047325069988468 0.10088451693683471 0.0588606094405566 0.03259581573560452
2 0.4737336439277533 0.12505180309318187 0.04504073547785281 0.02984639469597583
2 0.42799892790210725 0.07424165830897207 0.0549543594405566 0.032368302581424896
2 0.44504102748254437 0.2599215530755351 0.04217047821677933 0.04329075654179615
2 0.4472173041958247 0.1927093754411698 0.06516398132866796 0.03879646046687396
2 0.47195650310608317 0.21265803665045735 0.032433991701630305 0.017445105233437008
2 0.5549777315792839 0.28463054989287095 0.07191135010489069 0.05085648019814348
2 0.5844080362995623 0.2683326420250687 0.07131935425407576 0.04304398019814337
2 0.5947376719347512 0.17050575715943395 0.05057497406759448 0.05155828285015551
2 0.4015397118706557 0.25662170106005583 0.040986486515149134 0.02766575654179626
2 0.42474064418417457 0.24554787542352302 0.022668366701630305 0.01687632234798786
2 0.4769715920571368 0.2619508195535532 0.03844136566433409 0.019739499964706364
2 0.1570471185139959 0.10364864476656302 0.22106201297200823 0.20729728953312604
2 0.10407386928906531 0.2175564672204317 0.11215784180652094 0.06875661173993963
2 0.2035643838112124 0.23898487521176148 0.08691521576922473 0.06923090123777209
2 0.22638190274477116 0.1559866943064981 0.1655739346503381 0.13214740116718487
2 0.3487761983858048 0.23441626021857057 0.12358059388111342 0.06553290120247851
2 0.21901224636365774 0.21475107917213282 0.07732672821677944 0.04533837492941284
2 0.24820483012823027 0.2529131581501509 0.05989660217948317 0.04626769073560455
2 0.367657175565288 0.1905374576018521 0.11517609803029827 0.0572653748941192
2 0.24523028163172922 0.27933722393869587 0.12088747406759448 0.05565351962538867
2 0.358304102430099 0.2883074641789419 0.03616310425407554 0.040996361810526794
2 0.2778303013461629 0.08007122724488754 0.10550019502330032 0.10920345385449057
2 0.3773499543531608 0.12677650365912754 0.04504073547785292 0.02984639469597583
2 0.702630375769264 0.3120041059569555 0.10251107728437381 0.0954178222774007
2 0.7796902445454866 0.2958488494504528 0.05238010010489069 0.0497189144272453
2 0.631312174784413 0.2908793525978234 0.07611359803029827 0.054990243352323054
2 0.684475977430099 0.26931011580494335 0.03258199066433409 0.019398230233437008
2 0.5935828187179719 0.21140762558234416 0.058564611515149245 0.02868956573560455
2 0.7479379706876735 0.25297459283806945 0.06756110321677933 0.04476959204396369
2 0.7942949743182104 0.25708037248791393 0.05314923340326061 0.03420767100433508
2 0.7829910827214708 0.22662666852754265 0.04607672821677933 0.04351826969597583
2 0.691818801864811 0.05693139540184754 0.0415784823659644 0.03547825654179623
2 0.8635860508217093 0.2792954449241358 0.16252653994170996 0.16891550643591546
2 0.8477670375932798 0.37258078702104 0.05823947510489069 0.05006018415851465
2 0.7609124053322063 0.3640279579900815 0.04504073547785303 0.029846394695975942
2 0.8541601314743932 0.31387328044395013 0.050397836620039715 0.07488202627306562
2 0.9756710464161031 0.14734666212692077 0.01905811462703788 0.02055505919380829
2 0.9416953283100591 0.3262754811863638 0.06954567324007987 0.14794394731269433
2 0.9159661509266 0.22957653049689059 0.09564484803029827 0.05612780912322113
2 0.8245335069872357 0.5508839449064891 0.25586168153844957 0.14323957871331627
2 0.7763456986422261 0.3271557277389977 0.056611486515149245 0.028575809158514653
2 0.46398374143940346 0.07409028663281056 0.04640186462703788 0.02214765127306567
2 0.43764569242425433 0.10090286884643321 0.03619224273892652 0.015719493387616607
2 0.44493904278556634 0.1714525135953494 0.033173986515149134 0.027210730233437008
2 0.48777320979606326 0.24771016166810417 0.035127111515149134 0.027324486810526794
2 0.47497475932986044 0.22414927349627772 0.018614117738926517 0.01469568419380829
2 0.4242843845920873 0.11043134909751698 0.05030811462703777 0.022375164427245298
2 0.5069670606818288 0.08422607614828981 0.08123297821677955 0.045565888083592465
2 0.3759585334499004 0.15796962537058262 0.04279161255244546 0.025826388118886046