5 0.2363904709677932 0.6199365717515695 0.2241910525108377 0.14084610001384323
2 0.12524768762352756 0.3473781992201923 0.2504953752470551 0.17522514844038461
2 0.29590208261949885 0.42280772670958 0.1882577696606823 0.09184334708379527
2 0.7153496681216664 0.42420175624077344 0.18052049985882568 0.15945175046142535
2 0.35811860245664906 0.5326571445067378 0.05671585519814337 0.07173874730066454
5 0.4470435795250687 0.6383368734542278 0.030889467079257327 0.029221179055924917
2 0.28114860885727094 0.3395248573389635 0.08726405254613134 0.09510055135658935
2 0.38484541159751695 0.46085431928294684 0.054668236810526794 0.03658249730066454
2 0.37255970127181737 0.6717918192829468 0.07143080258142498 0.057115042797157844
2 0.39338952031361357 0.6339183576850325 0.037090111810526794 0.03545603986710977
2 0.5160373360139245 0.5476780739087316 0.1424258420439637 0.07333962253137716
2 0.49936926363064305 0.5309266164751767 0.07118402623777209 0.08628675586009615
2 0.4212731584148528 0.5759125693983032 0.03881572365634711 0.031674951804171236
2 0.3841637834148528 0.5735344925941317 0.03858821050216754 0.027768701804171236
2 0.4286489840160921 0.5165925807724264 0.03468196050216754 0.027518377930048077
2 0.5130682108551035 0.3798723338178308 0.07154455915851488 0.059068167797157844
2 0.4673683917250732 0.32303234789128954 0.08648701969597583 0.04835071329365104
2 0.8008110560640845 0.20227024791205453 0.24603413787183093 0.3154251966362132
2 0.9216195033414853 0.11395167719869194 0.11529034200867017 0.10857156847545249
2 0.5339627172204318 0.15576360656607743 0.09530406570031102 0.09950744910483594
2 0.35227575680649814 0.26272567569905964 0.08671453285015551 0.05225696329365104
2 0.34904241467430036 0.23409245835640552 0.13806456573560455 0.06527679865725389