5 0.1210580136442922 0.48929258667846537 0.1883051602851799 0.20905392335693074
5 0.24345501614071957 0.8302840333585215 0.2508185448819982 0.2936973716979532
5 0.5599295540430081 0.8349423159014742 0.32425890379045486 0.25552121170829345
2 0.4229108832402173 0.6616128092178386 0.2974614570087635 0.26301553837124825
2 0.25217046335821913 0.3688472308640895 0.19980520700876347 0.261879205024658
2 0.4742255068344402 0.44656520339351996 0.1847541893661735 0.15827267335693074
2 0.2454242555739324 0.07701413003261214 0.3463172611478648 0.1523464867122706
2 0.7666207294497626 0.4138641176002227 0.3585546352270721 0.2715325650461342
5 0.8059706756012 0.22307148760738144 0.2512148876989113 0.21564055169874852
2 0.5486094217235835 0.059075115073973866 0.11675009344716702 0.10674144334818114
2 0.339993255428663 0.2293585642106798 0.16268244741194515 0.17753120335374906