5 0.42578125 0.33827108563603236 0.203125 0.17346743506354423
2 0.259765625 0.269879836649506 0.244140625 0.18785524046099056
2 0.2451171875 0.4293152135771654 0.16015625 0.15709241274240981
2 0.341796875 0.030112863231348652 0.19921875 0.060225726462697304
2 0.2216796875 0.012205922281419226 0.107421875 0.02441184456283845
2 0.1484375 0.07055608614070961 0.12890625 0.14111217228141923
2 0.1279296875 0.3346810414984409 0.169921875 0.12796599736084946
2 0.06640625 0.8191533745946106 0.1328125 0.21325575081077885
2 0.05078125 0.5059495474841139 0.1015625 0.10919465503177217
2 0.62890625 0.44605365057248814 0.111328125 0.1093651146502117
2 0.525390625 0.6968839600279482 0.134765625 0.12149296773446672
2 0.5390625 0.5648093790621327 0.294921875 0.21413225547687675
2 0.84765625 0.6687978551194405 0.287109375 0.28235526278212486
2 0.880859375 0.5002495424167459 0.23828125 0.21900296468992675
2 0.8642578125 0.3599143237680932 0.0859375 0.1108750446422686
2 0.83203125 0.12805496550894396 0.1484375 0.11391911120028231
2 0.3369140625 0.810525393163833 0.130859375 0.135096658887091
2 0.318359375 0.6731539539388682 0.1171875 0.10751426542127551
2 0.5068359375 0.8817781458029834 0.15234375 0.16672167004765814
2 0.6201171875 0.7860508142290838 0.091796875 0.15003982041333241