5 0.6584998153979482 0.5695313032343563 0.14794670456235504 0.18787797355046632
2 0.6980082905876817 0.7463652572123743 0.1535242132124579 0.2291211117046461
2 0.5379133900173874 0.733175480745194 0.13650982091225217 0.1462935656650175
2 0.9653684563681049 0.7102824252458069 0.06926308726379027 0.19100719070031102
2 0.9688104533498643 0.8334430568228965 0.06237909330027147 0.09898280254613123
2 0.8771469689618778 0.8905946751399261 0.1313302309883646 0.11481605251083771
2 0.6118038353117751 0.8649361880470505 0.10402294961943914 0.1619378288544906
2 0.12043373032128912 0.8896397171851381 0.17608629201478493 0.20900181562972375
2 0.42816697019760686 0.9226180628705827 0.09226773098836438 0.11254092096904156
2 0.5859507059402473 0.3505721419897751 0.09577606226214952 0.10300280912322113
2 0.32219592395345764 0.41194147397398945 0.10446398345982244 0.12494221043158038
2 0.4546685314154016 0.41988790502042717 0.17113880684353255 0.2788592893213646
2 0.40341148407768684 0.11387983894953359 0.2443229681553737 0.22775967789906718
2 0.5769212740967149 0.1001519969408634 0.1850925481934298 0.2003039938817268
2 0.7111845158266261 0.132818878959123 0.10239480608350471 0.07416096043158038
2 0.9333566168720746 0.20406251732506414 0.09338190342176622 0.13988467096904156
2 0.1782515823181398 0.5789038554099049 0.11977064847885038 0.11803976304829877
2 0.3111005509492145 0.6201102897448876 0.09210856349787844 0.10863467096904156
2 0.1376073771379203 0.3982205297204317 0.14775106844079433 0.1352573551275562
2 0.2501574623567428 0.3016082633835879 0.14333084733826162 0.07459672355046643