5 0.08019590665051338 0.49537598276842104 0.16039181330102675 0.22122071553684208
5 0.1566281127646464 0.843271058719101 0.2406312395591219 0.3098286242510939
5 0.47300026045068966 0.8657918235861028 0.3154390220008505 0.2684163528277943
2 0.35400226770708376 0.6879969765293317 0.2883680905125048 0.28256442917717317
2 0.21377413226620567 0.3847050723570076 0.19071184051250478 0.2745928193250148
2 0.4279451290915332 0.47759735872879944 0.17928449523308554 0.17043946553684208
2 0.23764259913928434 0.0938289102363098 0.3411210517214313 0.1758598378914251
2 0.7241287897079343 0.46553880798231795 0.34918778402415906 0.29531932728551147
5 0.7835472182434641 0.27843722730248355 0.2437624294425791 0.23218192084222355
2 0.5430803500463336 0.0972159579750442 0.11305804990733281 0.11439695303441749
2 0.3163411154759827 0.2520516822091661 0.15652904151222125 0.1880575291723241