5 0.7006994042409056 0.5792142160326654 0.11691614835295372 0.1498983772740572
5 0.5662839900441456 0.35139417105810866 0.12586498169954385 0.2479185003095863
5 0.4047675609185756 0.6464417281825525 0.15030108668840803 0.16706983767505657
5 0.3961844067770972 0.8314882777586997 0.23133373169954385 0.2528307862892316
5 0.2965468316856241 0.1533846445912306 0.07887634836488489 0.23596963709641056
2 0.39294312002704423 0.21741240177646437 0.1525042050246579 0.18864518093393878
5 0.22592163177312008 0.7942771642359376 0.19660928837124825 0.2883027326293499
2 0.41084078672022484 0.41345264784752295 0.08873151167647686 0.07635919664970447
5 0.4961780825807349 0.6175141113500215 0.04576276167647686 0.07435789495429335
5 0.2950723350473273 0.3621870830734659 0.07923860667965843 0.09934185535529294
2 0.32284857589709937 0.48450890456837725 0.061296855008749596 0.06727314102535198
2 0.5649224425624403 0.48602334366978517 0.04587639501113583 0.08412351995429335
2 0.36943812420431643 0.29440029854043537 0.04789770001193128 0.09007386321317568
2 0.38334999756323573 0.4834226705937293 0.09892894334818114 0.11392341294411612
2 0.33007155091300766 0.6019693093450242 0.06602126501829453 0.13776757754311664
5 0.2637334809138031 0.6047357635430253 0.04040337334897659 0.11705374017764658
2 0.24044165171465687 0.36452278432476093 0.04399145001193128 0.08989192669541102
2 0.03785346509982495 0.7367160863832348 0.05180395001193126 0.09025579973094033