5 0.8226912740690955 0.7817235586304584 0.15566184337204358 0.2967001690908948
2 0.5711947349419345 0.4713940689976151 0.19424708336647578 0.25864452334497046
2 0.5476295015615389 0.8165937668705773 0.16143031170431632 0.28933166597900617
2 0.3098730174351734 0.5014408949766604 0.10358517335693074 0.18152407106059654
2 0.32940563579130877 0.3348041356409945 0.14655392335693074 0.18478004824007976
2 0.489733019971365 0.24823323860135255 0.12268461668522646 0.1458946856876343
2 0.921917716621593 0.4021827583215917 0.1457598583704529 0.284241424277376
2 0.7023061558123873 0.20765050105471267 0.13876415002386255 0.1861411773892646
2 0.7905135857932972 0.35508345333908653 0.1253195416931807 0.2046364346503382
2 0.1461761966402853 0.20558385866548728 0.10349426668920353 0.17371157106059654
2 0.14828635577460497 0.44423510607224675 0.1428067600254534 0.1981559253146722
2 0.057400599986080186 0.2837368438811134 0.11480119997216037 0.15731743776222684
2 0.1676771407046082 0.9517201631235388 0.1750326383473857 0.0965596737529224