2 0.3333907362743642 0.41890405228142946 0.3105451036759257 0.17354099971765136
2 0.843863771264989 0.39563263074769056 0.27262915680983735 0.25100272344458563
2 0.6564850666232065 0.3160113546157992 0.20270799033946707 0.18474875640062183
2 0.14177421012002345 0.16334052287863998 0.25241440162604123 0.24205265767368755
2 0.4783013674005796 0.5127380027944347 0.08019942035821748 0.07268212492941295
2 0.5769350655626169 0.5970058579572846 0.11467216517442136 0.0669172433170293
2 0.5968669445095494 0.40284055532291924 0.08979416906226856 0.07129778281486188
2 0.3798128694035885 0.3146201147461358 0.20522332516504616 0.12465690770898119
2 0.4715096968660881 0.10794848638700377 0.12919842165416662 0.07747916435665814
2 0.6062753218660881 0.11579769020620076 0.11144942035821748 0.07450223016284979
2 0.49415434872748865 0.16325201596626115 0.08893978758252308 0.061532157814861876
2 0.6593155922477434 0.1826869500188951 0.08701056738935176 0.10611276308359247
2 0.40219766417291675 0.058760739746135854 0.0935295427663193 0.0695721709690415
2 0.8435450378178824 0.27586634457369663 0.2223366308908561 0.20921006559443023
2 0.7375986304782409 0.129335634159763 0.11918843461365736 0.0963278748941192