5 0.8088385650091028 0.777204353433051 0.2948413071637268 0.2873016256753811
5 0.6952597286843423 0.529777501688453 0.2636098933726534 0.17501863588459132
2 0.27700268546404494 0.3274429951172515 0.3294271109309248 0.21633188860573904
2 0.1350414722191633 0.5287915632912152 0.2686074174192705 0.20640504514041824
2 0.41647754129036474 0.1132968075014175 0.24058162114013482 0.1859189303496284
2 0.5569908998476438 0.37339727403680556 0.3994667924192705 0.21097475521062758
2 0.29449393683443037 0.8345300534196958 0.08821306193064138 0.12402654900028365
2 0.8134145394762662 0.17017930159578573 0.13482146641955417 0.28561509618646846
2 0.6665425516252204 0.8194599835474676 0.26820441265235617 0.36108003290506474
2 0.8842663707062333 0.9246047822630719 0.1273685757680485 0.1507904354738563
2 0.032637283923042305 0.9030040985699257 0.06527456784608461 0.1751488221398514
2 0.24613706262564555 0.6793341136520726 0.13373019237293693 0.2543650961864685