5 0.323805282987616 0.1660942128914251 0.3175271270030089 0.21595880834464803
2 0.5449023985033573 0.48313738581738597 0.28510489773819403 0.24433902879787106
2 0.20316617118246605 0.4208179155392667 0.3102272558908561 0.2211804545564754
2 0.4331864826218763 0.7258035047534002 0.19452983294074055 0.13998662652205773
2 0.6003862892901055 0.7483037361991127 0.20397761015567095 0.18148054811318737
2 0.7358216957464131 0.6167464021128324 0.1625228420123841 0.15094815417232388
2 0.7231945550187502 0.16525582389118842 0.30300087052326363 0.20507715796534587
2 0.8431802660811928 0.4238849706768182 0.20541810626782375 0.17578060531023065
2 0.7269436524502898 0.30227346896753376 0.22001784849212935 0.16533731288657594
2 0.6688089689553258 0.9434080895010348 0.18654645664479141 0.11318382099793034
2 0.4381078093182308 0.8943900142238319 0.21764948515567095 0.1825965734924897
2 0.5642441813728027 0.974209827472738 0.17455943979745348 0.051580345054524024
2 0.0067053467244797904 0.747986967046777 0.013410693448959581 0.19519268409355406