5 0.8732006928778555 0.45415929498892815 0.20567648472519595 0.30170385564322677
5 0.4353355249581027 0.8900835103705246 0.29214635639323716 0.21983297925895084
2 0.5475373534411958 0.3149054460940398 0.24417068339241244 0.2846758443844598
2 0.22682704250824728 0.30805076341592896 0.11799815106210315 0.16936876734957584
2 0.391336668976371 0.37044734056616935 0.16801970886094852 0.213513440776117
2 0.11000142377645344 0.8423076438145998 0.2200028475529069 0.2914870488879666
2 0.7201374082879997 0.8053740360834276 0.2222884974594641 0.26962718807678154
2 0.8053779174924531 0.9507889044158371 0.16769962852981468 0.09842219116832585
2 0.42596935421682447 0.6260680097129949 0.1239502858601238 0.23993159122369923
2 0.8944309756038762 0.19526980354835966 0.15561899726160844 0.1893249691537472
2 0.6420591392023918 0.12626437673034496 0.11261431759686591 0.11833719347545246