2 0.23208912997631853 0.6961121236219621 0.25330691659772875 0.1952719395888889
2 0.18053092634355195 0.6275019049196182 0.16490491274240981 0.16392938758498277
2 0.6300416756320608 0.4533190856505648 0.21154126927659433 0.15134854032039935
2 0.6986495794476646 0.5526118772536898 0.2920966812082253 0.18055612936840304
2 0.7717190893920635 0.7321191723237419 0.24899156351347362 0.17174352061093767
2 0.5090386049167458 0.8915942801926434 0.21468761160567174 0.21681143961471316
2 0.5228369622617093 0.7741973797238286 0.10487930194751693 0.08053435291571187
2 0.6164286059302195 0.7294817054501741 0.07349293425276526 0.07199450109210082
2 0.44578585785787894 0.7108555626648008 0.10083668425276526 0.07263093393776066
2 0.3177902044476646 0.543747276903429 0.08113497463432573 0.06241071404800369
2 0.338514671776742 0.475842496793186 0.05355258116851025 0.04810240620234385
2 0.5633945642290838 0.6334822772588546 0.05779975040538954 0.06772457518029507
2 0.5598682680645451 0.6675937755253911 0.08699434963432573 0.06254709251493074
2 0.4155074776829848 0.6544641483411896 0.07948867694751693 0.07994337955902786
2 0.4934158228539074 0.7246646326447053 0.06924576501588597 0.05237233211414938
2 0.07157985745248945 0.7685790502704428 0.09507958502382907 0.07835393047083339
2 0.4745856752266714 0.5161340360214848 0.08490485693957406 0.054689133025954906
2 0.45061480773461443 0.49017516740928857 0.05773156655801359 0.06381832518029529
2 0.43001682275050046 0.4388938630305559 0.05550570616851025 0.04814786569131946
2 0.5770708751034069 0.2977266152147574 0.14941628043716149 0.17137821167317724
2 0.43236422281007314 0.24844144578606808 0.16575721083460793 0.21275751258498277
2 0.5690268922496471 0.19886650526987895 0.07716054078695 0.05841354507005214
2 0.5104551308863853 0.25221295034509594 0.07544605925276526 0.07203996058107642
2 0.6003060414984409 0.14195393984900223 0.16836796773446672 0.1386296815629342
2 0.5096220966931926 0.13202757361163237 0.03991479809219811 0.04973731477951393
2 0.47698148843404337 0.09902819979904554 0.06523723924482228 0.04642203813619797
2 0.4769594997973053 0.04431797005455769 0.12811225040538943 0.06936111678342025
2 0.42609301998808546 0.04801883584118959 0.061808276176453236 0.07367486915824657
2 0.35354255631163223 0.11862518949357669 0.12461510348964455 0.09270769780546886
2 0.8500404667209931 0.05104760744891564 0.04570598924482239 0.04596744324644102
2 0.7536846524960286 0.030242675244618687 0.051224445007942876 0.026572571713368097
2 0.8196136155643976 0.059132047869792356 0.041663371550070494 0.03806402426848962
2 0.8134353099642564 0.13323714914735313 0.11235088271063765 0.061184940871614635
2 0.7661902414785833 0.20931728865642427 0.14051283887914812 0.10869637371727442
2 0.7088848239666687 0.24608490097612906 0.1349602911923391 0.12613812025034732
2 0.8450581031876621 0.2805170652044278 0.1347557396502117 0.11441937025034732
2 0.6706597940341845 0.029287209463151605 0.07664916193163096 0.02911667007005215
2 0.6579864701709226 0.08370195252929744 0.10268753348170145 0.06681701842673621
2 0.6707378632313487 0.1367545439521273 0.09693043425276526 0.07254001495980911
2 0.9194984506916335 0.26954921328550424 0.07897729809219811 0.05064650455902786
2 0.7789465772139035 0.318056672323742 0.07352702617645335 0.07394762609210082
2 0.7379699868124856 0.37083569029974023 0.1731704931001412 0.07821918502986125
2 0.8917357122575902 0.1809766959508688 0.04526279423687929 0.020576818246440975
2 0.8814416624404273 0.2110228360059903 0.04132245231319143 0.01853277426848965
2 0.4062967020112088 0.3425997646738719 0.09850854809219811 0.051101099448784826
2 0.46237481027035804 0.37614465235416705 0.043855140015886085 0.05178135875746537
2 0.4597057548729116 0.41711481786519133 0.035803996550070605 0.03792764580156249
2 0.5890892918045425 0.3927713941375873 0.047795481939573836 0.053825402735416805
2 0.49295013240865526 0.3035843571888025 0.03172728693163096 0.028071101823611166
2 0.6008003743919158 0.11363362734900223 0.07287927962638263 0.03683825109210076
2 0.4529281158704992 0.30167587516480077 0.041424728084255125 0.024392149268489538
2 0.2852563078339022 0.16881464962391518 0.055471614244822276 0.04619474069131946
2 0.312315219157449 0.24173943721406277 0.07928412540538954 0.06822462955902786
2 0.41692451045319523 0.4053725216077261 0.05331393770269477 0.03443053120234385
2 0.495594981232202 0.3759409011667539 0.05129262885531882 0.03047882171336813
2 0.39996004007957786 0.36980713620694483 0.04344603693163096 0.028343858757465368
2 0.4276447093164571 0.35091231905260456 0.04950996347375847 0.04019898722439241
2 0.2958818983387271 0.3996243457912329 0.08500713271063776 0.060548508025954906
2 0.3367270637202875 0.4103446200597225 0.041663371550070494 0.03806402426848954
2 0.20381228794922368 0.4131127498093752 0.09055968039744644 0.04310676149288206
2 0.13949553064397538 0.40380008667317724 0.03748438616056715 0.022348105290538323
2 0.29193388900241246 0.12207602809084225 0.06917758116851025 0.04846608211414938
2 0.21237702820751958 0.20228889853181442 0.11302283583460793 0.21153010638263903
2 0.15589697747617093 0.07983136386254354 0.04567189732113436 0.044014318246441
2 0.12096283178071347 0.45807845127239594 0.11697306310808417 0.10229148484956607
2 0.033089252742557446 0.45505621176848965 0.05557389001588606 0.05205411569131946
2 0.06532791852950727 0.39914293859210076 0.07709235693957397 0.05450729507005214
2 0.03809088017489414 0.16985450227951393 0.07618176034978828 0.11705275455902786
2 0.024991407265533176 0.29848799534565973 0.04998281453106635 0.05791349069131946
2 0.01839905590624279 0.3803828668787327 0.03679811181248558 0.05373448375746537
2 0.0042158020509239155 0.43670527545590276 0.008431604101847831 0.04919180091180553
2 0.06402032214241629 0.5300250433365886 0.06321593039744644 0.04247032864722233
2 0.591461912039157 0.8725136088269536 0.10703697848964455 0.0922985624046877
2 0.6919235851313551 0.826003917764714 0.10292617694751693 0.08048889342673604
2 0.5301326339309251 0.35622862972382857 0.04745456270269477 0.034294152735416694
2 0.5069337773967407 0.3420112408561202 0.02967188616056715 0.022166267334635448
2 0.6491319485612794 0.3111273663068582 0.05355258116851003 0.04810240620234385
2 0.6698003353299307 0.1904654814521273 0.057083820007942876 0.026708950180295177
2 0.7552556057234057 0.1641226567225701 0.041458820007942876 0.02634527426848965