5 0.7246682037306758 0.6140047922901402 0.22958831283769054 0.15959800571093474
2 0.8264911590339705 0.3338513685372178 0.2933842007680485 0.20144334751745563
2 0.6453124503243353 0.41901627543117387 0.1907738221398514 0.10795790041956288
2 0.22930611842879858 0.44330455783797246 0.1873016091168263 0.17587327853145152
2 0.5943451726495211 0.5326518003262831 0.059164196232802 0.07655759491840963
5 0.5170448097886637 0.6433127767248914 0.03227306941870367 0.03166485840326061
2 0.652117397010662 0.3363044608565814 0.09318577676776485 0.10251107728437381
2 0.5605995221264961 0.4615544445162632 0.05598338793035795 0.041253345955705845
2 0.5943513542537009 0.6726702352330426 0.07424355920949344 0.06211658662003994
2 0.5701884125561452 0.6355899987178935 0.03833705830244427 0.03796823029137175
2 0.4398312791610336 0.5552135692540364 0.14516990086071568 0.08502267427737586
2 0.4541169958122558 0.5386714369929628 0.07526662862819711 0.09141346162003994
2 0.5359312273237683 0.5791410804078735 0.04015377404661713 0.03420997925407554
2 0.5723368583354226 0.5740665612178935 0.03806423979078999 0.030155730291371752
2 0.5223182638472186 0.5203399012062433 0.03611111479078999 0.030007731328668186
2 0.4260974225336871 0.3877179546269986 0.07431176383740712 0.06406971162003983
2 0.46538934562692136 0.3280299349183704 0.08771082032575284 0.05729320435896623
2 0.12536272084877786 0.2146240580943938 0.25072544169755573 0.3589356161887876
2 0.02678570837194468 0.14472410995920482 0.05357141674388936 0.11366696991840963
2 0.3829550908600069 0.16511998159670033 0.10120289065150567 0.10896244813518896
2 0.5743923316736802 0.2628536908857264 0.08980035458157998 0.06134745332167013
2 0.5744388385923838 0.23348281640437452 0.1409908323490614 0.0769141763519684