5 0.29784430423494 0.506327324206305 0.2067371716860218 0.14496442502783968
2 0.15174559839471308 0.4538529375198855 0.1792343350174992 0.13097437669079437
2 0.42498855336965746 0.2724870850572701 0.10440196501034049 0.0773763883473857
2 0.35723211922141795 0.40742247588119096 0.10278974001431751 0.10665053668045399
2 0.5938770492023279 0.2695701292468713 0.1424204066876127 0.1559331950190901
2 0.5090979250377823 0.28420651923533774 0.09077554334420412 0.08112355167886309
2 0.5436532867202248 0.40080381007317845 0.12615906001352206 0.10106388168363556
5 0.0901192067154523 0.36037497334499946 0.10658235667965851 0.09693036501431751
2 0.1947925233728391 0.29324283835931697 0.21364197336488489 0.23487635502863502
5 0.02862985921585001 0.36258877083664753 0.05057807835374906 0.15095879167329507
2 0.02995731669715769 0.22492754833704529 0.055505660009545016 0.07094884667409057
2 0.2411668525222717 0.16684651669914624 0.1161434416772722 0.07946587334897659
2 0.14189769334818114 0.11101132001909003 0.09073009001034044 0.07721730167886309
2 0.2946739341979531 0.233866386706305 0.059116463339431546 0.04560367500795415
2 0.5222577658537491 0.1564472817373263 0.10024572167409063 0.05584656001352206
2 0.4593039166931806 0.20063054006204262 0.08882241834420412 0.08110082501193128
2 0.42690690419119204 0.18560711255766782 0.039426126670908834 0.0317045333386361
2 0.5488856258453971 0.09524201757437158 0.108012768340227 0.052031216681249326
2 0.32301628918681724 0.15217603671028207 0.09236504167329507 0.04989627834579491
2 0.5979516966701135 0.032344985081132635 0.094340893340227 0.0518721300127267
2 0.7117102066756814 0.07467875676317738 0.10419742500795426 0.05979826334738572
2 0.6645858975174992 0.13662195342334812 0.08648294000636336 0.04787497334499946
2 0.8012137408497719 0.13040032010857455 0.0903210100055678 0.04206105167886309
2 0.713278346693976 0.20944438176317737 0.05898010333784054 0.03388492500795415
2 0.7031036416892036 0.17417449842851834 0.04140197833784054 0.033680385005567914
2 0.8472144483509652 0.13972345928147198 0.14325992500795426 0.06025279668602185
2 0.4020878667548255 0.6540048492202248 0.0788749800087496 0.0653621916772722
5 0.8097428150361915 0.27598767594283585 0.045330955004772466 0.035678963339431546