2 0.3791383059157917 0.6356156773950701 0.2988067666892036 0.18851146733097446
2 0.8780226467019302 0.7069285352912934 0.2439547065961396 0.26113136722608377
2 0.6968286125974387 0.7699430718530824 0.19349710335772619 0.19419139834497035
2 0.17794575678306285 0.8701497857925251 0.2410084500318167 0.25243087344986126
2 0.5274955784034627 0.5561172855419092 0.07699003500954493 0.07608445954544729
2 0.6290801208923268 0.48185598108385774 0.1101249800087496 0.07274106691141169
2 0.6411184125855074 0.6779084758973766 0.08673293334261323 0.07487132935896623
2 0.4203932450966433 0.7431418436304975 0.1986519516828401 0.1340885202330817
2 0.5038796859583465 0.9582484166287677 0.12391048834340856 0.08350316674246461
2 0.6376119317910169 0.9616602540267797 0.10826276167647686 0.07667949194644064
2 0.5286226009507901 0.9045280995978535 0.08661930000795426 0.06510570435896623
2 0.6944677759488015 0.9024595739276748 0.0812826383473857 0.10958358247085487
2 0.43312470013124393 0.9810787749009148 0.0906164566756813 0.03784245019817045
2 0.8818989117699385 0.8268977238285896 0.21134794836090798 0.21896088900930444
2 0.770299435122892 0.9558390320366804 0.11437213001272672 0.08832193592663917