5 0.2530093728788205 0.5806948555126634 0.20327020016504604 0.12116004077905584
2 0.12630149558136702 0.6735362889254626 0.17702519368530073 0.11035982709089698
2 0.44067006809542963 0.7657293775179342 0.10295341517442114 0.06452606226214952
2 0.3383983867807304 0.6576774790390838 0.09804581220555542 0.09741085228117763
2 0.6064165405860547 0.7195606615004808 0.13517909201238387 0.14368565095030839
2 0.5201740308664365 0.7307472060824108 0.08801192035821748 0.07170189230020552
2 0.5219792987152789 0.6092953292288175 0.12258205572580994 0.0886798159693365
5 0.09151267430416815 0.7799235752373037 0.10109768072581005 0.08780439477166357
2 0.2110198423649321 0.8141944343149905 0.1999243886665505 0.216385663307598
5 0.026023444185562045 0.8064565767108831 0.05204688837112409 0.14460418726214952
2 0.04945585364589208 0.939963772860986 0.09891170729178415 0.05260502965749536
2 0.29100146247558045 0.9193779947235465 0.11484304147037028 0.06695668973360736
2 0.20931285072951578 0.9836885684407943 0.08579052851087954 0.03262286311841134
2 0.32535114060949233 0.8404140421569484 0.05793414962303234 0.03933771986680368
2 0.5668183925534159 0.8473129471944576 0.10107377591898148 0.04304168726214952
2 0.4934172811608811 0.8237411605026024 0.08605879535821748 0.07162230855496254
2 0.46580526431354324 0.8480971968144435 0.03737764184733794 0.02682313241437395
2 0.6094214851546891 0.8980510820802893 0.11032677203113428 0.03758023098836438
2 0.3741434083992494 0.910025199523752 0.0929195233270832 0.03881710228117763
2 0.6808455667403953 0.9595273156836424 0.09006243590960628 0.08094536863271529
2 0.7736300709817724 0.8694604910628358 0.10336865351087954 0.04702752100739227
2 0.7108976613446775 0.8247624562245742 0.0870601483270832 0.03857835104544849
2 0.8452600004116333 0.7900555046558546 0.09223601814328708 0.03100460228117763
2 0.7387531545704875 0.7416137105496257 0.0586911405513888 0.02574542861204665
2 0.7385216305954296 0.7778658986674902 0.04145476814328708 0.028935424904859897
2 0.8757162666109968 0.7667954064618778 0.1241695233270832 0.04009044220506519
2 0.31500692507031325 0.4097533028984951 0.07705016128657394 0.05763209857399065
5 0.8143380292760429 0.6506093497605088 0.043578769439236 0.03096813365010287