5 0.594654620363873 0.08047132676915095 0.2166529907277459 0.1609426535383019
5 0.8781689747284437 0.23272920415016102 0.24366205054311263 0.24220365539581945
5 0.8488111608138764 0.5429389870283072 0.268023479194214 0.31837553039581934
2 0.7035966184691647 0.3871973901500697 0.27440295397944325 0.2913956534313489
2 0.44711758819491165 0.1818170316398011 0.2692850067838337 0.19373940343134882
2 0.47960139713263783 0.4093774899215367 0.16535994600818493 0.18110558571058577
2 0.13108205209710688 0.15281998707614722 0.21919535419421377 0.30563997415229444
2 0.3876910546681688 0.6916790100306232 0.2853885812407211 0.35230640146687797
5 0.1897047645279493 0.705795100807179 0.225276057213375 0.2462436652181732
2 0.07653698199241833 0.4330452478807362 0.11315397585908263 0.11437825423852765
2 0.29013446545618954 0.2498233038681515 0.1836628886812386 0.15857776829940895