2 0.43219267097152814 0.3667729474402797 0.2843412452503473 0.13772173701106116
2 0.4955312219786461 0.2780712768838252 0.20349030893776043 0.10312084313985626
2 0.3604230177853734 0.1771202135730463 0.26630852536059035 0.1178836596978699
2 0.6281416038171879 0.3975258898090722 0.08943788065112868 0.15189066964226872
2 0.690164279182943 0.3781090188670858 0.09529725565112868 0.15199294541333241
2 0.6851190924196182 0.20328728540524188 0.10061111678342027 0.12865772118439622
2 0.7374897915078127 0.18858276734481583 0.14194495820624997 0.14304552658184266
2 0.0868735020888891 0.2514148148330489 0.1654733771842015 0.1473608796660978
2 0.21400764853181442 0.21946814833460798 0.14212679616215285 0.15085802658184266
2 0.30575988055581615 0.26109248528609647 0.09257131933854179 0.11875572848964455
2 0.09870835035026074 0.38242760348964455 0.18259690729444455 0.1281364569792891
2 0.2420820164073354 0.41909600141886305 0.1355400693385418 0.11950575081077885
2 0.19668444979904554 0.4817543577503529 0.14248883904800358 0.08253274350553053
2 0.12430680910256124 0.5595604271502117 0.2260657116731772 0.1503708543004234
2 0.3908856418580734 0.5632374122336135 0.22974466422829876 0.14067341314779935
2 0.40832902141710126 0.6416351476231168 0.20598894780546884 0.12659243506354434
2 0.5586506406706602 0.5993553967089311 0.10715238411805572 0.15805687195546003
2 0.6466078218781688 0.5198689376985756 0.13258683558107665 0.07650290888709099
2 0.9009881304605039 0.3769081341253817 0.08380417007005203 0.07760373579489288
2 0.32614192925759616 0.8012679154808482 0.27630144780546884 0.1278197443163096
2 0.5948800877394538 0.8977183380642499 0.17637548940859382 0.19635946428453743
2 0.4277296085410164 0.9299426826270885 0.13953723831649323 0.1234801846581548
2 0.6374591660312505 0.7139662317327602 0.06440929853697908 0.08312219155801381
2 0.7064979838269536 0.6185308994473695 0.12473050911805572 0.15836369926865146
2 0.8493488657608077 0.6327383598765879 0.09184396751493074 0.08750572848964455
2 0.8012667397640194 0.4542369165936096 0.12559260638263892 0.11152279119233921
2 0.744646394969575 0.32829938869219166 0.055371025360590576 0.11420173193957406
2 0.4272887617529951 0.44966143820737203 0.1698780485369793 0.08496315543716149
2 0.14138814577573844 0.7062834456160272 0.14607687262517366 0.06892905235290647
2 0.24926298263954047 0.643739468342551 0.06804279160312504 0.07147162540538954
2 0.21809736951367215 0.3112991152582959 0.04197027426848965 0.04173155539744644
2 0.2259561455156253 0.35536374949120364 0.03788218631258683 0.033850871550070605
2 0.3242975539021706 0.554265786828224 0.10183688995980911 0.09744181310808409
2 0.2977704416777782 0.504994466820281 0.07131260875746537 0.04419605925276526
2 0.18446891147222275 0.6279659973608495 0.06586236915824656 0.061671908481701454
2 0.2639585126544711 0.7298985658465225 0.07594621058107642 0.07551424310014099
2 0.4876181374638463 0.9446543612995701 0.1054703830259549 0.08579124695546003
2 0.5413266254249138 0.8196664645865199 0.049919152735416805 0.04772729809219811
2 0.7905335339067716 0.9157759679330424 0.15270905893776066 0.10223445312397006
2 0.8111533621032558 0.8370664625554536 0.13063371058107665 0.07646881696340313
2 0.5724791743431428 0.48050455306027845 0.07299297682361106 0.032511401176453236
2 0.3584276993483076 0.3430335628019825 0.04410523722439241 0.0495781473211343
2 0.9697079153203995 0.45429027241630304 0.06058416935920108 0.040187533481701454
2 0.7851482174891066 0.7682809385093545 0.032295568246440975 0.045467345779006685