5 0.49677735492511355 0.31473425222058043 0.13671287872767013 0.2072667483451156
2 0.43211029526243305 0.17031267369522846 0.12419850686177325 0.17937718879182163
2 0.2754252623543507 0.44973523081967226 0.07326766693047426 0.10483735731976362
2 0.40303486952321665 0.3776596200353467 0.10440400666391758 0.10238659946188067
2 0.2872054214495673 0.6199754947257603 0.15235877919620622 0.14167921267505657
2 0.29447052058531986 0.534492836020172 0.07867240086424743 0.08948526209641061
2 0.4133733748179384 0.5653870406825525 0.09727346826325778 0.12546022642635135
5 0.3338677790972784 0.11209880738055353 0.09475204193047426 0.10583800816746913
2 0.27552682906086606 0.21860830722576038 0.22850975372767024 0.21154225651258468
5 0.3279440593658969 0.0425809333627889 0.14807561873179376 0.061510119416174125
2 0.1895563350322887 0.04588781198214405 0.06270642006457738 0.07703876602535198
2 0.15513300549257744 0.2705399785456153 0.07556177273014436 0.11664707557864595
2 0.0898767440285774 0.17290243176138098 0.07482298099752582 0.09125645057864595
2 0.10020609139942269 0.02514719370299841 0.04025593279884537 0.042834990177646436
2 0.22488471875789706 0.3215754301064966 0.04467365399835055 0.06059505169541102
2 0.16917591968466003 0.5520628833222623 0.05172646179719592 0.101883581472058
2 0.2063061951531961 0.4874759984999087 0.07861557073096909 0.0875321370964105
2 0.18879535052074248 0.45545276829940895 0.030376647532288692 0.038473898883234825
2 0.10953832681711366 0.5804928672969103 0.04609440733030931 0.10942317669541102
2 0.14677768359026822 0.3520709031217625 0.045639766264082504 0.09379817669541102
2 0.04768142311554668 0.6332004613832348 0.06126476626408252 0.09452592276646965
2 0.10359828557913436 0.7450316043730575 0.0557463720637526 0.10597176798982266
2 0.1606576219806189 0.6950262771395272 0.04546927586424743 0.08793880169541124
2 0.16756541881010348 0.8318814795278506 0.037770436130804164 0.09148117865988192
2 0.2371031974127426 0.7414973051064966 0.03100177899835055 0.059958273883234714
2 0.20174804194626839 0.7330239389466147 0.03049030779884543 0.042380148883234714
2 0.18061967694214473 0.8783257265811446 0.054929849729319635 0.14494329973094033
2 0.6527970987558352 0.4146486980428427 0.06276325019785567 0.07899189102535198
5 0.31201142361018597 0.8356834431851425 0.03244343279884543 0.042471117142117265