2 0.19128901285263178 0.7126576271813004 0.26757748031023054 0.20902452879045486
2 0.1421019236506211 0.6414506921531398 0.17729537235458304 0.17358174258448233
2 0.6001090914608517 0.4809788618898684 0.22305434697528082 0.16318768689433427
2 0.6655391013057363 0.5818035795615123 0.30357082993092854 0.1979475940774209
2 0.7302120499733296 0.7640927121468877 0.26191747614275585 0.18726700218130032
2 0.45934607913353065 0.9010489435466228 0.2325407238717918 0.1979021129067544
2 0.4779402217516856 0.7985053974655871 0.10989291288172676 0.08536351764258976
2 0.5746994641777649 0.7561646231830026 0.07995830909355406 0.07550238057393255
2 0.40467790376150226 0.7334720527825005 0.10746149129059723 0.07936756683801294
2 0.28404199751756376 0.5629837976689643 0.0850205231083383 0.0661464829876639
2 0.30727996551259623 0.49487704241015884 0.05867330492607925 0.05265224752816078
2 0.525711584635837 0.6584539248502648 0.06401444469946771 0.07050352413731509
2 0.52088868008906 0.6934735990456876 0.09103933030538158 0.06850933540139548
2 0.37601859637723256 0.6754862016046885 0.08450228788172676 0.08358803218308664
2 0.45059631057924326 0.7484686220923524 0.07250461212312242 0.05556140316020075
2 0.0388345451566234 0.7797199870105498 0.0776690903132468 0.08286408942428114
2 0.44210549846581915 0.5396618866328493 0.08844847651720866 0.06056025959681843
2 0.41984377062590195 0.5115875015756347 0.06174245530538136 0.06646069833273782
2 0.4014483541505028 0.46021219232299726 0.06062642992607925 0.05278882333273782
2 0.555087047527262 0.3226530006548419 0.16230810114275585 0.18030163614786487
2 0.4121101808622118 0.2694410653115543 0.1832343022806623 0.22254644338905938
2 0.5513399073794205 0.22417729582737894 0.08095484091129501 0.06392020637850959
2 0.4901554647636902 0.27588065999464106 0.08191143409355406 0.07563895637850959
2 0.5863963107907155 0.16770047079832506 0.17928843599006505 0.15041739419363653
2 0.4951574484803667 0.15444547048319812 0.04304830492607925 0.05155964109154337
2 0.4644255225345358 0.12185024430538627 0.06827949772903608 0.05138200155104655
2 0.4679130615517445 0.06709445640309768 0.134486376896511 0.07737337810209313
2 0.4157566685591366 0.0683580100818027 0.06644586629059723 0.07649947494189224
2 0.3393857450714962 0.13766003111702463 0.13054018826102887 0.10040115068836164
2 0.8407805350369604 0.08334652217504833 0.05070137272903619 0.05015281930985205
2 0.7432637479162626 0.0627775690439013 0.05253500416747481 0.025035345919006385
2 0.8097099365517445 0.09099522220410221 0.044044836743820204 0.039977466896120556
2 0.7996655469655825 0.16591738309494786 0.11627052310833808 0.0683316958608986
2 0.7484461001823773 0.23992457708967302 0.14939377083737426 0.11725533292955614
2 0.6895136776429924 0.27607122915922366 0.14496928561076272 0.13442373051582468
2 0.8248972232858665 0.3140201358819141 0.1419001352314606 0.12061527971124753
2 0.660176219317741 0.05794965984937163 0.0780850613645181 0.028763956378509592
2 0.6460262088990538 0.11097771832648579 0.10682376250242465 0.07155506683801277
2 0.6563699770788882 0.16473641186081456 0.10160211629059734 0.07895783942428125
2 0.8992554361651686 0.3054698535535579 0.08211080492607925 0.05429115718308675
2 0.7571757382464814 0.34955219683086747 0.07832404848764041 0.07927205476935528
2 0.7127522903277943 0.4004633303370356 0.1780928556846837 0.08819054580279084
2 0.8761564475321112 0.2154623035826118 0.046516196970431745 0.022672493505274893
2 0.863919623477942 0.24505286205972596 0.04245051477338846 0.020446216896120528
2 0.3818370657070965 0.36357356855891687 0.10180148712312231 0.057610040228858406
2 0.4369830541529274 0.3978759922939433 0.047113987123122425 0.05378591770069774
2 0.4316818530150208 0.43875504148936617 0.038185461743820204 0.03956773948238901
2 0.5629795859706683 0.4184721695914593 0.053292226517208885 0.0581018951144292
2 0.47128207404204625 0.3266141539603123 0.033641482955647506 0.0314820878732347
2 0.58765179904932 0.14028843289603649 0.0752948367438202 0.04216267976935528
2 0.43124301154204625 0.3238143499664803 0.042928811364518094 0.026305591896120584
2 0.2686748257513306 0.1857508287614009 0.058513872729036076 0.05069912252816072
2 0.2921524255592549 0.2590885283300584 0.083705126896511 0.07382240718308675
2 0.3895102640002367 0.42598474878866843 0.055444722349733855 0.03689067172358351
2 0.4692893327514489 0.39915293056946666 0.055125857955647506 0.03298442172358351
2 0.3738253560470137 0.38953102864518535 0.04520080075860444 0.03034841770069774
2 0.4027634280174454 0.3719118399092657 0.05201676894086338 0.0424768951144292
2 0.2693930765002367 0.4175853368071726 0.0889267731083383 0.06641963459681821
2 0.3087146941135424 0.42917420330100453 0.044044836743820204 0.039977466896120584
2 0.1752644653253697 0.42769954858975706 0.09335125833494973 0.04925123701054979
2 0.11128963691649923 0.41733317203871045 0.03902256136451804 0.026032440286966274
2 0.2773840109803667 0.1392172682728438 0.07218574772903608 0.05165515316020092
2 0.194436267606032 0.21689862439433422 0.1283873700836191 0.2167691958608986
2 0.1427179102241869 0.09247929905015341 0.0505419405319929 0.04819969430985205
2 0.09030368899781208 0.4698832151998046 0.1254779742462448 0.10975704827463018
2 0.016402997529686637 0.4647821543961206 0.032805995059373275 0.05655849752816078
2 0.038774153686073384 0.40921360396477807 0.07754830737214677 0.05806083137850959
2 0.03224669299018334 0.18032931528696622 0.06449338598036668 0.12237738057393244
2 0.014070939009934988 0.30841611045950323 0.028141878019869976 0.06214472091900647
2 0.005680618174985267 0.3910824834480603 0.011361236349970534 0.055602466896120584
2 0.03176904108882325 0.5403461305739324 0.0635380821776465 0.0473391757464694
2 0.5423936690965703 0.8992618272349424 0.11491518826102887 0.09930854425174429
2 0.6460685651211711 0.8564225057683781 0.11005234507877004 0.08731664264258976
2 0.5052227744189238 0.3800586321495671 0.049585347349733855 0.03648094430985205
2 0.4828215836997044 0.36572440999464106 0.031050629167474808 0.023533012068657544
2 0.6264757954435246 0.3384484929241972 0.05867330492607925 0.05265224752816078
2 0.6529621541602011 0.21851563726310314 0.05887267575860422 0.03130444833273793
2 0.7394177282143702 0.1941149593599214 0.04308824356156116 0.028258716896120584