5 0.10829666852950727 0.39142175980918076 0.20231122970581292 0.29940075333513116
5 0.5237040883785897 0.8516317439802357 0.28934955661361483 0.2551787808111796
2 0.4394607924126267 0.2560102152599768 0.24103281046893366 0.28191668221337496
2 0.7595346489468113 0.25289522345837767 0.11611087966609768 0.168046193746907
2 0.5926155879690813 0.3133535461909138 0.16565493506354434 0.21162079234471176
2 0.855559936085256 0.7883834654871194 0.22554417816368533 0.2889103106620774
2 0.24458483360908512 0.7443011194035909 0.21930979200311818 0.26711885883034103
2 0.1519796377903632 0.9072127558235517 0.1662784750397151 0.13555127628862396
2 0.5462084963514949 0.5684839509850259 0.12124443891886316 0.23856341163473127
2 0.0991590193800013 0.13237264741656612 0.1535270819792891 0.18756913868123865
2 0.35398575131957527 0.06633160970798145 0.1093651146502117 0.11695786691517043