5 0.5573020622094611 0.2933761419476646 0.15049952166547564 0.1157699604292185
5 0.35347319634588303 0.4406638950914924 0.24856549907920722 0.12333393161361483
5 0.6754446828960365 0.5846402957632684 0.16830973453871056 0.14729269581872195
5 0.8610598457983251 0.5823781255129155 0.25398746752637447 0.22876858968992697
5 0.20196852309584104 0.7209906884141859 0.23747517976935523 0.07632256391886294
2 0.248782382464694 0.6214203480127678 0.18811413614786482 0.15153986505560102
5 0.8525707041011159 0.7546110907116387 0.2904550272394082 0.19234105316368533
2 0.44134283450519085 0.5926375766058194 0.07645841120597252 0.08911793425276526
5 0.6300996958854868 0.49547838423702684 0.0734537435052749 0.04614918425276526
5 0.4104748827798209 0.7105069150795779 0.10102958137850959 0.07784237926070836
2 0.5272937191020091 0.6752241827346144 0.06868697494189235 0.061671908481701454
2 0.4879656697367287 0.43440530235702557 0.0832193685052749 0.04631964387120491
2 0.33029455341275427 0.640530391641563 0.0890787435052749 0.046421919642268605
2 0.5153156570624053 0.615790237929366 0.11411408942428114 0.09757818080283576
2 0.642685201774546 0.6614769632751829 0.1391360507464694 0.06485234273446672
5 0.6570944041301698 0.7277127536567433 0.11587619028696627 0.039086706573899566
2 0.42204321740569306 0.7640814848848261 0.08880559189612058 0.042515669642268605
2 0.8266877692428127 0.9437694916853971 0.0893518951144292 0.050328169642268605