2 0.32897226731496754 0.42663719933496225 0.14081987006275454 0.2780596157775199
2 0.23767753701780972 0.49550222555876594 0.10443823064322683 0.1977996835959276
2 0.1433991623638787 0.36719253037336586 0.12224044956626129 0.2623323492378742
2 0.3516749045773332 0.6207686037556708 0.15174117635658935 0.08288347116371408
2 0.3280758916228295 0.684358795744166 0.1521166621677743 0.08874284616371408
2 0.1539348617801754 0.6902529106917735 0.13296089797895927 0.09448859167521895
2 0.13682103351098 0.7440433888337201 0.1452297617201923 0.13360790641946663
2 0.229969599206349 0.0835014496738953 0.14943580158730202 0.1670028993477906
2 0.19203655054909502 0.21755120889637541 0.1530422617201923 0.13365335821486468
2 0.22924785144425908 0.30714497402168595 0.11878837523071262 0.08659655103327224
2 0.3623440324266332 0.08992263954088775 0.13078068514673358 0.1798452790817755
2 0.39019142408407104 0.23299375061372415 0.12154193784606893 0.1295653010332723
2 0.4558204725106123 0.18380201125053944 0.08310524753137727 0.1391036670562818
2 0.5369362440245475 0.10799440171478306 0.15269001195090492 0.2159888034295661
2 0.5276641396156321 0.37276652945001 0.1451278358250283 0.22341756757291797
2 0.6058895685562006 0.3859782050216043 0.12800089258028846 0.19988916398212186
2 0.5571270184339225 0.5375726514985948 0.16068013379014423 0.10050704795911214
2 0.4729942454549633 0.6317771694525757 0.07857318784606904 0.12931531615858272
2 0.3174880899201712 0.8952792513208918 0.07739726441952777 0.08049855410743234
2 0.769061323066629 0.2922900501392178 0.13263188425156947 0.27215478898212186
2 0.8537269615633061 0.5553710517990427 0.20009188965024038 0.1671178310384036
2 0.8938503441191389 0.38625529506629985 0.1256985117201923 0.13349427693097127
2 0.6677304017626415 0.6091678625164729 0.08383298311184939 0.059059630902830396
2 0.5681851046857679 0.6849142780356748 0.159853466223699 0.11807381001026274
2 0.5766264082802673 0.8273901364960291 0.08753837523071262 0.08641474385168002
2 0.39937956605296954 0.7903495902901851 0.11127566509782238 0.12169598628902456
2 0.2755554894795108 0.7422600569654041 0.11641029842654127 0.04948717603327224
2 0.41260588950027577 0.4163886490088575 0.08681063965024038 0.16645878000513137
2 0.6838339528077702 0.11414157860726916 0.06968369640550076 0.14293037641433518
2 0.616152847395256 0.22582195502160435 0.07248971892303446 0.06485082820973331
2 0.28389600651762587 0.21604058780044788 0.04364402567829473 0.04125424692584001
2 0.32752841417497175 0.2206677339513336 0.03558120180417135 0.037302545130441844
2 0.5221540204757282 0.30641709419425756 0.10000809685308254 0.0982016715447771
2 0.47476525775193723 0.2842402304154956 0.047474579734219424 0.07056248487468952
2 0.6026424853497596 0.16244765906125003 0.06259893198597277 0.06284088846548563
2 0.7004253942414169 0.2360698542466501 0.07702177860834292 0.07463917910743234
2 0.9056579050387585 0.44573470397550363 0.08841450879014423 0.10008661885167991
2 0.7787310099898472 0.5069974447530236 0.04817608536360307 0.05104259782353893
2 0.862695142857141 0.7505585593616979 0.10521543221668539 0.1489942844936265
2 0.7830056186438703 0.7754271398156788 0.07844802590900724 0.12736219115858272
2 0.4366096121262444 0.5597501663784157 0.033802704734219424 0.07048294423274282
2 0.30918919648624865 0.3545136111955812 0.05145652567829462 0.041299698721238065
2 0.39135758406007504 0.9612309833669108 0.04123971892303446 0.06466902102814087
2 0.7150464624515485 0.7543461494998369 0.046924465992986386 0.03151134782353893