5 0.5992558456755999 0.3396231460538688 0.330740192774182 0.2750092354555792
5 0.412517464483113 0.8228757090295697 0.3085640939506351 0.3463198555126632
5 0.9296457406636853 0.6685422783725554 0.14070851867262935 0.15847169838371
5 0.16836302505957268 0.1971545139730326 0.3159773762161684 0.21195214923887834
5 0.1884271357510586 0.5639225376897335 0.21567627739262157 0.2800794194862428
2 0.8815676379848196 0.3560058097414807 0.14447738737673532 0.22643315465749525
2 0.8413949325278005 0.12308819795448543 0.13591486505560102 0.18314606967652328
2 0.674584801132619 0.5739732652552378 0.1706521266215577 0.2723896183456542
2 0.7495068714425446 0.9423214195573246 0.22877847503971527 0.11535716088535075
2 0.6692681721738932 0.828458159029023 0.13571031351347362 0.17142731967652347
2 0.4501508284259528 0.5189624889249156 0.21036237317162843 0.3110906682505139