5 0.6290382261143096 0.6970610939090338 0.31748015125995876 0.24912578583825762
5 0.3780090614275877 0.21709454411753504 0.28844652645781466 0.3242063867916405
5 0.9251943376796495 0.3641215274333346 0.14961132464070093 0.1459449609772585
5 0.21773950217641275 0.8446428831634434 0.30589596199505165 0.18628476269868965
5 0.18852916468672185 0.47778400169826446 0.19896465772602073 0.2664496785355298
2 0.9094357741151343 0.6775856853285878 0.12924135952734028 0.21718751655855506
2 0.9008008805083716 0.9116986535769577 0.12448265752816523 0.17660269284608465
2 0.6729430299876291 0.4625062892347866 0.1539291224594641 0.2609747220935178
2 0.6970174039983505 0.08287459753723085 0.22193248746358774 0.11701391832631983
2 0.6333285501614434 0.20747466287421268 0.12569699079554653 0.16243181193064138
2 0.4560684243858147 0.5193204959084667 0.19005148472519606 0.29540553039596196