9 0.8332513885430253 0.27595165261428023 0.043107894954293347 0.04587652426848954
9 0.9821757511370285 0.1565869962213116 0.03564849772594303 0.038064024268489594
9 0.9534059824745567 0.1538837896532126 0.05055652191876403 0.03824586222439241
9 0.9257251403527029 0.2088432300740893 0.07603811517764658 0.04078996058107648
9 0.9674070166445246 0.3288248556201397 0.04933114298982266 0.053825402735416694
9 0.7488844372917303 0.3286162053548617 0.07594714691876403 0.03883683558107642
9 0.7310361000810532 0.3642944229651048 0.068680456472058 0.05037374762517366
9 0.7407134493881409 0.40451532342100754 0.05378320254311664 0.06563507171336813
9 0.9806614567816443 0.39763882550989665 0.038677086436711416 0.06377286569131946
9 0.8180544489237616 0.22194522843593817 0.030934303659881923 0.03583814233463545
9 0.7406732056446158 0.13137331009934958 0.12582409946188067 0.10438098831649317
9 0.741090640507496 0.26600255663242245 0.036520773883234714 0.030115145801562493
9 0.9759311073197636 0.18572476300989665 0.04813778536047275 0.04619474069131946
9 0.8544522332485224 0.45886432679262223 0.08457836124870499 0.0565967985369793
9 0.7840915565531114 0.41430449467847286 0.08671342276646965 0.060548508025954906
9 0.8209253342104944 0.3673621219579868 0.05519051798982266 0.05396178120234385
9 0.9059317558399356 0.3703161722284296 0.06772798231976362 0.07181266313619794
9 0.8675648358653789 0.23773015316033058 0.06813464691876403 0.03865499762517366
9 0.8782323552483398 0.8437663302595493 0.19314541718264389 0.20935131696371556
9 0.7263621497585171 0.7875543043529085 0.20332309191358422 0.2603144049196182
9 0.3047570724771467 0.02952988803572074 0.058732894954293347 0.046240200180295184
9 0.4764609062232617 0.1974109851096792 0.10138594861417516 0.08235109944878483
9 0.27699064722835043 0.16642965947864607 0.04292595843652869 0.04197027426848965
9 0.31285594008364326 0.24530474104674505 0.050920394954293347 0.04605836222439241
9 0.19671726762675987 0.3069848372192276 0.08957623035529289 0.08012521751493062
9 0.41719821236547017 0.035073496151823265 0.10783392473094033 0.05323606240468759
9 0.27279548180190766 0.26485790427825545 0.04933114298982266 0.053825402735416694
9 0.3437929363094949 0.3230896113924048 0.07181616883752828 0.07580983211414938
9 0.4323390423374369 0.27637535262977464 0.08653148624870499 0.056642258025954906
9 0.35777781508364326 0.24635030929318608 0.048967269954293347 0.046012902735416694
9 0.2768568874059968 0.20544669998967036 0.03715755169541102 0.04378702080156249
9 0.39269856673852765 0.11644558356167567 0.08921235731976362 0.07231271751493062
9 0.253636037789323 0.041997086577864794 0.11274082557864595 0.07481135638263899
9 0.24603225522076305 0.10912987188849846 0.09488979580199897 0.06854284598185773
9 0.43954423800490605 0.36824041686323816 0.08566998035529294 0.0800342985369793
9 0.8569323198400269 0.17700144020442782 0.07236197839082203 0.08752858211414938
9 0.49589849539840947 0.15396572698841188 0.09116548231976362 0.07235817700390634