9 0.8473836372098857 0.6928638490226495 0.041314396766068295 0.04615739394086349
9 0.9936315284363305 0.8123637605695448 0.012736943127338973 0.03798609091129501
9 0.9734334909239586 0.8149744225030162 0.050670585990419514 0.03914205492607925
9 0.9440978940505051 0.760486132163099 0.07421044493433149 0.043008366290597344
9 0.9780528808364796 0.6398708399266708 0.04389423832704087 0.05640131553199268
9 0.7613050563925201 0.6410459673969842 0.07410808599041951 0.041055241290597344
9 0.7418332909301446 0.6063480446703728 0.06680738070998027 0.050183137502424646
9 0.7485239950799447 0.5655915372836785 0.05210361120519025 0.06648580492607925
9 0.9859504551100822 0.5703356927665881 0.028099089779835662 0.06532984091129501
9 0.835550070667471 0.7477705280004733 0.031036977046507097 0.035594607955647506
9 0.7618776847276512 0.8391087533822001 0.12230544719560932 0.10722218182259002
9 0.7557914800977101 0.7042634122836785 0.03473850915868293 0.032007222349733855
9 0.9853860791911209 0.7819906376532824 0.029227841617758266 0.04643631969946771
9 0.8603763723980082 0.5103663162566532 0.08273945754171708 0.05731797007877004
9 0.7921110512762519 0.5551683753502072 0.08489730042954147 0.061383652275813105
9 0.8318305793460128 0.601943851106387 0.053442582541717076 0.054926487123122314
9 0.9160196722338372 0.5989945166335306 0.06412943803692661 0.07330177310833808
9 0.8837640420039978 0.7320659730743941 0.06619322704650732 0.038464387502424646
9 0.8666300274192629 0.12442491909657032 0.18426873727904347 0.21340821553684206
9 0.7166405331292433 0.18178250546593752 0.19278944482076033 0.26466776212797155
9 0.33027162906827057 0.9498574458228268 0.05549806648562905 0.0570390443201656
9 0.4937020161955149 0.7746945999830279 0.09774199881257539 0.08382462045807215
9 0.2953021377468124 0.8065816840814313 0.041109678878243794 0.04225114394086349
9 0.32841951393423696 0.727380597337611 0.04912689676606807 0.046795122729035965
9 0.20852365445339816 0.6665543130616796 0.0859208898686632 0.0809149022758131
9 0.4433993406524023 0.9376806908943229 0.10792536465389246 0.0554843386403312
9 0.2862267610792468 0.7082677359755175 0.047583207541716854 0.0544481905319929
9 0.35567751512166157 0.6486578071849203 0.068240405924751 0.07752688750242465
9 0.4463830110792468 0.6951942958179776 0.08469258254171685 0.057477402275813105
9 0.37246718537814916 0.7257464979041397 0.04717377176606807 0.0466356905319929
9 0.2932549588685686 0.7675191840814312 0.03535266282215599 0.043725972349733855
9 0.4145838435641781 0.8556892183573626 0.08736222014910222 0.07130870947285617
9 0.278671507516973 0.9383776829459491 0.10956310775648759 0.0867343386403312
9 0.2669693676483098 0.8647966617341218 0.09311923620519003 0.0698338810639858
9 0.44845925768732997 0.6038159706283266 0.08211699881257539 0.08254916288172676
9 0.8761949817652757 0.7934897251581314 0.06885455958822417 0.08924563750242465
9 0.5155875219054953 0.8180221530125962 0.08941770409301442 0.07342126666989923