9 0.8303492834131716 0.34716386874769506 0.049126896766068295 0.04597263648947958
9 0.9824717053940104 0.28636367596438056 0.014380082541717076 0.05153222162236992
9 0.9342107071183616 0.2911097085063701 0.0488115148686632 0.077097474552418
9 0.8406488148748492 0.20672661165328754 0.057348832541717076 0.05428578423772623
9 0.7441683436518937 0.40239136142257487 0.0468583898686632 0.07697231261535631
9 0.7039245632640693 0.40373179171281104 0.05436381303692661 0.07161358536360285
9 0.6698942616471033 0.37999450184570127 0.06927230042954147 0.058943005860096154
9 0.7884179295287417 0.1563470774155613 0.06783097014910222 0.06858346892303446
9 0.8745587983386204 0.38233173676864385 0.038747118102595124 0.03362807680417146
9 0.9239236332551866 0.4873987710063701 0.11397284741038005 0.13188390653839077
9 0.799375943437123 0.43336480759736273 0.03319481993433149 0.039111965992986386
9 0.9728513137442103 0.24557364184201066 0.03873881303692661 0.07061228986710971
9 0.6704835001135713 0.2565721410345163 0.06299518458822417 0.08773923311184961
9 0.6799586584131715 0.3375263995939479 0.06700379353213637 0.08994268198597277
9 0.7405013808803373 0.32278915117432827 0.05960903437345344 0.06027032117478792
9 0.775896918108781 0.2456901796673147 0.07574582909301442 0.07103724167128111
9 0.8811263808803373 0.3318008106427672 0.044495829093014416 0.06903465067829473
9 0.3219751582996002 0.10098016848929578 0.22323718340079957 0.17392406307678165
9 0.30771819736596645 0.24214366420958 0.27637268911077995 0.22210014844038461
9 0.8298085262627681 0.9183772353036198 0.06166451831736586 0.06234860811184961
9 0.744388322593109 0.697337969419068 0.08920468113952174 0.10499133829365093
9 0.6843989201738462 0.888482277523996 0.04522064676606807 0.04572231261535631
9 0.6280017349351241 0.8241179634436155 0.049536332541717076 0.05378513648947969
9 0.5189545744310317 0.9043358623108173 0.08673976141996076 0.09510055135658924
9 0.8696179556779386 0.8131456942021987 0.06422349191517052 0.11117673311184961
9 0.592184304332529 0.8531776295450367 0.057348832541717076 0.05428578423772623
9 0.5683166058927093 0.7664018439576428 0.081912280924751 0.07727210248246608
9 0.6518749349857238 0.7051272333771705 0.06309754353213615 0.08969235811184939
9 0.64675283525728 0.7841662149086397 0.04943397359780466 0.05183201148947969
9 0.6480060577812314 0.8724323257198245 0.04686669493433149 0.039988099552418
9 0.782908611065763 0.8036697380029553 0.07892726141996076 0.0945999036083427
9 0.7963066294967001 0.9499120223791078 0.09578056874690688 0.10017595524178446
9 0.7249110555199536 0.9381108401393523 0.07717885430778515 0.098380991671281
9 0.5697842004480993 0.6636124575835194 0.08653504353213637 0.09119430135658924
9 0.9333019342216544 0.3645396389119626 0.091677905924751 0.07789791216777431
9 0.7934211654809334 0.6965607678456094 0.07902962036387295 0.0965530286083427