3 0.34048465534150135 0.3349485720656392 0.21273975465313966 0.20496254586316076
3 0.5003682087050794 0.20129070677245284 0.14260489419363642 0.17559044066501733
3 0.5916799211179178 0.29705943037585963 0.19651309315662835 0.41798619062972386
3 0.6262965601980183 0.33311610139784154 0.1422496151126429 0.2261441775108377
3 0.2872981242736529 0.7704867267507773 0.17389595792955614 0.15018055247554418
3 0.1868353779814118 0.6829382827619215 0.1564544087341333 0.15110986828173578
3 0.12904860815752142 0.3294419209513947 0.1982751940193132 0.3597337103609932
3 0.5127207167754392 0.6143862758671894 0.2565279594806027 0.21918394055913648
3 0.7834686743652803 0.285860394007751 0.1391494353432876 0.1539923090879276
3 0.6563999604013955 0.12381844017090718 0.12139367080279095 0.17824536831702942
3 0.7494398572121406 0.09130657494830793 0.18247346442428114 0.105941216938083