3 0.5542699203910961 0.44747724402103306 0.28412896298464263 0.29205623081582543
3 0.3377006107843256 0.11455150388695809 0.19850715932476093 0.22910300777391618
3 0.7336710527845995 0.6489416571387664 0.4719018677612896 0.3121235062353882
3 0.698592452959656 0.5036861348368976 0.5515733281622892 0.3512465897435395
3 0.766499823977238 0.14085637797496978 0.36425526468005387 0.28171275594993955
3 0.15502192850508867 0.1580819579836976 0.31004385701017734 0.2580548340326048
3 0.20235162505347654 0.3563969916958248 0.36198105820799575 0.2921168143239766
3 0.48571529078950554 0.31059707908512857 0.3228275899491134 0.287203710069901
3 0.19625151132244487 0.6034527349533994 0.39250302264488973 0.3438757800932013
3 0.3249916907084523 0.6692052523252083 0.3055223697257604 0.2917310944055669
3 0.35891179151563124 0.8184410241084289 0.4629549570912306 0.3289616364218695
3 0.6268056128557494 0.8331734172553072 0.5303564728069963 0.2717895990792054