3 0.5939551277541857 0.39932968359562543 0.13479568339241244 0.27915118257574567
3 0.6935599237922476 0.2234429890909732 0.19193275039571134 0.16655165041956288
3 0.29385290371736106 0.5463669597960632 0.17791402332371153 0.3545247857925251
3 0.38956941458779404 0.40502995019817045 0.12675586285929907 0.27074668672493063
3 0.45812933838004155 0.6758326073543532 0.15800586285929907 0.27311467012819124
3 0.5294513949086189 0.8397459551224248 0.1439779778634227 0.12589030031467208
3 0.5090196696846601 0.5075521369172956 0.1578353724594641 0.267255295128191
2 0.4463011560600414 0.2020517958916495 0.23408497806127837 0.2087221286363422
3 0.9203376507653196 0.24774930054787153 0.15932469846936081 0.45564328890441375
3 0.812539216316289 0.5452331721795616 0.18607337539571134 0.1661076535314514
3 0.7127263568878764 0.37760643437069485 0.22469626352569083 0.2879122598601196
2 0.2039461012963712 0.12409628371212715 0.1539859525927424 0.2481925674242543
2 0.36821243674016535 0.9155804310081903 0.1453059713973608 0.10455392427737609