2 0.9477277872880785 0.4517314368751909 0.10454442542384301 0.2209386233451156
2 0.2832062207830424 0.8136264777181731 0.13603347349212935 0.1541685003095863
2 0.7528234403282392 0.7897878429971361 0.16664777792199015 0.23729136941617401
2 0.7426965862396984 0.3516537577509298 0.17253105772881883 0.28230421267505645
2 0.6856030943689229 0.4550061494489308 0.2224083453113419 0.3410371076293499
2 0.3907573620995946 0.18645670233484693 0.15681043850150445 0.10261671267505645
2 0.32805815268663097 0.5258857100379366 0.34499217236122637 0.2747753877155832
2 0.359587486275346 0.652817439256201 0.30226778440173563 0.2533338042790545
2 0.4120141945696164 0.8740904621572005 0.2840061542179393 0.2447025899491133
3 0.5826213460774871 0.7342039784921388 0.23615370605590225 0.32028047870040854
2 0.4334799787350109 0.36351150795919945 0.08732841517442114 0.06436754187305749
2 0.5749088936149875 0.5237668039159915 0.23854774552326363 0.19201100651258463