3 0.4507880068344402 0.4193990770588792 0.293405246607368 0.18856781292335534
3 0.25540052663374246 0.3865126830342299 0.196254236089757 0.2185037567838337
3 0.684861721113452 0.6551075467846261 0.37312809252637447 0.24334106173593062
3 0.5221310626944456 0.6126685507134696 0.2849098675844821 0.17839275214770667
3 0.7521222523511579 0.45359402561227025 0.29281787965313977 0.20799670397944303
3 0.8825312911742392 0.3281624780945047 0.1476448143661735 0.16341512607385322
3 0.5783624152534466 0.4636805341204551 0.28695850465313955 0.20768962714770656
2 0.3145329776081771 0.6294291532401178 0.24445393039960917 0.267733012493814
3 0.21845586155015342 0.1416015625 0.43472651022707215 0.283203125
3 0.5169492393371196 0.16011482997065504 0.19389138367602543 0.21254202283992146
3 0.3924267996804073 0.3136619721005961 0.3189458320087635 0.2755289023624772
2 0.30639866001922916 0.8915531864829325 0.2965875538485625 0.20624829686726764
2 0.9700331756012 0.4558058514269392 0.0599336487976001 0.16095851141996076