3 0.587366768478676 0.5887747787173612 0.273964550814382 0.13479568339241244
3 0.7708272207231324 0.6741096910456086 0.15889139427970278 0.19193275039571134
3 0.41240393261725156 0.29979294495534037 0.34766247300056696 0.17791402332371153
3 0.5617187996756647 0.38510989245121674 0.2658792323027277 0.12675586285929907
3 0.30048059357134316 0.4750656593920002 0.2669705063493448 0.15800586285929907
3 0.14541488145536738 0.5603061685964537 0.12014510820977703 0.1439779778634227
3 0.47250440743191713 0.5122648585538558 0.2611111313493448 0.1578353724594641
2 0.7679905056641522 0.42525674394544366 0.19938619146588765 0.23408497806127837
3 0.7727896802239829 0.9123435639760207 0.44997522390761624 0.17531287204795865
3 0.46469194882830434 0.8193421597877115 0.15868678039596196 0.18607337539571134
3 0.6207559211534901 0.7068147307165363 0.27905508869840623 0.22469626352569083
2 0.8343874211633017 0.1754915790766602 0.2707403470935177 0.15421327312585575
2 0.05802956816415216 0.4045989904987629 0.09286956283769059 0.14513548099752582