3 0.3843718321970172 0.5250423808451072 0.28995510685312165 0.28051380684353244
3 0.5843090881527622 0.8888019858834367 0.20330675052445368 0.22239602823312654
3 0.22710119696387662 0.29775536254702323 0.45420239392775325 0.2881538463868595
3 0.26113173223194813 0.44876109995188296 0.5222634644638963 0.32454032119657916
3 0.17139552164630173 0.8341484838398363 0.34279104329260346 0.324712781653252
3 0.7774767564627822 0.8701983023271069 0.3358232525990461 0.2434409004746072
3 0.7294660855653272 0.6635102681067098 0.3674881110023065 0.275884656653252
3 0.44575953343828945 0.6715416669190978 0.3263244870396027 0.27226027300314937
3 0.7647895168473553 0.41711641744127514 0.4354932111071972 0.3253859202462708
3 0.6222719753555066 0.332943052802808 0.30919035892771407 0.2774033942959624
3 0.5967805189277533 0.17811064914319116 0.4691694714801593 0.30728717766064456
3 0.33035724714453263 0.12611246729965864 0.5345980057109347 0.2456990674893922