3 0.30398333969212027 0.6201171875 0.21202192305469214 0.20703125
3 0.20534502558134035 0.4150390625 0.18109561001776547 0.138671875
3 0.314783662651799 0.3603515625 0.4219358336155703 0.1875
3 0.3557522607126771 0.3408203125 0.22786825107385333 0.13671875
3 0.7114201216907245 0.8291015625 0.15538960312036054 0.169921875
3 0.6094315757837391 0.8955078125 0.15642149762515078 0.15234375
3 0.2590157868309441 0.82421875 0.3635468015033946 0.19140625
3 0.6041628936271497 0.552734375 0.22794569482076033 0.25
3 0.33898335312036054 0.169921875 0.15745339212994103 0.134765625
3 0.15876744826946276 0.234375 0.18582903663473138 0.1171875
3 0.12569159741038016 0.125 0.15189278889600927 0.177734375