2 0.5193847970878867 0.9435474504953585 0.23389652971124741 0.11290509900928303
2 0.7852307752279652 0.2276079137390204 0.16776343132040195 0.14593303274427472
2 0.8224615215447945 0.7043979268932 0.2519798941936364 0.1819608089820468
2 0.39301280171643826 0.752329275990717 0.295358371607368 0.19032282867802275
2 0.48722743243564015 0.6809824239222974 0.35945621752637447 0.24463053256780687
2 0.18597576936349403 0.4202902169557298 0.12016448856159634 0.16066724331702942
2 0.5100378666636894 0.31175602584954265 0.31101014080100464 0.3585190918322022
2 0.6374690069797095 0.32598614086038036 0.28443139729572975 0.31223213790712445
2 0.8598315735025954 0.3486631373600739 0.2735731658591123 0.2960383550216754
3 0.745764330167178 0.5394542690606914 0.3407444223538374 0.25521171679690857
2 0.3643247354840913 0.43943112797090267 0.07436871040139548 0.08991898019814348
2 0.5400783063449899 0.5605423186006264 0.2157444223538374 0.24793129586316076