3 0.08966467337681618 0.3238141847906915 0.1771930400620426 0.46403461958138303
3 0.1585729092735178 0.7873879181083505 0.27643878839113367 0.42522416378329897
3 0.8514784351129494 0.8663318441997284 0.1488934016947714 0.21300003089322428
3 0.8873778233410223 0.4218732078403172 0.22524435331795534 0.5541535894481867
3 0.7353556675684059 0.5336307788482565 0.3102541650421573 0.32304152300314937
3 0.38961640003380527 0.2647810190581119 0.4078876883752254 0.3250675852652988
3 0.5040473992480644 0.6198634381643409 0.42860072505567937 0.42742592271772883
2 0.355972157562838 0.4771759072711166 0.23660221335931697 0.2009562994291587
2 0.1650552150799395 0.5953134708646821 0.16619880669158976 0.19027878460041103
3 0.9581803150361915 0.7596195764238218 0.083639369927617 0.37866085228117763
2 0.745861277599825 0.7653944263292285 0.20301273502147632 0.16640025076002796
2 0.29517734176079113 0.7050581855507194 0.1029261000159083 0.12132585475263546