2 0.9496951214555767 0.6214846027863916 0.10060975708884667 0.20523869926865146
2 0.25587681562972375 0.16367316761532147 0.11745171697337664 0.14058102272652384
2 0.7281908846185796 0.2502517603539074 0.13774073663405884 0.22093188311602718
2 0.735288305252332 0.6910053211289426 0.13645088790712467 0.26578557426865146
2 0.674002923781123 0.5786786449922046 0.18053794048854943 0.3192358796660979
2 0.3893471242235411 0.8104401633546132 0.1454027762377721 0.08448586850553053
2 0.3132068778473751 0.459849283179719 0.31420452609659777 0.23571890624794045
2 0.339243338490717 0.3362228454770243 0.27032572347987927 0.21934388392680604
2 0.3823941775108377 0.1204074756519184 0.2543594537486098 0.2132117735373027
3 0.5590556740634717 0.28350824117660084 0.19675098656347179 0.2961052069792891
2 0.42523498293963774 0.6377640031479469 0.07924330258142487 0.05406396002382907
2 0.5605991968891713 0.49463324675688436 0.2163592893213644 0.16376999391092006