3 0.1413631115325656 0.7334455300149306 0.2057667624591656 0.45126606002986125
3 0.13380824481932438 0.24779929734956607 0.2558080176456467 0.4426823817432294
3 0.8085960565384495 0.1474991809910597 0.1399478952330817 0.20017503229444455
3 0.9184004841841353 0.5836159326292109 0.16319903163172933 0.5394749014526912
3 0.7629848140675553 0.48470709714344673 0.30090472355475173 0.29165695692352456
3 0.47576234493582603 0.7724236431407989 0.40323635685312165 0.27844130983923643
3 0.5157653493356268 0.4126638705104605 0.41693967687642197 0.3820933133061635
2 0.3984770179078735 0.5629838567380645 0.2316259097552289 0.17501333776527805
2 0.18480038382862884 0.4576019431511286 0.1613134097552289 0.17337679616215296
3 0.9515273031643341 0.24086604138667614 0.09694539367133181 0.3695059339377605
2 0.7250131239685094 0.25376102250920196 0.1999610513519685 0.1430814454306426
2 0.2909328226223464 0.34016686550069464 0.0979836929487079 0.10951301149288195