3 0.9077940329428632 0.8202454201339966 0.1844119341142736 0.3595091597320068
3 0.9091954100116502 0.391839706713202 0.18160917997669968 0.45380902438226656
3 0.284077702803022 0.10988304020393676 0.14237415560604405 0.1875023065384495
3 0.12842661826918553 0.49035438874707765 0.22429346474353945 0.5510212774941553
3 0.31539289938807213 0.44626453709204805 0.3051069714801594 0.31052234959204816
3 0.5888810267306969 0.8136192183740762 0.407586603741233 0.3046944196153485
3 0.5639869092423863 0.44665371681813193 0.42324304876453334 0.40880204046616364
2 0.6748890664043745 0.6288583524533209 0.23582815768063647 0.19070000674823095
2 0.8920547855419092 0.5860859222202 0.16341453371793246 0.18327092012819102
3 0.10288222796035806 0.16606163926572579 0.17060820592071613 0.3294592972027835
2 0.3620715796211931 0.22939481587992094 0.20206217531467208 0.15512889834497046
2 0.790652547208589 0.43955553295447414 0.10008481691141169 0.1163309512470776