3 0.39737422945593437 0.7311038864625496 0.20799233779135706 0.19882396813985626
3 0.6018540289097425 0.829341917102406 0.13874630262848053 0.17224012581077885
3 0.6565942174326258 0.7200131123130438 0.1901042218618496 0.4132245231319134
3 0.6766462952464409 0.6793724984736109 0.1365451683263199 0.2210000669634029
3 0.18794337147782544 0.3233978190937572 0.1709945628376906 0.14547593851347362
3 0.12124571675724463 0.42568613484099194 0.15348464246560417 0.1471222362002822
3 0.19299055533981685 0.7753587510134736 0.1919643330244426 0.3546989569792891
3 0.4649616144432879 0.4307097509100667 0.25339164518675195 0.21327995738467864
3 0.8480221651418358 0.6960274167963043 0.1359747220935179 0.148768533887091
3 0.7830761330377978 0.8764236865816951 0.11753474614013504 0.1796776146502117
3 0.8925317422704582 0.9085892258463749 0.1825769035818634 0.14177424005560124