3 0.39327485245664906 0.4905826191548928 0.2852296576383939 0.28051380684353255
3 0.5995983133293993 0.8455689253340846 0.19919766425077734 0.24193545579808395
3 0.2284452105992249 0.2784165124529768 0.4568904211984498 0.2881538463868596
3 0.2636399869781713 0.426238900048117 0.5272799739563426 0.32454032119657905
3 0.17726809077909736 0.8162421411601637 0.3545361815581947 0.324712781653252
3 0.7921324975055608 0.8016766976728931 0.33178265109659755 0.2434409004746072
3 0.740543497311446 0.6001616068932902 0.36289963133003456 0.275884656653252
3 0.4571793690405479 0.6311927080809022 0.3217702497529449 0.27226027300314937
3 0.7714783885247622 0.35339139505872486 0.4299691576031004 0.3234327952462708
3 0.6276480298968996 0.280338197197192 0.30453339448421435 0.2774033942959624
3 0.5994685461984498 0.14108678234356556 0.464101598409292 0.2821735646871311
3 0.33232618431733585 0.11067322072251871 0.5306601313653283 0.22134644144503743