4 0.8969613822115907 0.4138476240423097 0.15421635303926662 0.24220252919620622
4 0.8496079244480188 0.45436222807707255 0.09179623031023065 0.19362262519785578
4 0.3785463187633352 0.3646647813568249 0.11985726402448249 0.250945211797196
4 0.2617369464208751 0.5210418274938146 0.20575514773388526 0.18135060306127837
4 0.23610668960798326 0.6605870549615258 0.12675343182259013 0.1205973079967011
4 0.3159656356301595 0.6482970679925775 0.12284718182259013 0.1204836477301443
4 0.3598913011573032 0.5657902764578147 0.07449735341371966 0.12492226939818574
4 0.7394758632707272 0.37029554351331995 0.08406392992607925 0.05115816046441246
4 0.6355416884603784 0.3740910688829281 0.07832404848764041 0.0763214649312991
4 0.6334687475539325 0.44417624834981473 0.04005870947285617 0.08495048726573207
4 0.6858243502066232 0.4768754167484127 0.07999824772903619 0.04909137519785567
4 0.7543824513493789 0.6483885354802065 0.0799979253841514 0.1445671796647423
4 0.8016961316499112 0.583516699078722 0.15302045038900047 0.2752919939296494
4 0.6874383191499112 0.5801921362819384 0.11192559280780601 0.12990829193047437
4 0.56891593713767 0.4530146263849899 0.10399359924624463 0.10434717653063919
4 0.46434387236670593 0.4967355539880414 0.0949851965959787 0.13720932073096914