4 0.4574812617858468 0.9118214499591657 0.24184796835215816 0.15687574741256505
4 0.4910018759448245 0.8577708068064818 0.1923153166772722 0.09262889834497035
4 0.3373599692174408 0.3992572606409945 0.2492513883473857 0.12231149326338009
4 0.47328260169675995 0.257347437511611 0.1819374400262488 0.20697527956874773
4 0.60540193835534 0.207841054475468 0.12052695168284 0.12816856172493057
4 0.6053912591999416 0.2907748674941161 0.11852837334897659 0.12411431276222684
4 0.5309232000417594 0.34757690743002057 0.12381958167568152 0.0757301846503382
4 0.3923001992659613 0.7605271086712928 0.04978264501113583 0.08573122406759448
4 0.3823066234185756 0.6563454883391258 0.07703548834340856 0.07999070954544729
4 0.4494735325827235 0.6428967650524062 0.08439345500477247 0.041520205396262444
4 0.4900239450886891 0.6898760562878337 0.0477840666772722 0.08167697510489069
4 0.6661233684257344 0.7305397129311739 0.14339628500954493 0.08111642427737609
4 0.6092334342675522 0.7886737435314124 0.27502836668522646 0.157438604778529
4 0.5903371625855074 0.6740605028670783 0.1301107633473857 0.11328355653844957
4 0.4506425875735761 0.5756619515151099 0.10465195834659036 0.10550019502330032
4 0.4776333900580655 0.4635501239743148 0.13771872334499946 0.09629742738926461