5 0.8161918841438798 0.5802945640463038 0.3448442937873266 0.24258495228551147
5 0.5237889282171436 0.6581813827853931 0.2175745853904516 0.3023749272806624
5 0.6901211366140185 0.7422050517311056 0.2728530587471356 0.33222965379787084
5 0.3131331667937499 0.1664530159209934 0.19004573138263892 0.12468049091614425
5 0.5212781742736544 0.13550126630756934 0.19290804616215285 0.16390242311318742
5 0.6602414533871092 0.34448515779024225 0.22688561550069464 0.28364083826587816
5 0.48273192629305517 0.44642691365487863 0.19813262134244813 0.22086191250727372
5 0.9280257791134547 0.2733944990881133 0.14067535856684055 0.2649070715959787
2 0.3218401593396694 0.8633208662905972 0.4011683353904517 0.27335826741880553
2 0.3532298038585064 0.713726435241159 0.28915668502986125 0.1951521007683028
2 0.0667885730914061 0.4784755251920757 0.1335771461828122 0.1835135503841514
2 0.08268469699930533 0.6117463524654643 0.16536939399861067 0.16099270493092854
2 0.04727760329696154 0.7300500390172087 0.09455520659392308 0.18666257803441733
2 0.16269626579179672 0.19820176534719097 0.27925468156293415 0.18849556478308682
2 0.30454295640329826 0.45144983372395026 0.2287478215227433 0.27989402046292133