5 0.7781228757367831 0.49035281222035676 0.37392294622152544 0.2767878122493841
5 0.47395377213583695 0.5784263410140351 0.2628338083446481 0.31883712344986126
5 0.6238464535718512 0.6563561745163808 0.32202534849733877 0.35437909336827067
5 0.3524198912833235 0.09363994241844882 0.20388190000484918 0.14355814730767422
5 0.56519086154932 0.07340071926284263 0.21488304394571256 0.14680143852568525
5 0.665897098473093 0.2601083672028619 0.2692114185712595 0.3018509943006763
5 0.4697677905150208 0.3681402671037767 0.22895333826587816 0.23668701297200823
5 0.9223940410888233 0.18535243851407426 0.13512346099491412 0.2761620648368192
2 0.22953486606700202 0.8143442206876735 0.44264080190620925 0.3576956540559051
2 0.29328987080827934 0.6396718096387273 0.3113433912954464 0.22351971836827067
2 0.06570925794837379 0.4139279170104969 0.13141851589674758 0.19558166597900617
2 0.06770248275629812 0.5471249836596818 0.13540496551259623 0.17918753268063647
2 0.023518183133175715 0.6634402123951093 0.04703636626635143 0.19655707520978138
2 0.1960503977217623 0.13072248547204743 0.3028931625072737 0.21511522251745568
2 0.291216285212064 0.37972904719117256 0.27100511137421635 0.3000458682633801