4 0.912273524247879 0.5511160222259657 0.1460039693844597 0.238612283887091
4 0.8542939659122384 0.5159548295510715 0.0845314948320417 0.19266765117645313
4 0.41157052166389985 0.6556660014229823 0.10952040406976815 0.2477301623370205
4 0.2539962002583993 0.5156788626232645 0.19863941239848693 0.17710094967404078
4 0.1906725266011453 0.3818678114865264 0.12457205428663742 0.11727989042127551
4 0.27393066297526864 0.38432515472978956 0.11871267928663742 0.1171776146502117
4 0.33844487198920387 0.4604337885573079 0.07026004009782238 0.12218469155801359
4 0.7675283013911975 0.6113241959262479 0.08308201148947969 0.048272768871204796
4 0.6634115997023826 0.619007488843552 0.07702177860834292 0.07548015117645335
4 0.6423667884366939 0.5499613326948993 0.036631963293650927 0.08452984577900668
4 0.6858871491325226 0.512050797488233 0.079050599552418 0.04625146002382907
4 0.7078882807655047 0.33666654728553835 0.07541790946843907 0.14178412540538954
4 0.7722525948458852 0.3951800101512127 0.144225472314508 0.27174722503971516
4 0.6598474784053168 0.4108292167251123 0.10761973897194554 0.1267386881080842
4 0.5757727955311015 0.5481907706002888 0.10208638379014423 0.10127987926070836
4 0.4603637926010534 0.5169649771741884 0.088714298657254 0.1361633938712048