5 0.525072539010021 0.828125 0.21479607779059817 0.333984375
5 0.6280750494847426 0.5419921875 0.2871603338609485 0.203125
5 0.6984489585799591 0.7119140625 0.3121322474594641 0.255859375
5 0.15632643829142281 0.3046875 0.1089144876614434 0.185546875
5 0.10660112471901054 0.5087890625 0.1499301126614434 0.185546875
5 0.30338827254808276 0.66015625 0.2660169396606187 0.21484375
5 0.42143409581958785 0.48828125 0.2046744427947217 0.1875
5 0.20869176844049525 0.9296875 0.2540917695960413 0.140625
2 0.8656112854644125 0.353515625 0.2687774290711751 0.38671875
2 0.6994163631560827 0.3759765625 0.1722460391920826 0.28125
2 0.49032713479802065 0.0703125 0.1720605195960413 0.140625
2 0.6217548111308042 0.08984375 0.14585337226160844 0.1796875
2 0.7438639889317114 0.0576171875 0.1752279778634227 0.115234375
2 0.2008354731622681 0.15625 0.16420621865896917 0.2734375
2 0.44168159375789706 0.3115234375 0.2621106896606187 0.21484375