6 0.20352955845198317 0.8864144692691035 0.14416899168522646 0.14585557140550054
6 0.9306895258792025 0.3972799641357536 0.12420593501352206 0.10749457703488408
6 0.6653472408597148 0.23682841513243066 0.09325138168363578 0.13088261104189763
6 0.7045047525958479 0.7506749180624788 0.15979399168522646 0.14685686690199384
6 0.8217576958843726 0.4283568331603011 0.12863489835295372 0.15266677590900735
6 0.5068152633672711 0.28229177976190606 0.17921160835056726 0.1383428612726103
6 0.6368819417369286 0.5580054306709135 0.11637070834659036 0.10504080428663753
6 0.5334351809157917 0.641153017038115 0.12238917001511296 0.11908816509782261
6 0.8161390034213596 0.7002545419435238 0.1924516766788631 0.1021096198320417
6 0.683403994221418 0.4468140856289239 0.1850937100174992 0.14067147208379516
6 0.33869947421028207 0.3427543347060732 0.20996162167806764 0.09737670226559669
6 0.586088644225395 0.46985286377584135 0.10072298167965865 0.10208638379014423
6 0.4239004100692013 0.5365502795311934 0.16140621668124933 0.11768515383905553