6 0.0613944076498701 0.37114983056042605 0.10896913065112859 0.1522315888791479
6 0.8404729668477438 0.8098830960892276 0.11037674178342027 0.12882818080283576
6 0.8579089977899743 0.5096522595431285 0.12927155893776066 0.10182535003971527
6 0.40937622268949714 0.7568364443005711 0.14834984707395837 0.16658530235290647
6 0.7603704790773009 0.7262858355367445 0.15157420473932293 0.13735661120028242
6 0.7398106749845056 0.3886168080407161 0.14094648247473973 0.1840270596581548
6 0.5517018709611985 0.6175778459858207 0.1062886538275174 0.12094749695546003
6 0.42533808629192754 0.5611659791018478 0.12009690729444455 0.1270455154212755
6 0.5098501444930129 0.8342163646543308 0.10601752991961821 0.19317903003177195
6 0.675657119227735 0.6124833213316374 0.14303598594166678 0.18992052658184266
6 0.603112205190061 0.2659521048133389 0.10056729032039957 0.21065487926070836
6 0.6064786569131949 0.5365110551988708 0.10201872791571187 0.10525431310808431
6 0.4679861703301653 0.4207163813951816 0.11905297207395837 0.16607392349758754