6 0.06954568323324324 0.7395778928311341 0.11864200668363559 0.1284098079967011
6 0.7321484708187507 0.12876159004602095 0.08332667001511296 0.11371499059769075
6 0.824533502446707 0.41670251657666013 0.11414486334340856 0.0775148977301443
6 0.32790704412994487 0.2801405200906806 0.11491757001909009 0.1439211477301443
6 0.6753026216382968 0.22870443124758794 0.12820309168124933 0.11111583366309286
6 0.7407863890933557 0.5617765884789694 0.10149568835533973 0.16500771179719598
6 0.5015753982833546 0.382883067019093 0.08321303668045399 0.10394936559769075
6 0.3931421866048892 0.4666714721887837 0.09497724001431751 0.10819659639736079
6 0.4052493424769329 0.18177095778853625 0.06073005669158982 0.18529865399835055
6 0.6220107591203998 0.3590343702157116 0.10351699335613529 0.17092391693047426
6 0.6393929707392089 0.7121985641817735 0.051191698360907756 0.2045457533319588
6 0.5750555316080709 0.44851917458367035 0.08303122334499946 0.08832436559769075
6 0.4698240432547195 0.5929681150199178 0.08375847668681735 0.15082436559769086