1 0.228377612672679 0.4427962579308898 0.3859602382707273 0.35168879463946257
1 0.5522179126702544 0.5053347260497453 0.4276139144037847 0.26408224336070063
1 0.5649539696679482 0.7678311869448786 0.307835560615612 0.25557660348087974
1 0.8167858282095211 0.26562742596913025 0.35494922539384977 0.4022655115601712
1 0.6735496827587226 0.1668986795049682 0.31114369811803666 0.3200183655320303
1 0.3958274827562981 0.23293693586947656 0.3352192492510939 0.23230954771362256
1 0.4516306857907156 0.12535160031327627 0.5147073784185688 0.25070320062655255
1 0.7601063927811356 0.5773326706507226 0.41314455607368417 0.34989475092335587
1 0.3436131158797755 0.7769277001648747 0.24537549925109392 0.23178685206654448
1 0.07258561760118283 0.7962954896086744 0.14517123520236566 0.2706902707826513
1 0.06931661287202844 0.5327145181994706 0.13863322574405687 0.34863346360105885
1 0.6092983461778831 0.9061792179026672 0.4795115121279716 0.18239188182618626
1 0.22548915318769985 0.8488701322237222 0.1709577007634535 0.1571703988568114