1 0.6008969877722425 0.6976088844023727 0.3725140094822823 0.38186894401931326
1 0.49314346275147763 0.3784911952060567 0.2877524329088236 0.4245511578133405
1 0.7045846044089155 0.2185268792888366 0.27230505474806277 0.30486422959503195
1 0.18445227772010037 0.2607837062086521 0.3578903049787754 0.3964013375826958
1 0.17116451264304294 0.46672904207044386 0.2995236428110011 0.3048231658591123
1 0.3441745941883554 0.6714184264974046 0.25074498380398746 0.3325221949401058
1 0.19991840105897193 0.7011245739384037 0.3402597200765978 0.5157196021231927
1 0.4476875828949802 0.18030254609332969 0.37193766578996035 0.36060509218665937
1 0.8215304046465497 0.40555601124395807 0.2449875346991517 0.24267844494010593
1 0.9350649724298643 0.7104282980555965 0.1298700551402714 0.3107102199982137
1 0.7811199895833356 0.8311663140018704 0.3617995488879666 0.245013618214736
1 0.8427573286152644 0.15844327008984113 0.30270215723052885 0.31688654017968226
1 0.9280617129648862 0.46794711457848226 0.1438765740702277 0.1691291893661735