1 0.2835711345522941 0.4327007893741442 0.37573278288898104 0.36402919965649494
1 0.6145611493810417 0.49346582698338115 0.4191060980982897 0.27945562285517545
1 0.6545620381162238 0.7553086874842059 0.3016002631173176 0.26823331485847435
1 0.8413956330322383 0.2538833551903089 0.3172087339355234 0.4136170168576496
1 0.7004423283266261 0.15900755377439163 0.3021142342198502 0.31801510754878326
1 0.4284953619291587 0.22218493641179363 0.3279094244291587 0.24363831172437128
1 0.47392294344079433 0.12374222246977315 0.5064396368815887 0.2474844449395463
1 0.8140203557505139 0.5644481950226801 0.3719592884989722 0.36677794652239193
1 0.43401808060670977 0.7656367425446595 0.23798609068391574 0.239071000593567
1 0.1288713124507892 0.7872259709027216 0.20442151558877553 0.27711055819455677
1 0.10640875684298563 0.5238950767023918 0.18416736539849507 0.35455359659521646
1 0.7138040459106115 0.8894880463190512 0.474198163307598 0.195223026853526
1 0.3235620535628359 0.838268827774804 0.16652294961943914 0.16091007092882492