7 0.7925457338786017 0.7785974137037268 0.23278881696371556 0.19690326951950787
7 0.8992451561328554 0.563809630712397 0.18123475565112868 0.1607424735151728
7 0.5988560273799911 0.2353460948207517 0.23723894780546884 0.13669766425077734
7 0.818899173276866 0.31856996632044526 0.3571101906809897 0.3426280522990762
7 0.39997414098242157 0.4193398154003155 0.23424188758498277 0.17553265109659777
7 0.4619261775757808 0.5725647232328241 0.4042108550999133 0.2712532167263215
7 0.17384105658875826 0.513736562323532 0.22502177645269117 0.19840136821114873
7 0.2869421016588104 0.44404881221765136 0.18981843393776054 0.11053000640062183
7 0.353365365812456 0.7412834338585192 0.19131859707395849 0.17498313140062183
7 0.6353306025602863 0.1807530882083683 0.2271096468936631 0.1205038813653283
7 0.260466164514236 0.19510151619566943 0.25209113649288195 0.10440459186749584
7 0.1194985853209633 0.6782357367222929 0.2389971706419266 0.24319022344458574