7 0.733754799481424 0.2211332031198511 0.21581765551388843 0.2377841923687925
7 0.5330698772383682 0.10026377536155522 0.17604774552326363 0.18443616274240984
7 0.17511412552980396 0.379607352372764 0.15934790680983751 0.23874865158184266
7 0.2800556372524309 0.17506975547687667 0.37348247549513824 0.3458439285690748
7 0.33855642501122796 0.5907857137757411 0.19645728180983757 0.23939639813191338
7 0.49674671194577646 0.5377978672852431 0.30490264326145766 0.40900156046893366
7 0.4092133345892377 0.8228397382272296 0.21530502662604123 0.23192481736879245
7 0.35102109919820734 0.7054355833981522 0.12595000070705975 0.19136227272652384
7 0.6534863216888323 0.6579002267605607 0.18879175329895803 0.19635946428453743
7 0.12482071394878537 0.33960732447134606 0.14091540033009217 0.22867619926865135
7 0.10177809012656387 0.7147777840897858 0.12717003958553194 0.24988783887914812
7 0.5648781056188674 0.881487350850494 0.26567103828958283 0.23702529829901198