7 0.6593797059495969 0.8072356574009931 0.16065760502863502 0.22292541597900617
7 0.4207355134567557 0.8780999053322063 0.13097437669079437 0.18750230653844957
7 0.1897299500715876 0.5134318475058447 0.09638629336408949 0.23366645020978138
7 0.19966807760777913 0.7795154136363814 0.27800556005329297 0.4132979797785292
7 0.4253983175524976 0.35482497353733544 0.13924141002943047 0.2271568023892645
7 0.5554636275660196 0.444666416998886 0.20365045005170224 0.3959552691957855
7 0.5803976666931806 0.1515048070396811 0.16251982336090776 0.21526091494170996
7 0.4818337183720437 0.24889650413757392 0.07828545502465789 0.1874125845454474
7 0.7491064017245996 0.37037020770985984 0.144555345023067 0.18072579927737586
7 0.12747994340783747 0.5396521893123656 0.0806931133632941 0.22662308350815108
7 0.2483550533597147 0.1756880681993237 0.05952691170033941 0.25233884491840963
7 0.7645020825210785 0.12320367685900552 0.19665474170511188 0.24640735371801104