1 0.31874318443640137 0.48187589742042214 0.15597819050451334 0.289393533887091
1 0.6016567947683464 0.7919669673249583 0.2388638219842587 0.3005910196819839
1 0.47170226784786057 0.9190619094951751 0.19650686274756912 0.16187618100964984
1 0.2574933277559624 0.9221122810969492 0.18766910497187472 0.1557754378061016
1 0.15050616758906346 0.5043687089069485 0.25634455643286985 0.27749443891886316
1 0.15617917124155134 0.21594185217006928 0.11903969180046242 0.2906989123370204
1 0.28563390733964145 0.14484745586240855 0.1728728103207171 0.2818878612002823
1 0.7174812658458335 0.08294355772637621 0.19164884071643495 0.1398552069792891
1 0.8208021097430558 0.13169361352921208 0.3022934605326386 0.1339859466295008
1 0.7747713101434612 0.30009345525020525 0.16767303569768455 0.24474439427659433
1 0.4708536391372692 0.3642303743877967 0.25085261015567095 0.1701407477662389
1 0.72548190851742 0.5280977013948864 0.10636916976932831 0.25732532771858074
1 0.40957899198796444 0.7739434293798537 0.17336153440173563 0.24289354504765814
1 0.5687405274502898 0.25150669845375334 0.13193067106527723 0.25972164772652384