1 0.33848806323313935 0.7580427469938038 0.11357171670039978 0.0864484933170293
1 0.37130386419960737 0.8795539082030913 0.06617661691517052 0.11094832888978412
1 0.3866661161511012 0.44374190494984 0.16671552747604856 0.09733242089845429
1 0.41059464820649116 0.5452002799674869 0.11881693803692661 0.07507101304829877
1 0.31770639416407637 0.6044852897448876 0.09022827057864358 0.12403215781486177
1 0.26907052945339816 0.6670701515377675 0.051898893317365746 0.06143766442724541
1 0.3290461251962127 0.6900246417250733 0.11234340937345344 0.0630109933170293
1 0.27151883904162233 0.7511682831148574 0.05158351141996076 0.09257390785015529
1 0.21770139006487593 0.770955029773372 0.06464123275648759 0.08165145388978412
1 0.41101103996986255 0.2914742964278581 0.1676450630369266 0.07791492747554418
1 0.4656598180964091 0.23147785240370866 0.1578794380369266 0.07734614459009514
1 0.33102696884810634 0.33531457266563014 0.10812177747604856 0.09391972358576006
1 0.5665694425594824 0.15703250052940376 0.12652707909301442 0.07357291435665814
1 0.6334957923447118 0.1257072703312604 0.16662147359780466 0.05838367747554418
1 0.3890314803816384 0.20851373062166642 0.15211411691517052 0.11595361828173584
1 0.7032217520341353 0.4468545927498354 0.10338835085908271 0.1150628288544906
1 0.6063664143761502 0.31829833279596675 0.08447955958822417 0.0886483946606822
1 0.7184110519835356 0.32548608290184755 0.1542719598029949 0.11997362485882568
1 0.38976460312036054 0.1477393424674868 0.10164824881257539 0.08185970385449054
1 0.2787726226819365 0.029801881841791694 0.12755897359780466 0.05610854593374792
1 0.46398335312036054 0.14341659253807396 0.12796840937345344 0.06392104593374792
1 0.5955716983262485 0.09363207950742189 0.1077206467660683 0.04911160516284979
1 0.33933880596916477 0.4004598687229056 0.14194736120519003 0.07057671697337664
1 0.27627998431048184 0.3747463259012347 0.09660774536387295 0.09714343412322113
1 0.22516674228174013 0.48351401663683924 0.060419600859082656 0.11256018415851465
1 0.8432450559691648 0.37111067183373436 0.1621951238125754 0.08538615774427472
1 0.8845511476695644 0.4490274218690279 0.09928568803692661 0.0739334472774007
1 0.9321855346832375 0.49816883309596227 0.10843715937345344 0.06278348016284974
1 0.39503048182206135 0.7341791154696543 0.14554653437345344 0.06494485512755621
1 0.3743898935703641 0.6393860430863729 0.07357968113952174 0.10359085519814348
1 0.4014915528870319 0.8013912931040196 0.11079972014910222 0.07070973673993963
1 0.5606449761120811 0.6794741748399306 0.08829175570998027 0.04992716439195166
1 0.5433863855423202 0.6305226616681041 0.12848020409301442 0.07368667093374803
1 0.8379375466401249 0.6623441783931774 0.08940939902734613 0.10840715781486177
1 0.8853630632331393 0.7261909054086566 0.14194736120519025 0.07057671697337664
1 0.8587662426483098 0.8354897639306385 0.11193397359780466 0.05519849331702931
1 0.7709600173829395 0.6926928460913208 0.05693109170039978 0.08314955258142498
1 0.6867750770279493 0.6750665631176378 0.091677905924751 0.07738467096904156
1 0.431646021311783 0.8721212043133071 0.107302905924751 0.07829472358575984
1 0.3189913825737587 0.8346031384188815 0.05764760430778515 0.09682142758142476
1 0.7774432001900268 0.8911625467455004 0.06535774536387295 0.09532332888978434
1 0.8603998332180707 0.8853513297191834 0.1349537327564876 0.08574669066501728
1 0.9665858756634258 0.7116571357656212 0.0668282486731484 0.06428157885449037
1 0.5910830605485061 0.40049058606686494 0.08478663641996076 0.0945077696606822
1 0.5189751264972087 0.38901770113064305 0.08890590937345344 0.06164591439195166
1 0.18316624971607173 0.52318291462136 0.0789355664856291 0.057170881506502624
1 0.18752065736517398 0.5875791613328152 0.10813008254171697 0.05692410516284996