1 0.7999101887349284 0.7427849382331394 0.08389758416315996 0.11357171670039978
1 0.9220363012580952 0.7228663641996074 0.1095362184653208 0.06617661691517052
1 0.48711256101378053 0.6620567411511011 0.09355160911682625 0.16671552747604856
1 0.5890036795486016 0.6488758982064912 0.07238344804690078 0.11881693803692661
1 0.6460566438163666 0.7473938941640763 0.12207342400028365 0.09022827057864369
1 0.7074343789560762 0.8022736544533982 0.060298865697839155 0.051898893317365635
1 0.7317554276186691 0.7450617501962127 0.060460084163159955 0.11234340937345344
1 0.7914869585839897 0.8086282140416223 0.0914806610699257 0.05158351141996076
1 0.8099982506655696 0.8641857650648759 0.0782862184653208 0.06453887381257539
1 0.33559655965320667 0.6219485399698625 0.07408856374473993 0.1676450630369266
1 0.27694389812975634 0.5613629430964091 0.07374754060517197 0.1578794380369266
1 0.3775236540255765 0.7060269688481063 0.09150547027941913 0.10812177747604856
1 0.20493557553638034 0.4532881925594824 0.0707031415585549 0.12652707909301442
1 0.1752046635594054 0.38349579234471176 0.05455731374473988 0.16662147359780477
1 0.25222602630442875 0.6351252303816384 0.1125372220935178 0.15211411691517052
1 0.49758188860573904 0.3477530020341353 0.11278523139567853 0.10338835085908271
1 0.3669302389897632 0.43058516437615024 0.08678076474445628 0.08447955958822417
1 0.37671445019868977 0.3199735519835356 0.11651167672143137 0.1542719598029948
1 0.1915427420486016 0.6280458531203605 0.07958210639567853 0.10164824881257539
1 0.07116825214197761 0.7260382476819365 0.053193221186468465 0.12755897359780466
1 0.18895096618788598 0.5538271031203605 0.061005721186468465 0.12796840937345344
1 0.14228676167580645 0.41783732332624846 0.04665179990733276 0.10772064676606818
1 0.44278282995579266 0.7045731809691647 0.0673425285818634 0.14194736120519025
1 0.4156344007350701 0.7645612343104818 0.09500249251193771 0.09660774536387295
1 0.5230810849445636 0.82672924228174 0.11128472958157998 0.06041960085908249
1 0.42518603595409166 0.20066693096916471 0.08169644986099911 0.1621951238125754
1 0.5039682730237338 0.1677542726695645 0.07170140176776485 0.09928568803692667
1 0.5541573790817217 0.12554490968323753 0.060323674907332814 0.1084371593734535
1 0.7773903397114781 0.6840929818220614 0.061619562837690545 0.14554653437345344
1 0.6822328517347866 0.694702393570364 0.10199653697697508 0.07357968113952174
1 0.8446708452696077 0.684694677887032 0.06820437953524627 0.11079972014910222
1 0.726602866710911 0.5137699761120811 0.04792287862819711 0.08829175570998027
1 0.6773097139202628 0.5258082605423202 0.07077134618646852 0.12848020409301442
1 0.7159412470471842 0.2363750466401249 0.10644842400028365 0.08940939902734607
1 0.7808128929191288 0.19590993823313937 0.0673425285818634 0.14194736120519008
1 0.8893601442797027 0.2337662426483098 0.052647584163159955 0.11193397359780477
1 0.7446955965241591 0.30611626738293946 0.0819196499536663 0.05693109170039978
1 0.7251333557104858 0.38794695202794927 0.07533483325611057 0.091677905924751
1 0.9160157077927744 0.662114771311783 0.07588047027941913 0.107302905924751
1 0.8759239567698911 0.7701632575737587 0.09559152495366652 0.05764760430778515
1 0.9430741932799862 0.3204119501900268 0.09391121846532058 0.06535774536387295
1 0.9391989340936595 0.23735295821807068 0.08269471007020912 0.1349537327564876
1 0.7685794967094935 0.09681651048553451 0.06005085639567853 0.10062465937345352
1 0.4486669727688989 0.4543643105485061 0.09264013974445628 0.08478663641996076
1 0.4355314416877442 0.5248345014972087 0.05964162862819711 0.08890590937345344
1 0.561725064072619 0.8726193747160718 0.055394355488629365 0.07893556648562905
1 0.6261440867586622 0.875020657365174 0.054464299907332814 0.10813008254171708