1 0.34384992338074205 0.5 0.1767205905248661 0.30078125
1 0.7084608102404535 0.2529296875 0.2594338021242064 0.32421875
1 0.620148538202804 0.099609375 0.20875118319455677 0.193359375
1 0.4109263924354226 0.07421875 0.19767846512915477 0.1484375
1 0.1862330645458967 0.4462890625 0.27638679565814445 0.302734375
1 0.10874200292045327 0.7265625 0.13949755525830942 0.296875
1 0.21541757158973157 0.8193359375 0.19418505525830942 0.296875
1 0.6181156882598347 0.94140625 0.2006754329967011 0.1171875
1 0.7328281418260614 0.92578125 0.30900659012915455 0.1484375
1 0.7356203329548038 0.7626953125 0.18529278272602068 0.259765625
1 0.45786538615142236 0.642578125 0.26355234346111356 0.197265625
1 0.7530684761816493 0.5322265625 0.12681269299257725 0.263671875
1 0.5166178840065978 0.234375 0.1910953275927425 0.2578125
1 0.5205492624216904 0.7705078125 0.15237380839241244 0.26953125