1 0.7494198385076154 0.2938028044327676 0.12167326039132575 0.10383806193064138
1 0.7481939422339849 0.168734599804854 0.08074853898212186 0.1180307647444564
1 0.6256394022057623 0.5834853276881695 0.17450990193097127 0.12325771188430767
1 0.6272238824692118 0.47902724250212625 0.12551133269822845 0.09225572118646852
1 0.7319206030485033 0.4475199400955022 0.10623006757291797 0.1345424249073328
1 0.7947046767697412 0.4008743631887365 0.05898009026088369 0.06845238883740712
1 0.7412096352978822 0.36188936092111335 0.11958378000513137 0.0803323573027277
1 0.8117834831214212 0.3194228525260018 0.06306814744247613 0.09983879809323426
1 0.8694347594679698 0.3155755140494521 0.07275423180052942 0.08650794623280211
1 0.5632978323885969 0.721961881908892 0.17245451039132575 0.10561138225639422
1 0.4956536720650578 0.7645306972458739 0.16266615949362662 0.10136410911682625
1 0.6522956938003663 0.7026042549789595 0.11780109923787419 0.10956102767481424
1 0.3811231487926693 0.80741572651293 0.13332383269822845 0.0925285396981228
1 0.3078014206507226 0.8185299279661712 0.1703877559028304 0.08601192762848053
1 0.5647509876392178 0.8079675865368057 0.16483518052176738 0.13854168874473993
1 0.3194760210574423 0.49074595110573904 0.11596160372636943 0.12902407304690056
1 0.38208331797045386 0.64237666401293 0.09430678449362662 0.09897694713985139
1 0.2748659760497453 0.6034691594776838 0.16681103141946652 0.1425161433726534
1 0.5487850991737322 0.8660156995134971 0.10990905859592748 0.09561633416315996
1 0.6271367070496636 0.9854756085474676 0.13309657372123818 0.02904878290506474
1 0.4766046962901036 0.8488436907806949 0.1332783809028304 0.0847160396981228
1 0.3368596737248826 0.8605686223848747 0.11169173936318466 0.06638766379107341
1 0.6595122900868253 0.637413283676657 0.14699570769822845 0.09300597209351769
1 0.7149377306609853 0.6803727405721937 0.10804683718672381 0.11117312953524627
1 0.7906727832313376 0.5902251812468662 0.07490052693097127 0.11977927586071546
1 0.1669050120804519 0.5244884901284805 0.16858234923787419 0.11133434800056707
1 0.14592060682983082 0.43780073922143126 0.10595735680052942 0.08766742490733281
1 0.11111092676974127 0.3770027434189871 0.11567753000513137 0.08019594804690056
1 0.6888161487633678 0.30145408596744694 0.15087923180052942 0.08923613134934483
1 0.6853239952953165 0.3980314665255765 0.08657382513557321 0.11237600362819711
1 0.6989681140242516 0.23538885910701476 0.11572298180052942 0.08800844804690061
1 0.5149198460702706 0.3071026240831392 0.09410225141433504 0.06382069713985139
1 0.5195015404257584 0.35903094815292314 0.13332383269822845 0.0925285396981228
1 0.24276002671478306 0.24583026598919622 0.10224427693097132 0.12073414065150567
1 0.21291269979664015 0.1715309067565359 0.1469957076982285 0.09300597209351774
1 0.26525002268796577 0.0737289543962455 0.11758520320973331 0.07245165267481418
1 0.3160760733823049 0.2356926270359551 0.06692894564707808 0.09216270734906135
1 0.39202637087973924 0.2764385450245843 0.10010934474937905 0.0894159360235921
1 0.687692519029383 0.15880775633953334 0.11380394564707808 0.09379961841898704
1 0.7879034792173487 0.2267734196770822 0.06895024834017516 0.10394966197697497
1 0.3581654970485848 0.05255461172214006 0.0766377559028304 0.08273810548862923
1 0.27617401736955816 0.042854079849770126 0.1429644652608837 0.07138518783769059
1 0.1143423835153125 0.1573443855469006 0.10785366705628185 0.07797000453524633
1 0.41671184195001 0.5664218075014176 0.09434087334017516 0.10483632213985139
1 0.48294764771726717 0.5980376398504789 0.09612355410743234 0.07560765176776485
1 0.8406422334896557 0.5636440867586622 0.08632384026088369 0.06940725362819711
1 0.8527302793272651 0.5005767520261435 0.11369031615858294 0.07426836841898687