1 0.37078533173289974 0.5027840265360968 0.15530188283533009 0.30010542672143137
1 0.7159486584560336 0.7851253419791012 0.2396499337471356 0.3186632257217148
1 0.6158652248736987 0.9168992150589801 0.19763256696371556 0.16620156988203982
1 0.4033610055299921 0.9298518299656042 0.18904725565112857 0.14029634006879155
1 0.2086767732458772 0.5390811276053138 0.25868112936840304 0.2978608970008505
1 0.15228045984440125 0.25413878459351774 0.11814704834635442 0.2968564137910735
1 0.2655146173294706 0.17222535764041835 0.17469675436840304 0.29492809800056696
1 0.6781897864027344 0.08515634107205193 0.19231707280546884 0.12966272390761627
1 0.7910399877704428 0.1125156071770822 0.302237586673177 0.1569196830707762
1 0.7813458180558162 0.2829366122816872 0.16797364907786472 0.25761410911682625
1 0.4946244817380645 0.37342826485047886 0.25227460747473973 0.19030261274502336
1 0.7818272252549483 0.5132348507119032 0.10760861203376759 0.2633122656515057
1 0.5227256619229607 0.7842324588156577 0.1737875645888891 0.25586559800056685
1 0.5669331166881078 0.2520307055251513 0.1330901560117188 0.268105175814382