9 0.03355676016563019 0.737994258821295 0.06711352033126038 0.22598851764258998
9 0.6020009969585102 0.30390014174638535 0.18459647344458574 0.2638352199982137
9 0.5207985829018476 0.7384842938159359 0.09596734197337664 0.14481778620597252
9 0.8009119284108241 0.8786781245887798 0.2096843550922627 0.19361823206687134
9 0.7318104018201161 0.5836062891873843 0.17797932878390332 0.18362051919363642
9 0.35399447089720604 0.5552257460017023 0.1272733089820468 0.24815577166547564
9 0.274844750423523 0.46634517390488395 0.19804083529040606 0.2608850006302539
9 0.40946772406222337 0.42771247821384284 0.18277636821114862 0.2325852199982137
9 0.4677569081501509 0.3023571991328493 0.17587392082786724 0.24766391677990507
9 0.24460111898760756 0.6152334650545351 0.15569865774427472 0.1684463103432876
9 0.2671198460560272 0.716823189220904 0.16925677616718493 0.1674492159753278
9 0.31938084283806945 0.795979200053642 0.10537243405263397 0.17270783942428136
9 0.7237694773860619 0.48597057105534425 0.19479786156347156 0.3053971482165223
9 0.6219138656284755 0.5680772562287744 0.08297800643591557 0.15558050557393255
9 0.5732600206136091 0.9416784916636896 0.13019427616718504 0.11664301667262089
9 0.6629042409637645 0.9178038125972228 0.16212681562972375 0.16439237480555446
9 0.6506157967984407 0.8328689618317606 0.1461412827089812 0.20473623051582468
9 0.48083383932011625 0.5660562982992182 0.09666914462538867 0.12346998701054979
9 0.522339371887923 0.2238086321495671 0.14276528921548381 0.28036180229751595
9 0.4766064940581947 0.7059778874083726 0.10150471043158038 0.10630158942428114
9 0.49887063574797436 0.9424912541927434 0.10250925643591546 0.11501749161451325