9 0.8776633093030952 0.10137178437656694 0.16727691232229702 0.20274356875313387
9 0.4712454694745879 0.7483475314286568 0.16747008245273887 0.2557973933726534
9 0.3788848263044188 0.31886775681268104 0.08674426936831603 0.1416728786281971
9 0.08384364034149878 0.3086588431276301 0.1650965283453065 0.18346356374473982
9 0.2454259404221138 0.5481832511387174 0.16700420154990847 0.1757192683726534
9 0.6021433125934434 0.41460805423053404 0.11076127975964178 0.24210070916315996
9 0.7098663057379557 0.4626146121952877 0.18111923155503984 0.2523685757680484
9 0.6000203944617595 0.5533822361724045 0.16728827527114642 0.2245473933726534
9 0.5949677888300755 0.6922587250561452 0.15956667886194253 0.2398995748609991
9 0.6796944836765426 0.3132470566139913 0.14544028590796176 0.16129714246560423
9 0.6196355643760132 0.23134292276535517 0.15714767295911214 0.15975324523308554
9 0.541203764757076 0.18133673288189794 0.09471585065220944 0.1692894471398514
9 0.28987690414591755 0.633562709510662 0.17747432937857877 0.29715404151222113
9 0.35170649016379574 0.5161457864174278 0.07314057206141322 0.152914196232802
9 0.23803191622636943 0.11671313770850128 0.12024283103840361 0.19361360730272775
9 0.17703117437344743 0.20870533348777873 0.1513564756522094 0.17126738134934488
9 0.22339549277627785 0.2871806497318098 0.13393743193610264 0.1979972896981228
9 0.48225906554485864 0.45884170134721863 0.08856103898212186 0.11830358325611068
9 0.5750110793492774 0.7877014361492376 0.12267319989008363 0.2757130619306414
9 0.4316873789975159 0.3287449818590147 0.09431814744247613 0.10093007213985139
9 0.3082307867378742 0.09472652110361275 0.09082096360105885 0.17110616288402422