9 0.8999343654079127 0.09751769939813659 0.17628813693471201 0.19503539879627318
9 0.5148248449358261 0.7360762734609841 0.1768509943006764 0.2553080327442747
9 0.4085788887528832 0.3047952701018521 0.0923911773892645 0.1414965262377721
9 0.10745677983097456 0.2919265888965932 0.18294578371793266 0.18177182220681365
9 0.2817480840384103 0.5338595035179532 0.17454128786711753 0.17350429589845429
9 0.6348622666083505 0.40441609925633815 0.11961837344986126 0.24419659200867017
9 0.7444749875640564 0.4529607440934883 0.19217999637526884 0.2523118353609932
9 0.6375576929603188 0.5435430005646973 0.1764361358974158 0.2241717893213644
9 0.6382259948309353 0.6818070959501463 0.1678545025990461 0.23922800643591557
9 0.7096415674358653 0.303935198018566 0.1521689190908948 0.16053422355046643
9 0.646414988595547 0.22032007625417058 0.16373967012819124 0.1592636380130053
9 0.5660251431584893 0.1690925202606732 0.10032253786711731 0.1691815459690415
9 0.32942366236008036 0.6193612403990671 0.18972459751745574 0.29689244062972375
9 0.3872459725232611 0.5022122667780136 0.07975529512819102 0.15437210519814348
9 0.2588059382808749 0.10165009563250416 0.12748915041956288 0.19409788147120904
9 0.20198932910254502 0.193237809387923 0.15876828890441375 0.1706411182817359
9 0.25012347355475184 0.27184673048049207 0.14145702334497035 0.1988004275108377
9 0.5164324979370185 0.4466252570359064 0.09256831483681927 0.11817278281486199
9 0.6209158825407168 0.776979053163769 0.13370510685312165 0.2761291314712091
9 0.4614466934731615 0.31642915830897206 0.09904882417248517 0.10104968412322113
9 0.32973957261654085 0.0831749984880785 0.09866541079252511 0.166349996976157