9 0.3163565754286779 0.44233514029059806 0.15253273963846725 0.15269975999587637
9 0.2904287166353179 0.1668413052583094 0.15480419961943914 0.1605690901291547
9 0.48039419463004696 0.37573456378606207 0.19394628336468211 0.1636588177947218
9 0.6094794645438739 0.08715218428276317 0.1589923159693365 0.11972395552898973
9 0.4813508176807664 0.08831262305303114 0.17792336463846725 0.1534385517284949
9 0.6698738185364814 0.18863695368094877 0.2194164921099251 0.16635073452734034
9 0.6605376395444207 0.3457782709810312 0.20231586958138292 0.17755801332783516
9 0.8451477439170423 0.3501721560758354 0.22168795209089698 0.17422006466061868
9 0.4990650215323043 0.9013136440182683 0.19649960969555125 0.13056935306127837
9 0.2892881323214212 0.9564779778634227 0.19913251977166346 0.0870440442731546
9 0.15419752585735572 0.8707468979280001 0.18071544220506536 0.12620846199505165
9 0.25357641421252386 0.7113369542587218 0.3513469244291587 0.24432027332371153
9 0.1008777735745375 0.18772438489694848 0.17589065589322422 0.15142859659521657
9 0.06711091587474306 0.2774649248646598 0.13422183174948613 0.14477359972931958
9 0.12366701578014974 0.3242906093294846 0.13579356720506536 0.12490136892964954
9 0.7025580310845985 0.46628281917971165 0.16337606844079433 0.13155636579554641