9 0.40708575893092525 0.36298978675361104 0.13903700081077885 0.1391802781217626
9 0.12981019277830105 0.34616604399232137 0.14688359273446683 0.1414972761572918
9 0.35337260349376365 0.5285933620226706 0.14369327313191327 0.18233096463952725
9 0.0743462459461055 0.6680651033908221 0.10411939427659439 0.15121472446188067
9 0.06778858867851278 0.539498638078646 0.13557717735702557 0.16484380789840936
9 0.1798881224683755 0.7247806859999086 0.14417056006354423 0.20967471463952725
9 0.3365301795907867 0.7095972092104945 0.15746742390297697 0.18882711745170333
9 0.3548099137641217 0.8941916100581999 0.15198306006354423 0.21003858767505657
9 0.8782128150398627 0.5286042770325741 0.10675435775035291 0.190368192720763
9 0.9366504266455344 0.31630763828127906 0.10096316659772864 0.194001537944116
9 0.8226213722615616 0.18589502687778095 0.10644753043716149 0.17279006772076305
9 0.6712640701113499 0.2902640800732833 0.20498028510325939 0.3393568874059969
9 0.13606384283787376 0.15587280888064484 0.13752707081872195 0.1644799348628802
9 0.21922012631957527 0.09524035075370235 0.12405974736084946 0.17556190705070396
9 0.2745311662957462 0.17405030526128967 0.11148869926865135 0.12618797249740998
9 0.45999110034993584 0.7476002561495219 0.11395320312397028 0.1555758157562923