9 0.5586404520112088 0.3297239202824881 0.1529816112002822 0.14931244706141322
9 0.8328109283704992 0.286140919943555 0.16082820312397028 0.15131102385681128
9 0.6290871017687989 0.48945405970063105 0.16346316659772864 0.1903848868056608
9 0.9220657371185872 0.5990663794243531 0.11991485389503387 0.15693177693097127
9 0.9155267415819903 0.470211262694176 0.1553779312082253 0.17471443501026274
9 0.8232503617131978 0.6660407768668293 0.16781261160567174 0.21579823770335982
9 0.6650642826750417 0.6659846132236406 0.17723731736879245 0.1963238024476075
9 0.6667083624246888 0.8515030808515167 0.1756592035293596 0.2177968144987581
9 0.10577386617660083 0.5413217735178781 0.12834100852141664 0.19213347872636932
9 0.04381883015503658 0.33567047070203626 0.08763766031007315 0.19584655859592748
9 0.12548001166936354 0.19553910787593154 0.12611514813191327 0.17649711577751992
9 0.28797428317971896 0.28442837017257167 0.24428142856907487 0.3451362797596417
9 0.806803924006384 0.09783480167629784 0.15140349736084957 0.17078545911256368
9 0.7136164407472347 0.0684432949142536 0.14698586850553053 0.1368865898285072
9 0.6714928282273771 0.12986884514691488 0.12337790888709099 0.1315638778286704
9 0.5460308761209997 0.7164767591290366 0.13170178774240981 0.16090620462406857