9 0.17830970149102265 0.636113263295354 0.07934500226127789 0.06498338150650262
9 0.47534789405050504 0.8088441714631517 0.03462784514910222 0.06627323023343701
9 0.5991583085970122 0.8349375103950385 0.06175857219560932 0.10095519073560455
9 0.4230865918966125 0.7648699641789419 0.07050060775648759 0.08199272362105359
9 0.8243514204527003 0.7395398625869857 0.06290113070998027 0.04844832888978412
9 0.37900435111208103 0.690053536509283 0.06474359170039978 0.08360457888978412
9 0.6604383063357344 0.7706366683510747 0.058364116915170516 0.11049330258142498
9 0.7314244445368321 0.7420136124987518 0.052300024027346126 0.10624578285015529
9 0.4138521752023987 0.45783119115912757 0.03637625226127783 0.062480736810526794
9 0.4531193930902231 0.4594623096173313 0.04614187726127783 0.06304951969597583
9 0.500041420029345 0.47632028005572075 0.03987306648562905 0.054895749964706364
9 0.5442896568282474 0.4982316978597449 0.04748084859780466 0.05144452627306573
9 0.4971767186777494 0.6459481320182596 0.04613357219560954 0.10004513811888605
9 0.5429603396353346 0.6971564248222838 0.06341292542954124 0.05821395388978412
9 0.6010243357064912 0.5341090137012301 0.07728951831736564 0.06291649992941295