9 0.13174449028700513 0.4536226538390554 0.0730398326642675 0.10777113086009615
9 0.2547857350844387 0.8135331556501484 0.17324878739848693 0.18421656577611722
9 0.09597255166805008 0.3385644037236991 0.09282140653839083 0.11292900023071262
9 0.13015673003183686 0.5702090771502404 0.09089451148947963 0.05250728716777431
9 0.08066943823827778 0.7915889747831306 0.10997457973421945 0.07707124460132908
9 0.1895670265319288 0.7142381824473982 0.08270652567829467 0.046147264419527545
9 0.1691232919550552 0.7884321994509049 0.10386488086009615 0.07278950879014423
9 0.0870410790074732 0.7380657801887232 0.11508298311184953 0.06572798041251415
9 0.3538303844130657 0.7522206970976385 0.13861941509782238 0.12947959978313062
9 0.5107571570459559 0.7975776449681631 0.07669575879014423 0.10411520473421954
9 0.6285195037836822 0.7502121182862698 0.14783492635658924 0.09116807140550054
9 0.6314885362103153 0.8415956595030472 0.12394624460132908 0.11297846622369923
9 0.4211985849829257 0.6496554046465497 0.08080286667128111 0.07714694054540439
9 0.39591850998984734 0.5391917951850325 0.08495944054540439 0.08130351441952777
9 0.3299270907276655 0.6202727126361214 0.1308331450489112 0.06868240090900724
9 0.5760440767695632 0.5438707558947045 0.08698826148947969 0.052256963293650927
9 0.5653528522171452 0.5882919831464578 0.06525356261535631 0.04697393198597277
9 0.615220120685676 0.5905070500415299 0.09995863086009615 0.07253918491602085
9 0.5656001821820773 0.4314161734611496 0.13486455698597277 0.07088584978313062
9 0.5890361852274817 0.3564333368632352 0.13391272748246608 0.08638568784606893
9 0.5826746655246395 0.2873855712093961 0.09660249460132908 0.111226199104836
9 0.3479226827588589 0.20174073391934386 0.16150680135658935 0.0920442049649321
9 0.2507206084233103 0.37201485868863116 0.12104129009782238 0.12835314234957584
9 0.4148078414198035 0.3668408804332791 0.10782059685308254 0.10416467072720592
9 0.4665888899617011 0.2779853109542279 0.15652355991602085 0.10534059415374719
9 0.4856487160737345 0.5008161888842759 0.061021292797157844 0.07198907117478792
9 0.1612261142834064 0.29960083570967194 0.07016110811184956 0.06284925586009615