9 0.5972880412949205 0.2225944079774688 0.1169277329876639 0.08916576023146067
9 0.2218649292843708 0.2823054727363098 0.20828720143483104 0.201490094704317
9 0.7161827388521351 0.20774627730005896 0.12624256683801294 0.11128786401963331
9 0.48196484652467214 0.20041287975340022 0.06501281281512694 0.09657984091129507
9 0.2719695375871617 0.11353940057865161 0.09204234747005291 0.12208995947285628
9 0.33031781511710867 0.23419447027811935 0.05860713459681821 0.0882890443201656
9 0.2598959634789005 0.20192829148752212 0.08758979425174429 0.11395859507876993
9 0.3239527456619872 0.12858625739881718 0.08241329827463018 0.12324592348764041
9 0.26638422414178087 0.39004605095795375 0.1489150603432876 0.15780406099006505
9 0.1962292867870503 0.5365505564481371 0.11524775959681827 0.09291257803441755
9 0.2229178369032658 0.6605140859949141 0.11416853775701913 0.16079365644328814
9 0.13334723851242014 0.6492739549309283 0.13024432890667031 0.1407441712166766
9 0.3567608927632713 0.4740301036130691 0.08999371040139548 0.09279308447285639
9 0.4691816241998886 0.46749273884452974 0.09430968781512683 0.09897132386694263
9 0.3999478910669553 0.3901452528568893 0.08936527971124741 0.13934922007876993
9 0.4361088376787891 0.6455062007755765 0.06682936201054979 0.09478614810833808
9 0.3941644062131179 0.6273502549406267 0.05737795235562371 0.07071091932016538
9 0.38286922319640004 0.676517213652454 0.08731664264258998 0.11005234507877004
9 0.548413525178789 0.6546735521055587 0.09172813212497899 0.1453680272758131
9 0.618562225207843 0.690845980896156 0.10735313212497899 0.1466434848521585
9 0.687898162707843 0.6965058238911884 0.12247289264258998 0.11292212462554696
9 0.8110262552342173 0.48066521972856274 0.11512456838905916 0.17446553144328802
9 0.6587914018996932 0.3543105295710229 0.1457327531020931 0.14006650379302188
9 0.6376216972174995 0.5165993060858071 0.11924952166547564 0.12236888523146061
9 0.7154190972756074 0.5838423333616202 0.1264335909753278 0.16956274962554696
9 0.49387598558018453 0.5637936539972204 0.08081545235562371 0.07262410568468347
9 0.7436291481919343 0.2787362835512712 0.07354925557393233 0.07979887689651088