9 0.14582796627362518 0.3912663603142338 0.09323144242850379 0.11915400959681821
9 0.1925248541383799 0.7697079795950319 0.20571520909840324 0.21246660304398546
9 0.13488608559621534 0.2726448143661735 0.11340042121667648 0.12833226764258998
9 0.1197401880495566 0.5063164034753278 0.09869239810833824 0.0671025136197041
9 0.04324888455192203 0.7128357216945297 0.08649776910384406 0.09594859747005291
9 0.14855924997575418 0.6585985578714484 0.08844847651720872 0.06056025959681821
9 0.1134430997836785 0.727838983302791 0.1160711522758131 0.08967949505632156
9 0.05297457091644006 0.6620339398265698 0.10594914183288012 0.08645612407920744
9 0.3019794090644591 0.7282549480421991 0.1620291753841514 0.15309446195244192
9 0.4450759304635129 0.8040643966900639 0.09486570303441755 0.11538433540139548
9 0.5707534367147252 0.7804421098784255 0.16306564583737426 0.11821136356159645
9 0.5555273395522178 0.8707161191601169 0.14301616061076272 0.13428715471124741
9 0.38865400092400965 0.6410128306275744 0.09490564166989945 0.09208341120597252
9 0.38610260225399184 0.5278886883001114 0.1010838810639858 0.0963993886197041
9 0.3059848609633946 0.5949644327261789 0.14162120947285628 0.09340810551582468
9 0.5625814889953875 0.5677291244189223 0.09494558030538136 0.06878248701054979
9 0.5435286967589593 0.608628705482305 0.0726640443201656 0.05751452816020097
9 0.5915596607737436 0.6218087255967342 0.1121649022758131 0.08940634344716702
9 0.5756550903253698 0.4556975885280766 0.14568689166989945 0.09563438212497899
9 0.6137009280174455 0.38666202680359996 0.14891547424624463 0.11139595792955614
9 0.6222904585124779 0.3175309530104657 0.11714723901963331 0.1266522942517443
9 0.41099383313802484 0.18686351209324564 0.17689695303441755 0.12112051919363653
9 0.28007519487457133 0.3348506759163269 0.14413218599006505 0.14795902971124741
9 0.440909112298226 0.36181146769623196 0.12643456742850379 0.12147579827463018
9 0.5109223948769959 0.2861720563449899 0.1719941712166766 0.13242954177990507
9 0.48306121551259623 0.507168864822104 0.07457723068468358 0.08095202816020075
9 0.20766978465038444 0.24728810583095157 0.08191143409355406 0.07563895637850959