9 0.8674501500256568 0.3304652113492136 0.08045310231203429 0.0691171446606822
9 0.5927968144987579 0.13740675714178718 0.035531227312034286 0.06650074338761658
9 0.4724353235984933 0.10241059913281056 0.06309087334017516 0.10520271046687396
9 0.6389850071944208 0.1845381650801766 0.0707897438516798 0.08612648677523321
9 0.23844666385937696 0.18246763838358793 0.06277271077238855 0.05051521046687396
9 0.6746071380972511 0.26256867169256 0.06689485680052942 0.08785209862105359
9 0.4044054741151294 0.16303270433095396 0.05924143808442284 0.11474082231269433
9 0.33029467212919983 0.1859101417603668 0.053347974237874185 0.10854017758142487
9 0.6124429961893709 0.49185169794797884 0.03747298936318488 0.06466137496470636
9 0.5743172883683977 0.4872340137012302 0.04723861436318466 0.06523015785015551
9 0.5292647394566281 0.4673894774742958 0.041333787567786606 0.057076388118886046
9 0.48906659567273486 0.442377737304637 0.04913492461893709 0.0555782894272453
9 0.5527015883555693 0.29799877026067323 0.047454510391325755 0.10233953285015551
9 0.5123386818133578 0.24466671759101433 0.06478265051663623 0.0603945920439638
9 0.4351056732980454 0.4025372931746068 0.07848861436318466 0.06705026308359241