9 0.8737200483867589 0.3935546875 0.08282668334261323 0.068359375
9 0.6045730991903966 0.1748046875 0.03788208167568152 0.06640625
9 0.4858749600174992 0.12890625 0.06563491168045399 0.1015625
9 0.6500972308640895 0.2265625 0.07519599667806753 0.083984375
9 0.25022863502545334 0.1875 0.06502129167329507 0.048828125
9 0.6832669500417594 0.3076171875 0.06935934834499946 0.0859375
9 0.41716400585812385 0.1826171875 0.06379542001511296 0.111328125
9 0.3421732333605101 0.2001953125 0.057890591681249326 0.107421875
9 0.6145800909054513 0.53125 0.03978975334181767 0.0625
9 0.576403246737724 0.5234375 0.047624980008749596 0.064453125
9 0.5321738509010765 0.4990234375 0.043605096674090404 0.0546875
9 0.4927818142305652 0.470703125 0.0494417450071587 0.052734375
9 0.560504158378407 0.33203125 0.04998718501352206 0.099609375
9 0.5217477842039187 0.2744140625 0.06708805000795426 0.05859375
9 0.4405012883911337 0.42578125 0.0808281050087496 0.064453125