2 0.7045756547039715 0.6822257170905661 0.13280585351690655 0.1047171281020931
2 0.5351495164909669 0.7064081466900638 0.1913564884027381 0.15555282643483093
2 0.33350346226105565 0.6329071021231927 0.18107689230020552 0.09445964821652231
2 0.38668057623518204 0.288986154881105 0.11913397851690655 0.10376109747005291
2 0.4804819559402474 0.41629410398936617 0.14452460351690644 0.10553658292955614
2 0.3815888346474343 0.42690686295593055 0.1007600160644766 0.0830006652288584
2 0.47294467580705113 0.47029872496648034 0.09346813365010265 0.04743468781512694
2 0.22828513835516812 0.17761072881950868 0.1629416810835046 0.0795585909753278
2 0.42429233450527093 0.23221564637493694 0.10833376482874768 0.07768759344716708
2 0.3618536839349765 0.20545257103075615 0.08529418355496254 0.08581430879224106
5 0.3103595034693364 0.13660848841632692 0.14444501977166346 0.10358345792955614
5 0.5952355052272427 0.460348313154842 0.12232397480971957 0.08645612407920733
5 0.3956884505216305 0.5817500411742392 0.1335221072240934 0.1222952531020931
2 0.2198524975750184 0.4964208949691598 0.0861331361215607 0.05860713459681832
2 0.3008276013297754 0.5001356658591123 0.09558042614058881 0.051477513619704096
2 0.6872644849798781 0.5680567243608146 0.19586293973360736 0.1227594288485625
5 0.5464836407309389 0.5066020297358356 0.10753792737631773 0.058156343447167025
5 0.4331675402076678 0.7129097919497625 0.16429460475263546 0.1127617159753278