5 0.5386960791445246 0.34637834648596494 0.13632285566487923 0.21079180757574567
5 0.9622405291039979 0.4074064297435003 0.07551894179200414 0.14533182832167002
5 0.9459334119084042 0.544612884358888 0.10456983767505657 0.15583744813518896
5 0.9936109708425256 0.6095997282400013 0.012778058314948826 0.11203898132866796
5 0.9810949022943203 0.5531216714451305 0.03781019541135944 0.15468259491840963
5 0.91936813249482 0.2876435171386096 0.1255511946852339 0.10487906068763442
5 0.8746763707079958 0.3309665420337189 0.06954734749740998 0.11425896576922479
5 0.890172996017582 0.4547534118472377 0.12737055986288026 0.14394156068763442
5 0.8610849831950458 0.8748815627796432 0.11210943289840936 0.1505700689860041
5 0.9312022285934554 0.9871938999067202 0.08230953990858669 0.02561220018655952
5 0.8184159188853684 0.9407395246561043 0.09207516490858669 0.09650370332167002
5 0.8748958584033155 0.5655041102388481 0.09098893093393867 0.15675458039626244
5 0.7732236869286675 0.6181330407341958 0.1118419132537023 0.22839907106059654
5 0.7069058573676037 0.9245587402826048 0.08912677419282122 0.15088251943479047
5 0.6359137879919561 0.9256232948717698 0.12210517111158525 0.1487534102564605
5 0.5376500889134015 0.6791047303029828 0.09625970481717361 0.18634745332167002
5 0.5279218703449329 0.5538087323775752 0.07268305986288004 0.13979758973192857
5 0.48769817876119836 0.5050243151048515 0.09030397642635157 0.10026195435896623
5 0.6138245117333477 0.3715335570687086 0.1034354270049973 0.17326757417248517
5 0.588265268299409 0.21973694192302265 0.09880143093393867 0.15734657624707765
5 0.403050100289323 0.06654659933562679 0.08344395057864595 0.07833358247085498
5 0.500751834418764 0.07492310997081578 0.07962866883752806 0.07999070954544743
5 0.4596827923374369 0.3004933249591656 0.10502467896946799 0.16560307313518896
5 0.3571999842307577 0.46107669606640206 0.10843329611158525 0.19700107209789286
5 0.41443459547946276 0.5199081670221078 0.04928835142635146 0.0971539761421869
5 0.3137844706342559 0.5735876594988075 0.10420596463952714 0.14802494813518896
5 0.24646853804543267 0.5490244447668791 0.10230101633493827 0.19069770020978138
5 0.31513014655570126 0.309975214737734 0.08926053401517464 0.11964520539626256
5 0.29451266258105324 0.36874610218528864 0.06268732164970459 0.09233059388111342
5 0.09417281999482005 0.22511395539626256 0.1110659904872327 0.16995332002330032
5 0.10399469938814086 0.3942072668589663 0.13482457195929073 0.22040943361304188
5 0.22736520368014512 0.13886819476687903 0.07849425816746913 0.09742083558274361
5 0.09063597290831288 0.6715061558624653 0.09980208178164429 0.1788309512470776
5 0.20684152527637306 0.5966237170687478 0.08935688740599679 0.20528670747085487
5 0.5942560000478401 0.8497968918705773 0.0777237205329393 0.12266346162003994