5 0.4045947625522064 0.5318200426470232 0.18480221199505165 0.1841503298171736
5 0.6814570997451137 0.7963267873727836 0.11392141066226813 0.16134422249740998
5 0.18381848591233024 0.7536441154872326 0.10990150039571145 0.15725603597964533
5 0.24928410307707255 0.8249599589009082 0.09721663812997938 0.12350710142635135
5 0.2239649863911754 0.3234830709770554 0.2022039753228868 0.3800086393704676
5 0.1524126736933197 0.24408182278673296 0.09812592026243305 0.15475710142635146
5 0.26741385688787644 0.44253542028414294 0.040824234131628945 0.06236624017764636
5 0.36820327881628895 0.6217975524693767 0.05288396493129899 0.07463079973094033
5 0.5218688000625156 0.17156752610381526 0.14888626979389707 0.22343755789840947
5 0.6151925740629278 0.16128556503016672 0.16151430192635052 0.25523336745170344
5 0.5473613427844126 0.5784543039159915 0.11915565419620622 0.14013275227405697
5 0.5013358591474231 0.7060174258144923 0.06494369573096925 0.08689535928423431
5 0.4322527216110107 0.8120266002358464 0.11255748746358774 0.11446922249740998
5 0.6006953698200002 0.5009687742941377 0.09042708052898973 0.15829947839082226
2 0.4487912316900208 0.3749145616190812 0.12861622806127837 0.1971372503095863
5 0.7459787974230517 0.3994839244691941 0.06500052586424743 0.08884848428423431
5 0.7185050656498972 0.6283607299387535 0.0775717278634227 0.11869116883752806
5 0.7733392199450313 0.8035319830402528 0.09308306759686591 0.11551266490858669
5 0.6313623903063922 0.9702671316673779 0.07281302586424743 0.05946573666524424
5 0.5761738693411551 0.9318575648753735 0.1108885131299795 0.12414387923852788
5 0.4481873517078767 0.9239460189185815 0.0939355195960413 0.1448095399085867
2 0.9655609951088867 0.6588322593523377 0.06887800978222658 0.12695851013193993