5 0.7172132132698326 0.530997667001156 0.3448677117480643 0.6291709741991891
5 0.5013808532582988 0.5971622119467583 0.2889756984006788 0.5208708129126152
5 0.4073154166335242 0.28002464714930475 0.1505510800246579 0.19462722349212935
5 0.28964997244988866 0.39485750754033505 0.38717875676317737 0.7440875014141196
5 0.33135397154483515 0.907200886369097 0.24066755002783968 0.18559822726180597
5 0.10679552330324002 0.23124876007314793 0.16794876004533882 0.3483379838597219
5 0.08955624577301415 0.4526234378535299 0.13890051002545337 0.19946134071643495
5 0.15643770324437908 0.6696270463597219 0.16806239337999784 0.3581036088597218
5 0.07246777037914945 0.7070303643379627 0.1449355407582989 0.30773759719618043
5 0.8597940749821031 0.20719238401354 0.09922439001829453 0.14330943979745348
5 0.6341224365452329 0.9479823304079277 0.0520084900143174 0.10403533918414465