2 0.786922342842343 0.6868596924527497 0.1440497725379366 0.29388508220189236
2 0.47220708332957567 0.8226627549406267 0.16276230820799575 0.2779012791723239
2 0.6388407829259862 0.9068270955589591 0.17261351633493827 0.18634580888208174
5 0.47646374353525534 0.6216303428199289 0.2546073599034069 0.3282039102363099
5 0.6656438190125846 0.27614575210798326 0.1584440084770553 0.22696059697528082
2 0.07495217069504585 0.8155292117438202 0.08549881410140789 0.2482459234876404
5 0.05939135804025271 0.7529694649630396 0.05201201406088127 0.07234517992607925
2 0.3706044843320743 0.8863496399666765 0.1866974410658786 0.22730072006664703
2 0.7653631549792801 0.9218539830613837 0.16602639526387986 0.15629203387723267
2 0.8648574733726924 0.9189226032507389 0.07095466294411601 0.10307694469946771
2 0.9043598608082457 0.7441177545782967 0.19128027838350858 0.2646677621279716