5 0.46856551566228916 0.3052629249383551 0.13632285566487912 0.20264910835056738
5 0.8833690798171736 0.16950595321455092 0.10793027812176259 0.13790053668045393
5 0.9018649651039066 0.3148774057129601 0.10252574441617424 0.14759798167965854
5 0.9802173133781005 0.34712601070182425 0.03956537324379905 0.10989771333943155
5 0.9548481565328479 0.2986274223723354 0.07536393093393867 0.15118605834261323
5 0.9339443049517034 0.14351307154085807 0.06191678401517464 0.11394032334102233
5 0.785480024038028 0.0817296457272776 0.12546022642635135 0.09515905334977195
5 0.76095629006338 0.1425946940643229 0.06945637923852765 0.1081718550087496
5 0.8198524183196723 0.25329783572369824 0.12727959160399793 0.13422155334977193
5 0.9452524238767599 0.6651451698759148 0.10949515224648021 0.1418295133473857
5 0.9308034969463408 0.747392323211767 0.09003107164970459 0.08889059834499946
5 0.8465674682054058 0.3653525298874484 0.08903580593393867 0.15134514501113583
5 0.7738309912611984 0.4609767957312547 0.1079356632537023 0.22183945834659036
5 0.8279487381062227 0.7837644498926186 0.08522052419282122 0.1532528166772722
5 0.7771033007610157 0.8459128707332433 0.11910860370040854 0.21025706834818125
5 0.5869089668601076 0.6224177865909694 0.09430657981717361 0.18068747334499946
5 0.5327137145860505 0.5077515782642645 0.07072993486288004 0.1355156050087496
5 0.47954589407337467 0.4780803974379574 0.09030397642635135 0.09474997334499946
5 0.5433969551267599 0.2965754482614806 0.0995291770049973 0.1670837783457949
5 0.4658310827638797 0.1626393466044915 0.09880143093393878 0.15145877834579485
5 0.2413527750202633 0.08415277246778557 0.08294631772076311 0.10442469167727225
5 0.33392018765479314 0.057671267455058885 0.07831232164970447 0.08875423834340863
5 0.38124209599731873 0.2974851991168205 0.10307155396946799 0.15931673167965854
5 0.347415656014992 0.4942742482893202 0.10452704611158525 0.19056673167965843
5 0.4201602106571092 0.5246947249463093 0.04733522642635146 0.09424998667249973
5 0.3493768587129018 0.6202962641231838 0.10225283963952714 0.14173860667965843
5 0.28129038848954874 0.6269510724657971 0.09839476633493827 0.1846391766788631
5 0.25565618744652346 0.37027422163431967 0.08916956575629231 0.11230537167806764
5 0.2586581399896401 0.43472734663431967 0.060734196649704475 0.08854969834102233
5 0.04823966862925855 0.385389924162557 0.0680972404872327 0.16281390167488596
5 0.0985768475987266 0.5430930624900573 0.1327804787004084 0.21041615501670385
5 0.1159996722486137 0.24585443581914837 0.0784942581674691 0.09266048834340862
5 0.186325779824487 0.8117493358131828 0.09775798852276196 0.1709673016788631
5 0.2627169977737831 0.6897010658020468 0.0854506374059969 0.20010509001034027
5 0.6987909791113113 0.7588858590766518 0.0757705955329393 0.11800566000954493