5 0.9382527167210202 0.4493182001900267 0.11748431502624879 0.1993985526908192
5 0.563584990103802 0.787729030274253 0.24711918672420197 0.424541939451494
5 0.9604970667071004 0.718124632516973 0.07900586658579911 0.14903504353213637
5 0.8729955317572118 0.7123371996531 0.12522863502545345 0.19394861346646808
5 0.9886362500497137 0.8738545327317437 0.022727499900572656 0.18132524310259512
5 0.728011116774711 0.8335665288596859 0.1298394117003392 0.25470020635429247
5 0.6601576183561353 0.20246371409840797 0.11727977502386255 0.1818204276908192
5 0.8064501850433503 0.36140546344791 0.1386732433561353 0.17513387607385322
5 0.46542670089709937 0.4938320937913207 0.13892323669238515 0.19661825107385333
5 0.30371367421227063 0.35164959789052114 0.1271363066915897 0.19014472241038016
5 0.054123438395110794 0.45763709859780477 0.10133797004295257 0.32152419719560954
5 0.18368013511493791 0.8557896335081849 0.10215476169636228 0.22397030613952174
5 0.1100856842774949 0.8216777356114777 0.1425794933561353 0.1753385939616776
5 0.2659506992957895 0.9562386427236533 0.12418320834659025 0.08752271455269334
5 0.5522953100632357 0.49448081679541317 0.14762207670272565 0.2731995618495021