5 0.35347592015331813 0.5695921337282305 0.11825191083614006 0.1718651146502117
5 0.5504928241929489 0.42855581270681387 0.07461002224312141 0.10669605925276526
5 0.4164749801818602 0.580202896208373 0.1214419071289532 0.15435517349758765
5 0.5310179822733042 0.6670075223252534 0.13969317072197174 0.219081033887091
5 0.6420244490507855 0.6250593120987297 0.12542774087419617 0.15637648234496337
5 0.6620381428715938 0.3973327440184461 0.12363378336468234 0.1602486404212755
5 0.5612598924915797 0.4996062317409984 0.0906329409693365 0.1167344196422686
5 0.5515357644979444 0.8101019688554665 0.15005235056974753 0.28171740158184266
5 0.5197253550396967 0.7765018440581613 0.08110606720506541 0.12242333502382907
5 0.4663161363129349 0.5305395190780188 0.15667109439110272 0.25255689427659433
5 0.4976291038504441 0.28895357041745157 0.23084008279384083 0.39632823660567174
5 0.3861020194873367 0.2957796225676633 0.13658275817440169 0.23854410003971505
5 0.2539445107907576 0.8328620662560311 0.14140754448624282 0.21325575081077885
5 0.20493566074318745 0.8142001603100731 0.06109731473360741 0.11036366578694978
5 0.1922121442030098 0.6953663626232645 0.13893380190061666 0.2483438169634029
5 0.19681803170246293 0.43863270089432826 0.12558690836468211 0.16028273234496337
5 0.32997204234832256 0.18843803470198897 0.17687548298412126 0.3173168465897857