5 0.5490010770020936 0.3233461744076543 0.11078311001776542 0.14047874695546003
5 0.43687619219291274 0.20604923802453484 0.070193530924751 0.07342475040538943
5 0.4647580011874246 0.084353936685102 0.08693617424211664 0.1322571438712049
5 0.495018981088922 0.029167161116732943 0.07246203782215599 0.0422429342527653
5 0.579008962998699 0.5154513088432567 0.05189889331736586 0.05944604809219811
5 0.4662865346573818 0.48416005630751313 0.06689312952255577 0.12215059963432573
5 0.38929578810608423 0.49845547128368406 0.046756030924751 0.0730156473211343
5 0.37930333347614315 0.6331699583981522 0.03535266282215599 0.04159518770269477
5 0.39913750777504553 0.6090797691731875 0.023019759158682818 0.02967188616056715
5 0.4518773843858255 0.40473462053247783 0.057749963251697345 0.09662360693957395
5 0.3703302104534928 0.03969763646254971 0.07574582909301442 0.06766765117645322
5 0.4099045051730537 0.030613849936308207 0.051284739653892575 0.04772729809219812
5 0.3187702651525915 0.4639909451072308 0.04706310775648759 0.0788750223211343
5 0.22068942362254865 0.8620583766215578 0.08128982219560948 0.09898583502382907
5 0.2352270918139711 0.1370398985373027 0.09566159967165799 0.18704691964226872
5 0.22810349106845978 0.45947598315574234 0.09967851368123859 0.15199294541333241
5 0.1867849417695574 0.48319116122013983 0.0351479449343316 0.03768893770269477
5 0.1447886017367232 0.46388645139900553 0.09967851368123859 0.15199294541333241
5 0.10482142872335178 0.5618715173489349 0.20964285744670355 0.2905867512161684