2 0.25071892921324124 0.4913059390428387 0.17605272251745563 0.2907006746290801
2 0.46317551349065633 0.22037116047543442 0.19244685581582543 0.27548481002986125
2 0.28304401660254497 0.21032951248967036 0.19043314730767413 0.1974507290078127
5 0.5441596613169787 0.4142995956006081 0.2859905798834199 0.3264040715227433
5 0.5266333169288281 0.8262490458762157 0.18093438174823095 0.2264748470739586
2 0.8412654626573361 0.08976916128159793 0.1747184253146723 0.14444359707395849
5 0.854700769970855 0.09983027295993993 0.07774158662003994 0.07394762609210076
2 0.5198586929487079 0.11933226111163237 0.2076861358974158 0.21929877991961821
2 0.16588680835662062 0.24659625391766504 0.18143665560604394 0.18164389105190992
2 0.08641640171908589 0.30421180839171014 0.07981357209789278 0.10129137609210082
2 0.1296251792132412 0.4884874507263456 0.20508273807689897 0.26213115145269117