2 0.21758222067273486 0.4556797864965114 0.14423711553203022 0.2951262837341333
2 0.46312421655247415 0.1757076347174996 0.163677461941234 0.280867041779905
2 0.28432237546167793 0.1725793208363105 0.1710127180895541 0.1993820949982137
5 0.5208954549630016 0.3660828738847617 0.25182943476477293 0.3319348279858776
5 0.45297485569582596 0.7821324153495397 0.15556952527114642 0.22953948856159645
2 0.8608117619284057 0.05171811368227766 0.1552172738568114 0.10343622736455532
5 0.8706910164169008 0.0377882915608713 0.06876844115858294 0.0750926531602009
2 0.5338224057122989 0.09101224658277993 0.18483231142459777 0.18202449316555985
2 0.16243955161769505 0.2133418711223836 0.16310931449875793 0.183210791779905
2 0.07584933315990643 0.27508355692606756 0.0689275224424761 0.10243640316020097
2 0.09352469432618628 0.4584929750871617 0.18311780835043787 0.2666077998256766