5 0.750349949288636 0.734375 0.10279272480971957 0.078125
5 0.6845041087468837 0.7685546875 0.13348563859301876 0.064453125
5 0.010743892633743196 0.6591796875 0.021487785267486393 0.072265625
5 0.30327663716864994 0.6337890625 0.07772043479069146 0.0859375
5 0.8971858046591359 0.6298828125 0.058789386121560705 0.052734375
5 0.6226821886892526 0.48828125 0.21101043726214952 0.09765625
5 0.2691450061321685 0.46484375 0.17310522480971957 0.078125
5 0.4453888475296358 0.525390625 0.11622584857399065 0.072265625
5 0.49664427675954703 0.4658203125 0.07521022357399065 0.072265625
5 0.07080167732984141 0.443359375 0.05480355237631773 0.05078125
5 0.11233459667392084 0.4306640625 0.06572646492388784 0.03125
5 0.1650656484323741 0.3828125 0.13077314477166346 0.09375
5 0.3684725147822713 0.423828125 0.04994229743340184 0.02734375
5 0.3662773153049956 0.3818359375 0.1294202211025327 0.060546875
5 0.5373382435370283 0.42578125 0.20678585228117763 0.08984375
5 0.5843873221015049 0.349609375 0.26713044467652325 0.1328125
5 0.3275298270444208 0.326171875 0.14161647357399065 0.072265625
5 0.36672993697782263 0.298828125 0.2091368960073925 0.099609375
5 0.40637440399315444 0.3564453125 0.05643834239534573 0.04296875
5 0.45683067252908893 0.2685546875 0.08206771863107476 0.048828125
5 0.49012829234832256 0.1943359375 0.09992106349787844 0.103515625
5 0.4023603662077338 0.2392578125 0.08083084733826162 0.06640625
5 0.27058245489589267 0.2138671875 0.1546881472431214 0.10546875
5 0.15422726097939732 0.1455078125 0.2166310610264205 0.091796875
5 0.157637774192402 0.181640625 0.11941584486680368 0.0546875
5 0.28701820342231316 0.1220703125 0.15241668726214952 0.09765625
5 0.875071319154346 0.166015625 0.07684501359301876 0.064453125
5 0.7791725580327852 0.21875 0.07835710475263546 0.1015625
5 0.7638376889735795 0.091796875 0.1749787660644766 0.076171875
5 0.23035772599897225 0.41015625 0.10215605484777568 0.0625
5 0.126406095533879 0.732421875 0.08864334733826162 0.06640625
5 0.18367009752963587 0.525390625 0.09202897975263546 0.1015625
5 0.7364840562748789 0.5234375 0.07991231102642038 0.091796875