5 0.41055075290031545 0.4430131940979159 0.10537243405263397 0.17438856350150445
5 0.59273035472168 0.6182919962894087 0.06646221700867017 0.10685966517442114
5 0.4747763647461359 0.44474586186423526 0.10814111828173589 0.15519906609340262
5 0.5994167431052679 0.3827815098968739 0.12177446690278937 0.22245969757314787
5 0.7050272331866928 0.4444868904342001 0.11216112485882568 0.15749394368530067
5 0.7025979961291109 0.6696823800666075 0.11227488143591557 0.15944706868530067
5 0.6121294962349917 0.5510065743407975 0.0825422433170293 0.11603917554201382
5 0.6342518978433465 0.24689235090775344 0.12552843394675328 0.28691282257314793
5 0.5989057497882384 0.27391913878472113 0.07139227620247857 0.1247795427663193
5 0.5199537364046506 0.5031072022271403 0.13531332213622638 0.2547349553488423
5 0.5262470519637872 0.744611197043344 0.1963519272637826 0.4019267403394673
5 0.41481480198143394 0.7164019988222214 0.11716641425077734 0.24343144368530067
5 0.33913140447337664 0.16763540716336744 0.12327256559443023 0.21481807386909701
5 0.28719332551300525 0.1766936221727425 0.05129224331702953 0.11330515480682862
5 0.2627118418498491 0.2901705389375574 0.11578207213622638 0.25302619238935165
5 0.24044770016006944 0.5418067018145251 0.11422800643591546 0.15961794498124982
5 0.3473741999130143 0.8096035127241314 0.15089979575727996 0.3221664631245367