2 0.31254533938341744 0.3669612298034365 0.13549875620299845 0.10417908507020912
2 0.4856484108783288 0.34659604955983064 0.1964576809339389 0.15700647390761624
2 0.6786626160585651 0.4237631146651444 0.18396300816746924 0.0980717007680485
2 0.5767147024952766 0.7645121110369473 0.12182688120299834 0.10370165267481424
2 0.5005054210637452 0.6366475166645774 0.14730847446188067 0.10654143783769054
2 0.6016826522464802 0.6274647425021262 0.10333907361417527 0.08355656102359199
2 0.5147712823124502 0.5823692444320588 0.09584226995429335 0.04819569713985139
2 0.7210800266273076 0.8781282025723354 0.1637040120964106 0.08176465448891257
2 0.5310623888582481 0.8206287967228488 0.11087866883752828 0.07797000453524627
2 0.5903811923633366 0.8491103276881695 0.08789601013193993 0.08691717400028365
5 0.6331412249318966 0.9180959489441384 0.14730847446188067 0.10654143783769054
5 0.3911331136297151 0.5907676653735039 0.12500538513193982 0.08821306193064116
5 0.6088691446981837 0.47316786750212625 0.13836156379182163 0.1237785396981228
2 0.7739937903251262 0.56109881781665 0.08857557950758732 0.05964162862819711
2 0.6930300710840085 0.5563152007582369 0.096024206472058 0.05210194713985139
2 0.31308307123880164 0.4814236561871772 0.1988174705329393 0.12393975816344338
5 0.4460507268428908 0.5457341903271703 0.10801586124870499 0.058370549907332814
5 0.5895733930432993 0.34142183233924983 0.16711262923852765 0.11308285911682625