5 0.48527143832424857 0.4973122978843352 0.22167880183796274 0.08938448383034081
5 0.16261447979461885 0.41761599530708726 0.2227518692273145 0.19053754805469203
2 0.316400497230846 0.5885282394835356 0.34091681738935165 0.1189635204650723
2 0.5168171526265639 0.7422634893699643 0.172459343308333 0.14901843340079957
2 0.7091605652681722 0.5061027094622809 0.07475528369467588 0.05446617198083881
2 0.6438282683195611 0.47913382589731035 0.07705016128657416 0.058474780924751
5 0.7193790571389479 0.6135716114014027 0.21415847349212935 0.15898047122295544
2 0.184714188206078 0.8602422475683651 0.287083698869097 0.12586309503553084
2 0.4225195521905109 0.8893827806976085 0.17721997478807838 0.15898877628862396
2 0.5861393663990753 0.6114940157153739 0.15475992295011576 0.0800449047373264
2 0.4440601465594337 0.4637592216463109 0.2954327325637729 0.17684906292335523