5 0.7137012865004808 0.6989675304971361 0.18234358574100007 0.21708055004052662
5 0.5598089767097894 0.6060254745631973 0.16735525570294385 0.231977803969468
5 0.6237249549423689 0.3087919866596079 0.1569164921099251 0.16716080593393878
5 0.7979907905412054 0.3276303492001345 0.17098628583614017 0.17756320874611498
5 0.738712314115743 0.14064937783975298 0.12817670332662612 0.17946815705070396
5 0.8100361401130745 0.5036390198473404 0.09716545456235504 0.1838720399085867
5 0.8935372622383644 0.48470444866201523 0.21292547552327123 0.46721969499481997
5 0.40669921140534065 0.7236570455937292 0.09840232585516817 0.16638488316746924
5 0.36750907119657905 0.5512576318221709 0.09689023469555136 0.12927550816746924
5 0.35012990555968654 0.5553217299922301 0.09844544096933638 0.11960085142635135
5 0.38504910945770077 0.24016763983484696 0.11869294467652325 0.13808865901517464
5 0.40189939291807003 0.10351846231199363 0.12801753583614006 0.17556190705070396
5 0.32938172371615404 0.28533563869781847 0.12665796568391574 0.2378799705329393
5 0.32446738393442964 0.45178201664452455 0.11243565095030839 0.12805012923852765
5 0.262728457889528 0.10873298180190763 0.08405066577905596 0.19690713709641056
5 0.23639109253750917 0.2517632555303493 0.10657627595030839 0.12777722446188067
5 0.24477226658665396 0.3856887704186728 0.061617932319233626 0.07694779776646965
5 0.18031581834510718 0.43044741211667387 0.07241814600739249 0.1027932640608813
5 0.32917773597775657 0.639145564256201 0.0798327272811774 0.09339151209641061
5 0.1122333683456541 0.17092791097964538 0.08664710722409338 0.11710191687305749
5 0.07858256302217738 0.30192104580199897 0.0735323184407943 0.1301370140608813