5 0.5700556014746734 0.60546875 0.2723896183456542 0.166015625
5 0.11768161867919173 0.5595703125 0.23536323735838346 0.208984375
5 0.38410083802381806 0.4716796875 0.28908567566488774 0.240234375
5 0.8780126815127294 0.62109375 0.15452897975263546 0.1015625
5 0.7458285868837762 0.7734375 0.11618273345982244 0.119140625
5 0.12943189596091614 0.39453125 0.22061024828856995 0.189453125
5 0.07802224058986931 0.2421875 0.10155585351690649 0.095703125
5 0.19115923417337394 0.173828125 0.1388243960073925 0.099609375
5 0.47980890437316837 0.255859375 0.09466188982874768 0.0703125
5 0.6640709386427763 0.982421875 0.17135438241437395 0.03515625
5 0.7398962746216267 0.87109375 0.1815908634027381 0.142578125
5 0.3346593057527015 0.822265625 0.2141937870718691 0.17578125
5 0.04817824909780868 0.861328125 0.09635649819561735 0.125
5 0.21023794952648653 0.83203125 0.2261148196765233 0.1328125
5 0.2928544897833651 0.9375 0.14265106226214952 0.09765625
5 0.35793090475318234 0.1552734375 0.20865274705284098 0.18359375
5 0.5712194484793973 0.1455078125 0.2854248233837102 0.150390625
5 0.7505621145919908 0.345703125 0.18214794961943914 0.15625
5 0.6675576253335376 0.3935546875 0.08083084733826151 0.06640625