5 0.613091494221418 0.3500923463118646 0.08977693835533995 0.16979880831770822
5 0.45001828841101915 0.5334767058195611 0.05584656001352206 0.10439391128657394
5 0.548638369221418 0.3557312640781839 0.09540904668602179 0.15078018720555542
5 0.41504179921227063 0.2999680397027207 0.1020411283617032 0.21769906609340262
5 0.31611422422022484 0.3672764807961233 0.09933802335295372 0.15307506479745348
5 0.3470594667508484 0.5903847120048618 0.09740762501988542 0.15485731350150456
5 0.42286703090187183 0.4684007233148735 0.07156246668124933 0.11357342165416662
5 0.36266968252704423 0.1676920733973965 0.09890758503738462 0.28376356350150445
5 0.4020617191975554 0.19259485997841513 0.059957350015908406 0.12231378887847211
5 0.5102235792289744 0.4148128524971653 0.11219310669954385 0.251756572573148
5 0.5335494984285184 0.6552061513897001 0.15875130171863394 0.39631172737997655
5 0.6426404150918708 0.6212230163165522 0.09254822336488489 0.24028218461365736
5 0.651913311684431 0.08953586389580498 0.10585647169397605 0.17907172779160996
5 0.7047726833525559 0.08008609595833469 0.042265591681249326 0.11101027721493045
5 0.7432002050346007 0.19012069633530232 0.09266185669954385 0.25004780961365725
5 0.7959479959022695 0.43869303828860107 0.09938347668681713 0.15698131479745348
5 0.7218790217715292 0.7100910894785892 0.11880246170829345 0.3167223264609951