5 0.7027566426509175 0.5107138964338827 0.20133244926865146 0.12921129201478498
5 0.6804716142448223 0.0726170183445603 0.13828697848964455 0.09541461216700925
5 0.5413856934856731 0.09915334305968655 0.14808669541333241 0.0977656558932242
5 0.4807414853895034 0.03520260132977539 0.1099204707790068 0.03570668973360741
5 0.5365930534697869 0.048212925569200586 0.15131110693957384 0.05886232338371018
5 0.7976712175317722 0.13399287618651817 0.09387648234496337 0.12288106102642049
5 0.7486506442765943 0.17688536568282193 0.10851281655801359 0.06687710598836438
5 0.6273012048489349 0.1573027359777566 0.13293898234496337 0.12447273593128028
5 0.20211656351347362 0.17413316701478493 0.14239778003177206 0.10729252965749525
5 0.05341127079886436 0.09683553174893922 0.10477702617645324 0.07648356349787844
5 0.1315945692964519 0.2151736728134158 0.08743754464226872 0.08943918479069152
5 0.5143097362002823 0.1692884412536632 0.1517883938712048 0.08620607338371017
5 0.4506698746938983 0.2691614482880231 0.22237362926070836 0.1046960882124578
5 0.13449732548481969 0.3255650271860373 0.15172021002382907 0.08229982338371022
5 0.102521509737585 0.3945246035169065 0.19324721387914795 0.11326795703381298
5 0.3678809349601373 0.5019480966247101 0.17916623579489288 0.08927337081711206
5 0.49301730265488897 0.5148539563202614 0.1358565665580136 0.06799127842176622
5 0.5386380620904915 0.55672344496085 0.09326282771858074 0.08772481102642038
5 0.6838659785889324 0.4348023302266958 0.16563072848964455 0.09652878460041103
5 0.8346827526350313 0.465344341110406 0.1499716365659567 0.09393898963846725
5 0.966925575282125 0.6524762445321722 0.06614884943575006 0.0812287660644766
5 0.9670668856517708 0.5548597864047937 0.06586622869645842 0.07724293231923363
5 0.7412467405602785 0.5913275500934996 0.15980544541333241 0.09824315836468234
5 0.5702190959775824 0.688776576139495 0.1891364123370205 0.10139003954332693
5 0.5164790092287886 0.6290106275179342 0.09446593039744644 0.044835644771663574
5 0.4537986642605607 0.7279468639249156 0.1403082873370205 0.09940044591225217
5 0.47155935216595013 0.795029575759481 0.1851278865659567 0.09537149705284098
5 0.7183789179131849 0.7348242114053407 0.11275998579489288 0.08656752347885055
5 0.657230491573752 0.7538016984301865 0.08884519886326192 0.058268768535934434
5 0.7827611343280765 0.9519751244764554 0.1618949381080843 0.09604975104708924
5 0.6136794541333248 0.9392466665869275 0.21106398234496337 0.12150666682614508
5 0.8810117750554536 0.8273273703878872 0.09110515117645335 0.07592647728117763
5 0.3336957979846721 0.9475026711019858 0.1714560115659567 0.09481441083614017
5 0.4205174700633966 0.8339362315105419 0.20048015117645324 0.08038316701478498
5 0.20188729859687538 0.44053577015167744 0.1183807173290774 0.07313439971457936