5 0.2976558393524997 0.511199837548117 0.3246563735728968 0.5981933967674204
5 0.5284213667763875 0.5330987474820658 0.2737226025655044 0.49667401188158866
5 0.5347815069386728 0.20906072252963587 0.14575482832662612 0.17947857091225228
5 0.6816571541817942 0.32575078060889734 0.36331430836358836 0.6515015612177947
5 0.7893608085057517 0.8393978618362061 0.23423900817440169 0.24548025570294385
5 0.8176513858837102 0.13530950527645352 0.15483402176742045 0.27061901055290705
5 0.8940885110258736 0.3127803352680333 0.132401288307598 0.18673398469555136
5 0.8874564742383314 0.5341201302299772 0.15634611292703715 0.3437002384027381
5 0.9563779638303223 0.5531987585571502 0.0872440723393555 0.2933600222431214
5 0.06989796506605125 0.22702509139746732 0.09322273593128028 0.1344406435359345
5 0.492482485264205 0.8994257373583835 0.04718668849787844 0.10526646739534584