5 0.7489141872838118 0.3019787906400786 0.07529823014070458 0.19073675557393244
5 0.69636664983877 0.4413402369613736 0.057220135391325755 0.10357007333273782
5 0.550101899038159 0.9171988710977955 0.13918320769822845 0.09758750712497899
5 0.5897666353271835 0.8109517300062521 0.1123507903964569 0.1835660708608986
5 0.45587595738859676 0.6699848355220768 0.10440193501026274 0.15958226764258998
5 0.6043715743349622 0.3140385251787891 0.08085080552176738 0.1384121079876639
5 0.5739737954986763 0.1697393630520238 0.08267893808442262 0.11706430879224106
5 0.4101315707991242 0.4789267173319288 0.05743603141946663 0.14067944833273782
5 0.30026293362522893 0.40363543779053884 0.1632115810384036 0.20078891677990496
5 0.21326867938222338 0.5912853981919343 0.11604114436831603 0.1467298474700529
5 0.11866142784514336 0.577401512213927 0.09476130244760744 0.1803837636197041
5 0.1495825534295661 0.4639564622429808 0.13032661860619027 0.2531546281020931
5 0.3794818537849722 0.8812976914982977 0.13759369706141322 0.15995093132040195
2 0.6103836980433719 0.455162072362769 0.09666897565220944 0.17270783942428125
2 0.5196479565586843 0.6147648718733187 0.07473008269822845 0.09308050557393255
2 0.4604810287428424 0.5495944964129225 0.07090337334017516 0.10647922896477802
2 0.6479974220650577 0.7014539937712256 0.06138773321486468 0.14876509994189213
2 0.5704930049794745 0.26467078925888954 0.11049993193610264 0.20100762005632145
2 0.5824604376520462 0.5566835086268493 0.05918462334017516 0.10565977413731509
2 0.5530562657390347 0.4093863710977955 0.06708802693097127 0.12183107735562371
2 0.5175654598490327 0.3015614609824731 0.05153120462406835 0.13245722091900636
2 0.8985535554576254 0.7561696278830594 0.08917463821999583 0.22684903620597252
2 0.9427147639857664 0.7159872972800732 0.09917888514583595 0.2685475402288584
2 0.7878838303898388 0.8185736608416695 0.11432664129415615 0.18760889666547587
2 0.3185783480983301 0.6112540547447671 0.0942954215447771 0.1003056386197041
2 0.3828225607467317 0.30707894149829773 0.08903828283380177 0.20341153620597263
2 0.27940352081195263 0.2977158966408877 0.05919598628902467 0.10761289913731509
2 0.3143760103271836 0.8302089184516329 0.12603402834530653 0.1864752264929388
2 0.20560827698957412 0.9012654381056657 0.0982812121867237 0.1142506652288584
2 0.11743422936939496 0.7883390122139269 0.06725847116371414 0.15112795235562393