5 0.21087788787183093 0.2872602453468603 0.09761772362105359 0.0729618886197041
5 0.2689789964644 0.24103420790496805 0.1297970394272453 0.05770555229751595
5 0.973043855145203 0.21405470414803296 0.05391228970959405 0.07050352413731509
5 0.6735121049334416 0.300995080868937 0.07107026966068242 0.08472170235562371
5 0.08908142393994414 0.41834456094895345 0.05351140785015546 0.05042597091900647
5 0.39020303239133886 0.5041669269578009 0.20744774992941284 0.08842263367602543
5 0.7445342166204407 0.45977888052475624 0.16942832231269422 0.07020269338905938
5 0.5576887725786446 0.43362279405729864 0.11094832888978434 0.06805854425174429
5 0.5194505521226083 0.5010122988557079 0.07027397362105359 0.07104982735562371
5 0.9445020159662612 0.44187361055559643 0.051444526273065616 0.0483362701144292
5 0.9064633251600694 0.4621832516471398 0.06593196050216754 0.029897626551046552
5 0.8646697560300393 0.5190354326524147 0.1238046446606822 0.08840924907920722
5 0.6557518909133208 0.5179557558398831 0.04812632234798797 0.02476219430985216
5 0.6669298415322068 0.5583567897192858 0.1257770328501555 0.05547927568836153
5 0.48892070668421883 0.5492325250335197 0.2011333486210536 0.08020040626229408
5 0.45842847634490114 0.6317690145159087 0.25993534858576006 0.1212704795950319
5 0.716762512536542 0.6058602204094339 0.13817832231269422 0.06801748051582468
5 0.6844029302699789 0.6395002969895343 0.20560838150650262 0.09023918287144839
5 0.6325602559770989 0.5911568796039635 0.052942624964706475 0.04066034591900625
5 0.6028643216774098 0.6873652440863526 0.07856076311888605 0.04634208137850959
5 0.5858733314724573 0.7660160154367014 0.09139781570031102 0.09975933540139548
5 0.6627093940253976 0.7047523449490375 0.07567832231269422 0.06364705476935528
5 0.7979869236223018 0.7041176769332129 0.14781092754613123 0.0998137837341333
5 0.9107927134466001 0.7489511871356969 0.17841457310679987 0.082972986089757
5 0.9162551111046551 0.7144778161585827 0.11762326311888605 0.04907359747005291
5 0.8024137985340679 0.7969594023355014 0.1454027762377721 0.09186470792955626
5 0.2122663939018702 0.8666621836223836 0.07177207231269433 0.06337390316020097
5 0.29645993014645133 0.7970397099164109 0.0681878288544906 0.1020266757464694
5 0.33878284450310947 0.917628220434022 0.17126769073560455 0.06838614419363642
5 0.794253131047686 0.5053291862149042 0.09866079600433508 0.05747346442428114
5 0.9706645986210536 0.08096905253887862 0.058670802757892826 0.0356204257464694
5 0.825752641230963 0.17072352779589778 0.08337706573560455 0.0622402329876639
5 0.8155774140566627 0.3832316495485352 0.08358531570031102 0.09921303218308675
5 0.27078764754335094 0.49094538813471966 0.07141153939195166 0.09058107735562371