5 0.8707330600635441 0.16778981711211272 0.14307961850553053 0.14635502965749525
5 0.7143466923687924 0.16634401673155186 0.10151852272652384 0.11343377100739249
5 0.7800612185452458 0.23598337813853323 0.10967194196340291 0.13328335598836444
5 0.9124156955126203 0.3722926215798744 0.09007250811602718 0.12858126853593443
5 0.8502274655007058 0.3367135720550286 0.07852421773446672 0.1378693910644766
5 0.8106997818560246 0.3676419138325099 0.11182961850553053 0.14508168973360736
5 0.7510904347574425 0.4238199474350426 0.08472451197134623 0.15763939230020552
5 0.9778041304768768 0.6039219823689913 0.04439173904624649 0.10965021986680368
5 0.9884731914546067 0.7324303136427763 0.023053617090786682 0.15963563241437395
5 0.9667050867467342 0.7208093817035567 0.06658982650653167 0.08880251482874768
5 0.8249776440697805 0.6817369119789165 0.11748444196340291 0.1336016909693365
5 0.8474314209577248 0.568437427663379 0.0761619896502117 0.1143523073192334
5 0.8453392035252405 0.784496491399108 0.10912647118439622 0.10203335598836438
5 0.9668815980086487 0.8095174017130707 0.0662368039827026 0.11459105855496254
5 0.7645241730921981 0.026741121507425473 0.0793182173290774 0.053482243014850946
5 0.6378729327304953 0.09616580342340696 0.0895270373370205 0.09733126853593452
5 0.656843883926806 0.23123152908884156 0.09744181310808431 0.10350897851690649
5 0.699274323759855 0.3106149579387388 0.10765063311602718 0.1292975222431214
5 0.6899931463035416 0.4507408979101967 0.09449013697134623 0.1580373110264205
5 0.7466162185411267 0.8393365124065004 0.08842621042921861 0.14607980979069168
5 0.7347028023487874 0.7166875561327154 0.04998725040538954 0.06839584363107476
5 0.7434165203893558 0.600038908033879 0.09897594967404078 0.19139960351690632
5 0.569021442774182 0.23871904762477608 0.09634098620028242 0.15225751977166346
5 0.6078502419832607 0.16775164334729478 0.07797874695546003 0.1066193910644766
5 0.53305687195546 0.0818688462939069 0.0695525923290774 0.07114480608350462
5 0.6298504317129026 0.5323493483853509 0.12063078429248053 0.20204064971457947
5 0.7059684440896381 0.7501078748113603 0.09932675426070836 0.09968231226214952
5 0.6935530275911972 0.8786344404006827 0.0961364346581548 0.14053876977166357
5 0.6392454814266585 0.8466433058948648 0.06643045657389957 0.11590751359301876
5 0.5954760780205633 0.41061560518186024 0.04820458502382907 0.07808188488583179
5 0.45920819044113304 0.162081257985762 0.10121169541333241 0.09585564600739249
5 0.5334462043401386 0.32812176378439284 0.04426424310014121 0.07596959239534584
5 0.4176856224601373 0.47063189287159374 0.09442195312397028 0.1541310610264205
5 0.5373376263154561 0.4950741594117714 0.08825575081077908 0.13631418479069157
5 0.5179400192724752 0.7274744768546872 0.08873303774240981 0.16365793479069146
5 0.478149485588079 0.6313701098869255 0.06262648234496337 0.1216077211025326
5 0.44066509942751186 0.6113978260465424 0.07171026887120502 0.08294313982874768
5 0.3297949974601373 0.4742131614075282 0.09226427658184266 0.14233272728117763
5 0.24109877637914795 0.09571974120773381 0.10165489042127551 0.12124627100739246
5 0.28970530387517646 0.08103483507665907 0.05073727272652384 0.11136459363107476
5 0.3188845682788592 0.6329733726242293 0.08852848620028231 0.15193918479069168
5 0.38749963270651866 0.6448363790407245 0.0780128388791479 0.1085725160644766
5 0.26759688209843446 0.5500418206279254 0.06992760348964455 0.09262918108350471
5 0.3296509623527588 0.7458964957706358 0.08222591619233932 0.12630980855496254
5 0.3554116558384319 0.8220501364550983 0.07407249695546003 0.10646022357399065
5 0.2182941949045361 0.30089568426851415 0.08774437195546003 0.10701730979069157
5 0.11340228286949824 0.5621883115021216 0.07976141233702039 0.09693334980971957
5 0.14617925882339916 0.5364213253329908 0.03223866578694978 0.057913964923888006
2 0.11147881391886307 0.2280447690116356 0.08154407771858077 0.0872473085549626
2 0.13954837966609776 0.15653851283299075 0.046183276176453236 0.07409605114058876
5 0.472953191963403 0.10972656739643956 0.05807248579489288 0.08433917861204668