5 0.5242745003475021 0.3798511107818142 0.15173613134934483 0.15465288499587637
5 0.6976933561836334 0.6938166006870099 0.14537451474445628 0.0842267247293198
5 0.8075520529759828 0.20185935685628828 0.14328498048862937 0.0802636445960413
5 0.8575923451733967 0.2774733807577728 0.109945446232802 0.07539128233030934
5 0.3755611117319516 0.1685772089440823 0.36144594804690056 0.12563428938993831
5 0.32087672323223504 0.08626932287579367 0.14287575272114772 0.0685448945960413
5 0.47874500669684694 0.23093806924705135 0.05564236479078999 0.028934993731793868
5 0.6234870521847675 0.36037962655125744 0.06770213793035795 0.03904159953146391
5 0.13706591334736037 0.43306724960428855 0.20471851565150562 0.10741600372767013
5 0.10794112636547966 0.5229857945699381 0.21588225273095932 0.1122315358601238
5 0.5269716532539844 0.5261081652487007 0.12234624251193771 0.0952635131299795
5 0.6643383472191633 0.5035753684192161 0.07592386569783915 0.05098767006457727
5 0.7899645934751323 0.45406821745604087 0.09500249251193793 0.09446789126408262
5 0.4338788903236266 0.5658885565127834 0.14839410458157998 0.05894975999587615
2 0.3578496475800207 0.3964004221104741 0.18080358325611068 0.09306216712833004
5 0.2920230955208988 0.6890357059089071 0.0797619110699257 0.049148205331134065
5 0.5227863617417632 0.7018325851154225 0.10731027495366652 0.05580320219703094
5 0.6769778182996092 0.7841718218865151 0.10206474160488854 0.07321083679719598
5 0.9031466066371581 0.6771072491927831 0.08777902495366652 0.05523490086424743
5 0.8624286093583059 0.6139043871249068 0.10658483325611057 0.09090262206375255
5 0.8931267907308176 0.48911374282564907 0.13304192309323426 0.06630761892964954
2 0.47394890224091263 0.9549507278476286 0.11539559346532069 0.0638430227301443