5 0.17611762845118778 0.8788028271502404 0.0453764083386361 0.041941224552418
5 0.17264839085374906 0.1613422944928945 0.07733093501352212 0.10449069054540439
5 0.19305324917448827 0.06994563830057267 0.03774572167409057 0.057065576804171375
5 0.22227742262090355 0.9042050701711892 0.049532651674885964 0.06367592342654138
5 0.3398058226248806 0.9381795877341734 0.09908803001670374 0.12364082453165315
5 0.3771872334499946 0.8829054441675904 0.11060224001431762 0.11247781847545246
5 0.23971713508510972 0.6418473955103365 0.06708805000795415 0.06284925586009615
5 0.5002120659611304 0.9690897044631328 0.04374145667568152 0.06182059107373439
5 0.48709562594482436 0.8518911561115738 0.035747143340226994 0.053034164867109546
5 0.5274983151157333 0.8857069758213376 0.0790340666772722 0.08313147748246608
5 0.5607689359384611 0.8097723097199165 0.09354682835374906 0.1562732360418977
5 0.6224755551300509 0.9765943601536553 0.06347724667806753 0.04681127969268939
5 0.6699748542926078 0.9618578602113335 0.07328832501193139 0.07628427957733308
5 0.6925032876153356 0.8933534720030472 0.07515054334420412 0.0848342786083427
5 0.7521858650938593 0.7390929480204892 0.07892043334261323 0.07336585248246608
5 0.7798030192751086 0.8482045091708215 0.040085200011931166 0.09039386374123293
5 0.29607025585812385 0.20145405902777852 0.06374996668124933 0.11142705698597288
5 0.3650118975771556 0.591326590450813 0.0557556533457948 0.09530140923772623