5 0.8404168224119453 0.1613262743563198 0.12383865068836153 0.12505829849758754
5 0.68497289264259 0.09168572748029002 0.0820035708608986 0.11262361810014115
5 0.7159220618943343 0.19869849939603493 0.09649490068836153 0.12458101156595663
5 0.7430609481874685 0.195291524964404 0.08410665626229408 0.19849293425276526
5 0.8337098584726483 0.40099318994057487 0.06915115068836153 0.12410372463432573
5 0.7193975976399105 0.34627875862894264 0.08950185551582468 0.13616339387120502
5 0.7818293097376219 0.34421125457092905 0.062294681320401724 0.13763923193957406
5 0.6015209812913479 0.15669642654624666 0.09708226764258998 0.10508385348964455
5 0.6509083391337425 0.38756217634355195 0.059754189366173494 0.1571022980921981
5 0.5687677374955342 0.4153953165621327 0.07551576517075076 0.15932815848170145
5 0.8756739118608146 0.6515436033944758 0.1022587636197041 0.09542050426070836
5 0.8581841516583305 0.7789569693642628 0.07483288614786487 0.14956253348170145
5 0.8039474428079817 0.7583930763038368 0.0544277329876639 0.08093042309219811
5 0.7792869978924638 0.9230862768920634 0.0656546281020931 0.12989491578695
5 0.6744881972912639 0.710787317881708 0.0783294087341333 0.1437713423290774
5 0.6571488524629077 0.7844215625041191 0.09099080476935528 0.0737656696422686
5 0.7117346030685734 0.5722737992131978 0.06401571844716702 0.10645741578694978
5 0.6317948737640804 0.021613835482981535 0.06228129672358351 0.04322767096596307
5 0.5671913333899525 0.07125325943972156 0.062335745056321556 0.11032957386326189
5 0.6115320787614009 0.27189670962255874 0.0956754458608986 0.11286226156595658
5 0.5661513553951434 0.6716126567608559 0.04593235396477802 0.07102843039744644
5 0.5502527488132565 0.8077980392687989 0.06620093132040195 0.13770741578695
5 0.4850346173185314 0.8539131315978763 0.08451638367602554 0.20435230925276526
5 0.43746335369882733 0.7608790619953227 0.044484468447167136 0.1061164965500705
5 0.46512222898936617 0.4572923889031246 0.09506039976756897 0.24355117694751693
5 0.5190590170369243 0.30577673042142306 0.08649718781512705 0.09319464387120502
5 0.5008872877570192 0.14378667715433083 0.08024146999821369 0.1711150923290774
5 0.4320838139057771 0.20854168679262802 0.06764881683801272 0.10261934963432562
5 0.34373434053951957 0.6090076562520597 0.07006611758448211 0.16508525771063765
5 0.3808865991663689 0.025320223215462602 0.07427319833273782 0.050640446430925204
5 0.34979994416458265 0.19237837662567692 0.0414798007464694 0.0631477465500706
5 0.2963344791346356 0.3086866472218466 0.090280246607368 0.17519180194751693
5 0.28486789390309764 0.46630526684425766 0.04956545235562371 0.06719036424482228
5 0.32709216927633233 0.49685638240865526 0.049210173274630176 0.11790343039744644
5 0.2502722416636895 0.27918027800482487 0.10309160304398535 0.19102135348964455
5 0.2135386776126429 0.21528966974567562 0.11718659005453513 0.2810014711843963
5 0.23810893783971504 0.48276551897461184 0.06751224103343556 0.10066622463432573
5 0.1691822727807141 0.6296540543839728 0.06202152971124747 0.13373298193957384
5 0.16126802338637986 0.4185972326510651 0.05901686201054979 0.09076423193957395
5 0.1364103170078703 0.3427662768879443 0.05874371040139542 0.08685798193957395
2 0.07935281732299722 0.4356711394078019 0.06714357735562373 0.06749719155801359