5 0.7565815911930951 0.3568813598602446 0.25870093155311125 0.41750215940173563
5 0.7229478579924127 0.028531474316377932 0.17129178401517464 0.057062948632755864
5 0.51248120993662 0.12499026175167866 0.18070430624352496 0.2499805235033573
5 0.6314692271524771 0.3493481934489596 0.09671454611158525 0.19714255831770822
5 0.526452481134895 0.7456240636186933 0.0922678716902312 0.2687246781339119
5 0.34233700992930666 0.7520062485858804 0.09321496071058577 0.16376855702175908
5 0.3460560830256259 0.4842205044176512 0.07399940705070396 0.12707442035821748
2 0.135819548183009 0.5502703924362271 0.1442691154872327 0.17407071571643495
2 0.28631984465765703 0.5974034782042252 0.13337446494911342 0.2742662053488423
2 0.4225087957541589 0.7012258842479175 0.08953882392376145 0.21013092813391188
2 0.49987672094947866 0.46006452768564915 0.16675414133493827 0.19743472997187472
2 0.4532212086447984 0.22975381591614674 0.13169424472576052 0.27995470405289324
2 0.37170090958650714 0.41389605201423685 0.10906468879182163 0.12819706868530067
5 0.2674388352996829 0.37633381014346123 0.06595679383752828 0.07968679147037028
2 0.035940033345343826 0.8228278348255789 0.07188006669068765 0.263548808317708
2 0.9116222229139495 0.4318221292403953 0.15183025123834515 0.5034653355326386