5 0.3731898090885831 0.5906743509497614 0.2534303583505674 0.13721942813634547
5 0.8331500624105155 0.6934404898271069 0.22860790002386255 0.18501296444818682
5 0.5947792740989236 0.5234954391622192 0.25431669836090776 0.2133913031363457
5 0.07322671909812815 0.5081059541823411 0.14155679334420404 0.08580815465749536
5 0.1502147015734702 0.6929697208646821 0.09690763834738575 0.10741522851690632
5 0.8643446140993213 0.5315483085057517 0.19329256335533995 0.1699085820338131
5 0.9576528124502863 0.40540593203217223 0.07714912167806753 0.0870881410644766
5 0.8767465324634107 0.3053837272319667 0.12593179334420412 0.08517148469555136
5 0.5740235207968767 0.2920716842193034 0.08464344834102233 0.06006272604544849
5 0.14917926987193772 0.9498852421099251 0.16115622334499946 0.09246336710992509
5 0.12372183322727762 0.7866616946765232 0.16154257668284017 0.1256664921099251
5 0.527257364885062 0.8685652174418221 0.18922722668681713 0.15607753954332715
5 0.8344988782026197 0.9783298715771399 0.1766448633434088 0.04334025684572018
5 0.6439448782125623 0.9163089921564014 0.21207383334659013 0.10625129448624282
5 0.5298000148691537 0.9735764044196447 0.12974713667647686 0.05284719116071068
5 0.7231882741386945 0.23562004885777055 0.18152836002147632 0.16552482956235504
5 0.5218239066478417 0.16000031872512116 0.2707812166812493 0.11840443184353255
5 0.8617706108271026 0.0810346610247798 0.1823906050087496 0.07185441330759801
5 0.28582394996221766 0.29009870679596245 0.15974853835136282 0.13925878336468211
5 0.34850507911960443 0.36104455351635956 0.07097157334102233 0.05950563982874768