5 0.6744489467468364 0.8896484375 0.1483573003841514 0.142578125
5 0.5084135136015377 0.92578125 0.1036347962166766 0.12109375
5 0.5633398395522178 0.8271484375 0.12053525379302199 0.13671875
5 0.5889895821655236 0.8359375 0.12220913068953276 0.205078125
5 0.7242528283846247 0.650390625 0.09271320720189236 0.130859375
5 0.601584725731934 0.681640625 0.11547303977823775 0.146484375
5 0.6608561431555886 0.697265625 0.08992298258119447 0.14453125
5 0.4437408872788293 0.8447265625 0.11698780682259025 0.1171875
5 0.5455816683476642 0.6259765625 0.09135787235458315 0.162109375
5 0.47397358028113556 0.58203125 0.1073017367486695 0.166015625
5 0.8247582439238913 0.412109375 0.12025632803441755 0.109375
5 0.837313610027262 0.2822265625 0.10455145076345351 0.15625
5 0.7808523865420463 0.2919921875 0.06967444886694274 0.087890625
5 0.7966761126848019 0.1220703125 0.09351036818710812 0.140625
5 0.6454690020716145 0.3115234375 0.1060262791723241 0.150390625
5 0.6458274827562981 0.2353515625 0.10467126666989945 0.0859375
5 0.64734289449042 0.4560546875 0.08557837462554696 0.115234375
5 0.44063228178137226 0.978515625 0.07186688333494973 0.04296875
5 0.39056831549562415 0.921875 0.08378468182259013 0.1171875
5 0.48017227251029 0.7333984375 0.11762553561076283 0.125
5 0.5318091408967476 0.328125 0.05895223068468369 0.076171875
5 0.548908485788291 0.1904296875 0.09382923258119447 0.14453125
5 0.4971305427981077 0.130859375 0.12464055228066229 0.2109375
5 0.42988751552229454 0.212890625 0.06572826023146061 0.111328125
5 0.383372285586517 0.51953125 0.14345419622152566 0.25
5 0.40049256683045553 0.6806640625 0.10415303144328791 0.103515625
5 0.343792678567002 0.8369140625 0.11411770493092832 0.177734375
5 0.29360905754725036 0.7578125 0.08705320303441744 0.109375
5 0.30397118332040224 0.34375 0.10387378333979891 0.171875
5 0.20113515981336516 0.93359375 0.08402399129059723 0.072265625
5 0.21068096114577195 0.7568359375 0.052455126896510884 0.068359375
5 0.18678465035505637 0.630859375 0.12240850152205796 0.18359375
5 0.21329081721703147 0.4736328125 0.06269904848764041 0.07421875
5 0.2610227249830279 0.451171875 0.07254422841371966 0.123046875
5 0.13538564088462468 0.650390625 0.13946839129544641 0.201171875
5 0.08548005917504443 0.70703125 0.17096011835008887 0.291015625
5 0.17247440187711427 0.447265625 0.08689377083737426 0.107421875
5 0.14062596703465413 0.287109375 0.08960411818710817 0.140625
5 0.0836870916480782 0.494140625 0.07633098485215845 0.09765625
5 0.04083815755452411 0.564453125 0.07601212045807212 0.09375
2 0.02379694771933773 0.4599609375 0.04759389543867546 0.076171875