5 0.8694524419378913 0.8673690493042474 0.040108068246440975 0.04560371347375858
5 0.1526547504249139 0.8128821717726229 0.10342633904800358 0.08185090503177195
5 0.060244172323741976 0.7849126638592904 0.05754981477951393 0.04005116578694978
5 0.8937974986914503 0.8228903693121904 0.06372740620234385 0.05382531655801359
5 0.927270931086372 0.709263257400417 0.12736389342673604 0.10374438311602718
5 0.8667232395733946 0.6662312662279353 0.11201165036059058 0.11519039772652384
5 0.6312832076343756 0.7841423640380084 0.06409108211414938 0.06945031655801359
5 0.9528628577348529 0.5505949487557359 0.06940494324644098 0.0461150923290774
5 0.8318827564572921 0.5533640619870845 0.0535981052905381 0.038029856939573836
5 0.9929189343884985 0.511374092424246 0.014162131223002916 0.023880695007943098
5 0.8651532541777782 0.5148981706516231 0.08194196404800369 0.0814758938712048
5 0.7880949191427521 0.47548264812779417 0.15461672444878483 0.10031542004765814
5 0.9643477781861547 0.4278889929926151 0.07130444362769062 0.06975714387120491
5 0.9440023399494795 0.37961128144651607 0.09161667007005203 0.07774010348964455
5 0.8671940321038197 0.350937946422687 0.08580275455902786 0.07959095271858074
5 0.7102840530006946 0.27791513848949695 0.07412946404800369 0.08133952617645324
5 0.8182278956109377 0.2602759902541768 0.09084385875746515 0.04453697848964455
5 0.18792219960842071 0.6924532142845374 0.11096608211414938 0.07026852272652384
5 0.5755485063619797 0.6543156320984345 0.0951137846692709 0.0602301623370205