5 0.5568733650938593 0.6977924434078375 0.09727126501829453 0.13587923167965865
5 0.4301595542747109 0.8007960342238042 0.06329543334261323 0.06908662834181789
5 0.4423448851248806 0.9249444683919291 0.07178973335056738 0.12777128500954493
5 0.4664641851328348 0.980970105028635 0.06690623667249973 0.03805978994272996
5 0.6113322300684059 0.5109515167488599 0.04558094834102233 0.057163338339431435
5 0.49534855923772403 0.5291305300664174 0.05216757668284022 0.119731518340227
5 0.4198918900680082 0.5057946158895429 0.03990338667647686 0.0727201583386361
5 0.4271241758831795 0.372107823390736 0.031727260005567914 0.041379251670908834
5 0.4440325483867589 0.39866818755965633 0.01987215000397713 0.02952414166931805
5 0.4708556375815304 0.6059835208963039 0.046012755012726725 0.09427271333943144
5 0.34223620763044854 0.9626760900202831 0.0653621916772722 0.07464781995943381
5 0.3804471417985735 0.9736966791901978 0.04558094834102233 0.05260664161960449
5 0.3450147509050535 0.5322633892126682 0.0380184416772722 0.0785568066717044
5 0.29928334251670374 0.12651269170710042 0.07140338001272672 0.09456816000954499
5 0.2207554201145402 0.846204480028635 0.0744019316915897 0.18443463667647686
5 0.25511418423772403 0.5263351500338053 0.08375847668681724 0.14939202001113583
5 0.2166987100672128 0.4975716675286351 0.031659080004772466 0.035519876670908945
5 0.17293521090266728 0.5126853175226694 0.08375847668681724 0.14939202001113583
5 0.14245654922221335 0.4107819175186923 0.18293741337124825 0.2813877283577262