5 0.6904309897021178 0.2837678656469176 0.17307947257804934 0.2200551587179327
5 0.5405289715026472 0.3791481607751086 0.15560361411769508 0.2363012930535986
5 0.6125970470998985 0.6755780106177726 0.1474047738568114 0.16930304720278344
5 0.7863797203045004 0.6545936029371361 0.16307522565220944 0.17829953890441375
5 0.7327603374963554 0.842331323892842 0.1181874394987581 0.18075493776222684
5 0.7941461174080433 0.4781463576049691 0.08892465334530653 0.18439432832167013
5 0.8899969607430871 0.49628503343248387 0.2135850670819388 0.4710620129720082
5 0.38352901687857877 0.262081827791411 0.09078687475451042 0.1689173272843738
5 0.349367024902912 0.43564424662007906 0.09057097872636943 0.1318079522843738
5 0.3307839300307882 0.43216742426576493 0.09245592603327224 0.1202372012470776
5 0.3755991592188355 0.7462942595862818 0.11208944257291797 0.13929531587411548
5 0.39789598506157636 0.8843147084965403 0.11818743949875798 0.18075493776222684
5 0.3186801419720222 0.7027346670046914 0.11462207796424351 0.23905268983681927
5 0.30891386587096337 0.5354319123368585 0.10618461577751992 0.1310388189860041
5 0.25719712589405447 0.8822753213112124 0.07536640783380177 0.2028895855827435
5 0.22704234825591554 0.737034368251769 0.10031387782867035 0.12864169709789275
5 0.23114679875972327 0.6028753083450096 0.060978667056281854 0.07880671784381699
5 0.16543303753848523 0.5590051485955863 0.06698576039132564 0.10464133973192857
5 0.30782302278140916 0.34793191233685844 0.07473008269822845 0.09351458558274361
5 0.10442158383777264 0.8196004904021073 0.0826903010332723 0.11949720643355866
5 0.06653384684158037 0.688623408193479 0.06715620462406846 0.13393821473192835