5 0.7491408391965887 0.377914307288412 0.061246855092262686 0.1811650834652372
5 0.6676416682628408 0.5050738523529894 0.050382190700311025 0.095057093065402
5 0.41956082328326794 0.9480759250467214 0.13529588150650262 0.07997949392964943
5 0.4818892771377585 0.8487716011816493 0.09755993405263397 0.1685729809975256
5 0.38545454342166185 0.6799938434453194 0.09228860512755621 0.14502182073096925
5 0.6079277931216664 0.35862540701773166 0.06989417751083771 0.12877168926490723
5 0.610770796269037 0.20938183491756673 0.07438847358576006 0.1055046796647423
5 0.38441928007336756 0.4801679268116287 0.046797947242107174 0.13394910266556703
5 0.2965277437934928 0.3823098357089895 0.15063557878390332 0.1759667695960413
5 0.17076125381794865 0.5497537286390515 0.10700355251083771 0.12985146179719598
5 0.08307887878265509 0.5152585397698556 0.08009556562972378 0.1700146347980207
5 0.13695953986841508 0.410350576504536 0.11130703925077734 0.23721650666391758
5 0.2640685929439502 0.8726578709755463 0.12698982881919696 0.1382322631299795
2 0.5821591945712 0.49976187821723683 0.08343303274427472 0.16036267006457727
2 0.4580421749634581 0.6388854586472987 0.0691171446606823 0.08195351939818551
2 0.4167508788355955 0.56111940427934 0.06405406570031091 0.09545490399835055
2 0.5626017836266144 0.7518570785504327 0.049206098550466315 0.14181843279884543
2 0.585836108857271 0.30272357375035025 0.09674437482353193 0.18804740086424743
2 0.531833882159434 0.5938424087826389 0.0524490722774007 0.0970670481986804
2 0.5377203293838944 0.4425604664825564 0.0572653748941192 0.11280570846523719
2 0.5278304049321931 0.32780914761542246 0.04048354593374803 0.12596611226573207
2 0.7902651455783155 0.8602718375570305 0.07110697347987927 0.21654865399835055
2 0.8417761817346627 0.8295257941584326 0.07751586817585521 0.25963106426490734
2 0.6692475370563336 0.89596503818701 0.09951305905263386 0.16862981113080422
2 0.26677766504488304 0.5918056819084947 0.08887590781486188 0.08642807073096903
2 0.39661049701145057 0.30432984667835034 0.0737619011318913 0.19517793926490723
2 0.29996842461052226 0.27302008090890706 0.050609703854490595 0.09896334306540211
2 0.21319193827645888 0.8088194272073401 0.11123180905263397 0.16897079193047437
2 0.09350179358048301 0.8551979852040412 0.09162532885449057 0.10015677586424765
2 0.03385442832259018 0.7243461248021443 0.05506547355046641 0.14198892319868062