5 0.42586554443563274 0.5419921875 0.1580675457934142 0.146484375
5 0.7601196234718615 0.71484375 0.08755032790558981 0.142578125
5 0.2805513413029002 0.8251953125 0.08354171896167761 0.140625
5 0.36221187740070493 0.8740234375 0.07789536691517052 0.107421875
5 0.19640657719830623 0.3935546875 0.13396606173593073 0.357421875
5 0.10755184729680883 0.337890625 0.07182296896167767 0.140625
5 0.27116753872565236 0.4970703125 0.030209800429541245 0.0546875
5 0.41638623360319826 0.640625 0.040589579093014416 0.06640625
5 0.433867606569063 0.154296875 0.11210547122295555 0.201171875
5 0.5187856696627753 0.1162109375 0.11764946432555057 0.232421875
5 0.5724522783795449 0.5439453125 0.09804077057864369 0.119140625
5 0.5650713258973104 0.6826171875 0.0527177648686632 0.07421875
5 0.5295789313357344 0.806640625 0.09660774536387295 0.091796875
5 0.600844533015672 0.4521484375 0.0623644207934142 0.146484375
2 0.4230244092030966 0.3759765625 0.09720528889600932 0.177734375
5 0.7086067051100821 0.3095703125 0.05096935775648759 0.078125
5 0.7480288104917205 0.5400390625 0.0582617579712581 0.10546875
5 0.8488886045607835 0.6943359375 0.07553280613952174 0.099609375
5 0.7679376250826414 0.919921875 0.05723816853213637 0.0859375
5 0.6993818372604854 0.87890625 0.09331564902734613 0.103515625
5 0.5770473223350365 0.9111328125 0.06935804924211686 0.130859375
2 0.9811395847462092 0.4921875 0.03772083050758157 0.11328125