5 0.6020406354186871 0.067621541126563 0.14939377083737426 0.11069495820625011
5 0.689970715536842 0.18955710818559085 0.11555291704920156 0.10210964689366331
5 0.5942278130738025 0.16296099021475743 0.1375155886403312 0.10846907627239594
5 0.40543254735215845 0.10690725600655415 0.13201501666989945 0.08884690729444455
5 0.47006491269450024 0.14642516740928857 0.1388709234876404 0.07730999525034732
5 0.4662382176205795 0.1950714544533858 0.14939377083737426 0.11069495820625008
5 0.45113113050230624 0.2726964000746531 0.15888047007877004 0.08362396514010428
5 0.15417689792111172 0.12152806468420152 0.11471581742850379 0.11573606240468759
5 0.0652298331501478 0.16624373895785594 0.11132780265511527 0.09811247791571187
5 0.07874211478066227 0.21236947390273442 0.08972393409355409 0.0722672580259549
5 0.19305935171655816 0.323222723807422 0.13620019242850384 0.11623611678342027
5 0.2760275479259609 0.25302550555581615 0.11722711629059723 0.07485681587161475
5 0.09494461327072728 0.35115499762517366 0.10642502083737432 0.10969484944878483
5 0.03555402463039615 0.24450430091180556 0.03826501666989944 0.08666485182361111
5 0.7870892445098167 0.07777683783476627 0.07457723068468369 0.07776295711414938
5 0.7922904378865759 0.22507866712335134 0.09881189166989945 0.08807409598185778
5 0.6672902767141335 0.2699299033509554 0.10530899545807215 0.09602297444878483
5 0.5764699642141335 0.26781603711358554 0.1336093386403312 0.10837815729444455
5 0.4633080466032524 0.3382851957860681 0.1616307560639858 0.09343504962908
5 0.10590565740366634 0.4615520196141494 0.14357433447285628 0.08716653922829876
5 0.21446368827315188 0.41826750273025187 0.07039205492607925 0.05037374762517366
5 0.30701810796777046 0.35804047717903664 0.19515274545807215 0.09811411094166678
5 0.7108566556943818 0.34989519614149367 0.15397768826102887 0.09520633667317724
5 0.7484047109949141 0.2844890548989589 0.10957404848764041 0.07662810291571187
5 0.8627023009579537 0.3115170380150615 0.07393950189651077 0.06995045711414938
5 0.42872945626575976 0.42812812927309063 0.2065126924285039 0.11787265838654526
5 0.2021867644110584 0.4589194518184463 0.10172160985215845 0.09983830547083339
5 0.1053872610046125 0.5268453286472223 0.13265274545807212 0.09665940729444467
5 0.15790229585434637 0.5612076706161025 0.11838308030538142 0.06513665036059035
5 0.5506005591056771 0.4046476193230473 0.07999824772903619 0.04864792007005214
5 0.8368928038027201 0.4132605594579868 0.0997684848521585 0.09979284598185767
5 0.6553119255835007 0.4217054097387592 0.07772625833494962 0.04469621058107642
5 0.5996871570292133 0.5880603478801221 0.15756507386694274 0.09139100565112868
5 0.5110594401696629 0.4934003415876306 0.13966808447285617 0.08707562025034732
5 0.3260303168789472 0.614830955190061 0.16701183447285628 0.08771205309600694
5 0.4296456272952097 0.6065208503502608 0.1240830231083383 0.06331990382751762
5 0.4676916261597278 0.6307993508963111 0.083705126896511 0.07017775455902786
5 0.64610350741094 0.6671172674041237 0.14389319886694274 0.09107278922829876
5 0.9765417248200472 0.5740102323536033 0.04691655035990561 0.10165505200390634
5 0.9717585977363098 0.5260677508756519 0.056482804527380415 0.049102514959808996
5 0.5181934668837964 0.7479649376648008 0.15333995947285617 0.08739383667317724
5 0.4698637689651092 0.6932311616628475 0.11152717348764041 0.0766735624046877
5 0.6173045759749258 0.7561200168580734 0.09542387689651077 0.07045051149288195
5 0.4163119413172677 0.7894554377601132 0.12942416288172676 0.08098894780546884
5 0.33824668809804825 0.8003096409565975 0.10925518409355406 0.07272185291571187
5 0.8544102149872854 0.6875609732355475 0.10841808447285617 0.08634826842673626
5 0.6921805405635124 0.8972458877497835 0.10012728788172698 0.08030705547083339
5 0.6957481180241275 0.8573659334611985 0.059032107955647506 0.030615200180295066
2 0.9656397827781193 0.7498588550740893 0.0687204344437613 0.0800797580259549
2 0.9913094947091661 0.692378862553994 0.017381010581667855 0.044605291603124986
5 0.8729260920588999 0.3770603742375007 0.08649535151720888 0.0565967985369793