5 0.20895115473732642 0.13789452877704445 0.1278494402982045 0.13525250452255577
5 0.36213038641996076 0.07111206326406927 0.0860149437469071 0.11747796670039978
5 0.33440346491926287 0.17734435281057648 0.10040333135429236 0.13186635430778515
5 0.30778038005948244 0.17384338605339106 0.09247186227904336 0.20351782564431198
5 0.22452217181048184 0.37895192786117615 0.07295722241038016 0.12848020409301442
5 0.33729993215658927 0.32603775017035697 0.09515811001776542 0.14327802747604856
5 0.2743904963809406 0.32150073637554705 0.06791671896167761 0.14379812726127783
5 0.44784655840079957 0.1371254876197573 0.1013328669151704 0.11243746325169729
5 0.4070881798385258 0.36840480410538645 0.06688482445688737 0.16127389331736564
5 0.48983178991307696 0.39638347043303057 0.08261218340079957 0.1640458898686632
5 0.19059557821537387 0.6284788550150687 0.10472732219560954 0.10287655613952174
5 0.21297626851357843 0.7565662334637712 0.08014726368123859 0.154177905924751
5 0.2667425380183687 0.7361220580342298 0.05908893458822417 0.08685042542954147
5 0.2970809616667731 0.9039414221511958 0.07161825107385322 0.14009659514910222
5 0.394629351112081 0.6912292507640693 0.085699561849502 0.1486256077564876
5 0.4141951704527003 0.7656056917127717 0.09188262381257539 0.08077802747604856
5 0.35307981965040336 0.5523955322825326 0.06823210085908271 0.11265048620519003
5 0.4113333778549902 0.012532119940517585 0.06485425570998038 0.02506423988103517
5 0.4786525532845315 0.05525120137998841 0.0664836937469071 0.11050240275997682
5 0.44211580661966265 0.25199745378323046 0.10174230269081919 0.12024996325169734
5 0.501390045509486 0.6542983293769427 0.046756030924751 0.0745175217660683
5 0.5212504840833393 0.7903517462415135 0.07182296896167761 0.14400284514910222
5 0.5893415041250563 0.8377039716204552 0.09277893911077983 0.20937720064431198
5 0.6324845552050955 0.7453524274946064 0.048598491915170516 0.1096737717660683
5 0.5949810054828377 0.44081431337764054 0.10263861798902374 0.24884913641996076
5 0.5350856569418186 0.2882533878913136 0.08899996325169734 0.10010455958822417
5 0.548125419069063 0.12599462700827951 0.08908571206427274 0.17607171670039978
5 0.6191931535499018 0.19277574344330894 0.06987814902734613 0.10689347014910222
5 0.7215896808555934 0.5957544097709531 0.07716224417644835 0.1715513130369266
5 0.6622034288782438 0.018804408710027674 0.07554111120519003 0.03760881742005535
5 0.7006614293583848 0.177734480298997 0.04244034514910222 0.0665003038782438
5 0.7577377544089845 0.29519033525728006 0.0952521638960091 0.18223816853213637
5 0.7748178913658719 0.4529328450096752 0.05055992198083881 0.07276911465389257
5 0.7343099085525986 0.48345387480378726 0.05311889557864369 0.12159723965389257
5 0.80323090866617 0.26636653310338754 0.10974291044730666 0.19857968113952174
5 0.8380925394329359 0.20284709619709979 0.12812329686726764 0.289139943746907
5 0.8227164808049938 0.47000748035578266 0.06987814902734613 0.10689347014910222
5 0.8971067284301446 0.6188710262627681 0.06771200107385322 0.13989187726127783
5 0.8968453294595842 0.40834711457125117 0.06155385430778515 0.09671840937345344
5 0.9202482601189648 0.3317187768564805 0.06134913641996054 0.09281215937345355
2 0.9729923419120774 0.4255324139269392 0.05401531617584521 0.07173722014910222