5 0.10827912653708002 0.026188733887126538 0.08031674692583995 0.04521234170039978
5 0.9581485471585012 0.3618328584328413 0.037359359874689524 0.0449135699343316
5 0.2837649398669924 0.08618228883922363 0.09808804205628185 0.07933669719560948
5 0.18910655506008955 0.06949913005948241 0.05489203307929136 0.03802230042954133
5 0.9637068040139889 0.4138977477645779 0.06081958577238855 0.05004812726127783
5 0.943482414134168 0.532014783325456 0.1079672965447771 0.09937974191517052
5 0.8799149480433719 0.5443131176483098 0.10414058718672381 0.11284689902734613
5 0.7092387391469964 0.32925084308403707 0.05702696526088369 0.06937465937345344
5 0.9152182652773567 0.6887848831106853 0.0666448719258399 0.044495829093014416
5 0.8061443834218691 0.6312949697516026 0.05098578307929147 0.037817582541717076
5 0.9490684272607206 0.7472167896291486 0.03723436743734476 0.023429194934331488
5 0.821485309700631 0.6809419663029002 0.07661503000513137 0.08016387381257539
5 0.7364959648285072 0.68137216474272 0.14894883269822845 0.0956699047373264
5 0.902755242127713 0.8161004169472121 0.11557526346548563 0.0646329276908193
5 0.8430258483438198 0.8403222191578904 0.08634656615858294 0.07481629353213637
5 0.7619995682159435 0.8311915104855345 0.08049855410743234 0.07646234170039978
5 0.5920549673182445 0.826192532365174 0.06684940500513137 0.07965207909301442
5 0.6834939094294845 0.8925268402290469 0.0881178839769905 0.043668652476048564
5 0.2713075981917735 0.2125212601757505 0.10776276346548563 0.06422349191517046
5 0.6100320977300955 0.42271452891647154 0.09210367461893698 0.057545245363872954