2 0.3350453164043745 0.5776684141271609 0.12941083039626244 0.08541615501670385
2 0.4954841483565814 0.6569276949395482 0.18735430757574578 0.12902125169079426
2 0.7032699624125258 0.6515776174113109 0.18081321473192835 0.06845165002386255
2 0.7078061496444934 0.298674928240402 0.11393382935896623 0.08718746668124933
2 0.5955474764102193 0.3908815674232422 0.14112958039626244 0.08555251501829453
2 0.6907483275524062 0.4347352890774473 0.09892996369463214 0.06945025501272672
2 0.593906071847277 0.4466138099240376 0.09416485840326039 0.03231815334579491
2 0.8804199911887877 0.24193066488307355 0.16219909699300206 0.054575235021476265
2 0.6800912489685093 0.22960034741011778 0.10615046784381721 0.06172866168045393
2 0.7461275015617499 0.22394482823443637 0.0817958355827435 0.07510509001034044
5 0.8068806524941554 0.17436672322568675 0.14098158143355866 0.08359939001829464
5 0.4776794118356268 0.39616278077261646 0.11846121369463236 0.06967752168204466
5 0.6510669997551897 0.5818105574176742 0.12893769502330032 0.10492467834977193
2 0.8358144497027443 0.5562026607256868 0.0854352261421869 0.04587639501113583
2 0.7568160251689471 0.5326863015694931 0.09446085632866819 0.0362244033457948
2 0.3709246854370185 0.4707117516211953 0.1925028262470776 0.09395590835852152
5 0.5165210666607959 0.45728850160130985 0.10647560425407554 0.040267013347385694
5 0.5933186890733608 0.6968410765933557 0.16080882935896623 0.08773290668761247