5 0.47882654007198533 0.5495327038488034 0.21579827001113583 0.09078546197672877
5 0.8067590475811326 0.6302457936770042 0.2110979550246581 0.19015608574099985
2 0.6398109450588609 0.45945846720397154 0.3352116150143174 0.1190775704365512
2 0.42813414420550955 0.3034422770903502 0.16574427335295372 0.15121628460041103
2 0.2551823642385194 0.5394438025184811 0.07092612000715881 0.05559938982874746
2 0.323825822575167 0.5666432961019858 0.07292469834102233 0.05958522357399065
5 0.2363542725572701 0.43130567381129425 0.20487495335374906 0.15866733450527093
2 0.7489111725214763 0.18864390755544344 0.2806377483489766 0.12661485056974747
2 0.5094033666852265 0.1574105237631772 0.1678110316876127 0.16106149334565412
2 0.37012060839033833 0.434804035360439 0.15125423834340856 0.08034669838371022
2 0.5231468425763601 0.5835499006167707 0.2851348916892036 0.17755526806023347