5 0.3538670183445603 0.6910776728615662 0.22021232956235504 0.1871218044425791
5 0.4396951124513361 0.5477989153735039 0.23520065960041103 0.17204244146588765
5 0.7401115891146491 0.6450800813163666 0.17034961587419617 0.16002606374473993
5 0.7305929799412751 0.8183284669791012 0.18067232709089698 0.17403896188430767
5 0.9124044472901447 0.7789435714448472 0.1751911054197106 0.13113841651222113
5 0.5547321461960322 0.81023692546688 0.18554022851690655 0.10204615539596196
5 0.5790997703403171 0.8921751202330857 0.4701692144481868 0.2156497595338287
5 0.31297247409616796 0.38149495575681935 0.16804168726214952 0.10338543874473993
5 0.4837730935353876 0.36112977551321357 0.13280585351690644 0.10020463044229566
5 0.4791107979555792 0.3424386787573864 0.12116668726214952 0.10174852767481424
5 0.7969677896854903 0.4130240386654279 0.13954064971457925 0.12189361932603626
5 0.9231781620718691 0.44702703299146423 0.15364367585626182 0.13281872300056696
5 0.7496584023282007 0.3528615822234158 0.23938877595030839 0.13123143034962836
5 0.5809733986210138 0.32941785922284883 0.13140981473360736 0.11380830081438198
5 0.9119617953419579 0.30609511216585317 0.17607640931608426 0.0904638146517891
5 0.7781843206744017 0.2631666460839897 0.1292975222431214 0.10983384618646852
5 0.6433391119291587 0.2565074017579534 0.0786389711025326 0.06320685548862925
5 0.5956318058456541 0.1865793203159413 0.10442751482874768 0.07385914065150562
5 0.39401225052217737 0.3121621297571029 0.09498022480971957 0.08133061751193782
5 0.8524312747145794 0.1467883085144893 0.11873605979069146 0.08996157304690061
5 0.718804702946612 0.09823918363032333 0.13185084857399065 0.0767671304422956