5 0.3971922770903502 0.4248046875 0.25712606844079433 0.126953125
5 0.8547076760449017 0.3408203125 0.23372503707186887 0.17578125
5 0.6209991681548268 0.5009765625 0.26022983450527093 0.203125
5 0.09927604191909781 0.4951171875 0.14388793355496254 0.080078125
5 0.1709763161114998 0.3134765625 0.10000064724312141 0.10546875
5 0.8906497937726913 0.50390625 0.19801170085516806 0.162109375
5 0.9739709999043129 0.6337890625 0.05205800019137419 0.083984375
5 0.909647133220878 0.73046875 0.12818334980971957 0.078125
5 0.6069525500934996 0.7314453125 0.08629230361204687 0.056640625
5 0.1624641786120467 0.056640625 0.16365793479069157 0.0859375
5 0.14172587946721482 0.21875 0.16501085845982233 0.119140625
5 0.5433566990015747 0.1533203125 0.19354836463846725 0.1484375
5 0.8472152161596168 0.037109375 0.17880543231923363 0.07421875
5 0.658793356606229 0.1103515625 0.21483710351690632 0.095703125
5 0.5424879242869953 0.0361328125 0.13185084857399065 0.072265625
5 0.7579367299412751 0.7939453125 0.18613378336468211 0.158203125
5 0.5585339316521584 0.861328125 0.2739083559883644 0.107421875
5 0.9011813470512002 0.9541015625 0.18426688859301876 0.064453125
5 0.3184686938672846 0.7216796875 0.16361481967652325 0.1328125
5 0.3791598252837799 0.6533203125 0.07262042861204665 0.056640625