5 0.536411005927723 0.6983861776637957 0.08350848335056726 0.12743036885168002
5 0.3997724834400519 0.7884054022699045 0.05736787834181778 0.06282952551663623
5 0.3992625017902216 0.9124174768210549 0.060025530016703854 0.12338776346548563
5 0.415660208465903 0.9776476616151294 0.06304544000636336 0.044704676769741214
5 0.6104806642365308 0.5181652701689271 0.04162924500715892 0.0529729969258399
5 0.4933727075707922 0.5243194307379557 0.040426100015908295 0.1174147589769905
5 0.4207661825668151 0.49460212663052344 0.03206816000954493 0.07049430718159233
5 0.44168170671545226 0.36192030054229296 0.027775556671704393 0.0372684562838933
5 0.4556831183859635 0.3903201536842396 0.015943173337045313 0.02743465359079622
5 0.46006799674766674 0.5993158916330892 0.03817752834579491 0.09201277102814087
5 0.2923178867957895 0.951910466675219 0.05582383334659036 0.0961790666495621
5 0.331437203463119 0.9579182111113216 0.0416292450071587 0.05297299692584012
5 0.34286844923613313 0.5136788586765426 0.030160488343408565 0.07438919423274282
5 0.3400830641808516 0.1064636591253921 0.06352270001193128 0.08825423936318472
5 0.1862007426101654 0.8125517843708818 0.054847955024657946 0.18194742461893698
5 0.2538308117341446 0.49851340700388935 0.06806529668602179 0.1429644652608837
5 0.21927613422976983 0.4660879928990227 0.02966050167090889 0.03142044423274282
5 0.17350269339789476 0.4765631511010589 0.06806529668602185 0.1429644652608838
5 0.15373212921704316 0.37196301558698847 0.15741042836965746 0.26847579795911225