5 0.41126408658354613 0.6245789436712136 0.32164965145781454 0.33265417733436986
5 0.5516379299457317 0.4733053382789555 0.13965301646193806 0.17581795381919707
5 0.4765111901236697 0.8679014718444302 0.1891422025927425 0.26419705631113954
5 0.647332248037237 0.1766096934594521 0.27547751352569083 0.28706902606130413
5 0.7427044914564532 0.8659385190077509 0.22321868006045364 0.23333010505696894
5 0.8486024030922058 0.9308310522461358 0.1343051126614434 0.13833789550772835
5 0.9353521974800822 0.5318481964656483 0.11122362265731978 0.33794659200867017
5 0.9062797073770308 0.42157277544366645 0.12417760639323738 0.24705976962538867
5 0.9313009365107214 0.435746923445834 0.12262229232618571 0.2606178880482988
2 0.5838703637180616 0.6766954665322067 0.14693314479389707 0.22498734855046632
5 0.7470059677686185 0.11296158481394265 0.10366521493129888 0.0781809670086702