5 0.5447549801491306 0.7432502057023969 0.6074918180964115 0.3147315810824107
5 0.4896062035230893 0.5133020732880231 0.5037814119936338 0.26379781007501846
5 0.8106269991757514 0.5010825581257379 0.18383634071643495 0.14372211958138292
5 0.6703481800778355 0.35514368150999487 0.659303639844329 0.35167514210883133
5 0.1481050428254046 0.2580628390681728 0.25190177273819403 0.23212671568391574
5 0.8526116625825231 0.2161799704354574 0.29477667483495384 0.14913381425790628
5 0.6557603902569442 0.14348992780280798 0.19045270664479141 0.13036857956235504
5 0.4368514663644094 0.15500477709035018 0.34985196571643495 0.15048673792703715
5 0.4040277224906249 0.06900925090219133 0.2963366949812498 0.11716756055071945
5 0.8600846201116301 0.9603248147568455 0.13837793202175908 0.079350370486309
5 0.13128036610561236 0.555140121672827 0.10727490351087954 0.04718668849787844