5 0.6958436495548954 0.2096338720532992 0.0680426623370205 0.09529562262517366
5 0.7367789874205697 0.27115812606627665 0.05107819196340291 0.1300427372243924
5 0.7019767735455409 0.9737984528152346 0.06742900771063765 0.052403094369530834
5 0.6419165640263891 0.6685265115623704 0.08123725040538954 0.06827008904800369
5 0.5760234040182985 0.07788640399231819 0.047761390015886196 0.051872277735416694
5 0.4644302110414218 0.37033073684314277 0.07776431006354412 0.20485246058107642
5 0.4777567309302194 0.7262540817328997 0.061491563513473624 0.1673794096692709
5 0.5200409177187284 0.5425929590124137 0.06242193080283576 0.1088311191582465
5 0.4563207690780188 0.49910060837621567 0.06756537540538943 0.06795187262517366
5 0.4781685587522072 0.9265403132108512 0.04382104809219811 0.049828233757465146
5 0.4612722722259657 0.8870686778100698 0.026515658481701454 0.06504409835668401
5 0.40834544897078795 0.8408966668632383 0.08215773234496337 0.12100446404800369
5 0.42760123884355195 0.6332525302750438 0.02230258116851025 0.047375054378732795
5 0.38643220018695623 0.6410869435065542 0.04902279119233932 0.1241379027354168
5 0.4110018942807135 0.4648291853852868 0.06984953429248042 0.19881124762517366
5 0.3315374239070962 0.42780909633728326 0.10794757507943031 0.25631560291571187
5 0.3348327440184461 0.686779996793186 0.06289921773446683 0.13617486915824673
5 0.3041793526829848 0.651872957469575 0.07968334313985626 0.20294479507005203
5 0.3567894632751829 0.6042495089274309 0.037995765015885974 0.0516449802905381
5 0.26365311790156554 0.5669112034565975 0.04234521002382907 0.07712652426848976
5 0.1868796915621327 0.5436311786420575 0.09525004464226872 0.08811955547083339
5 0.24114598519092778 0.6250048990778648 0.059855151176453236 0.0736294096692709
5 0.23000457995646095 0.7595659563774741 0.0923324604292185 0.14466926149288195
5 0.17407766741674585 0.8852689454306425 0.07200721083460793 0.21057545711414938
5 0.20940437703518544 0.8763215912322051 0.04302704849758754 0.11618902426848976
5 0.13724818841830494 0.7564300681511287 0.08448586850553064 0.14253429853697908
5 0.11925772879574618 0.163974030560981 0.05978696732907737 0.0697231596692709
5 0.18120015472978956 0.2533420889526911 0.09874719155801359 0.06477297444878483
5 0.05753962510340692 0.2856343911472223 0.05957253043716154 0.16928707518029518
5 0.4281103997617093 0.7719925945085073 0.05440487926070836 0.09693053120234385
5 0.834721089698165 0.9765252056407989 0.03234094155801359 0.04694958871840216
5 0.7582786972458233 0.8304792278898878 0.058038393871204796 0.08139645018029507
5 0.5477332543682343 0.8031086655805126 0.09511367694751716 0.08030705547083339
5 0.48797714742454124 0.2526667287218754 0.08904975040538954 0.06845192700390634