5 0.6318359375 0.18690901826047576 0.18359375 0.0805154968192126
5 0.4990234375 0.2571223563850126 0.09765625 0.061278189797453475
5 0.041015625 0.4632084727850695 0.08203125 0.14389555442986102
5 0.142578125 0.41135415539571785 0.171875 0.11855273904351815
5 0.2998046875 0.5245517385718177 0.1484375 0.10868972349212935
5 0.6376953125 0.3299510768726286 0.130859375 0.08566746182858775
5 0.78515625 0.34146397902847375 0.107421875 0.08557007127719884
5 0.4970703125 0.5434260451809616 0.13671875 0.06274259071643495
5 0.5859375 0.6411199237152789 0.18359375 0.17035924681921255
5 0.4091796875 0.7522873534986698 0.134765625 0.12116546442048604
5 0.4345703125 0.8438159616513319 0.171875 0.10097461404351815
5 0.54296875 0.7991760772261585 0.240234375 0.13820528440173563
5 0.0986328125 0.628089497054572 0.14453125 0.1435042209002313
2 0.49609375 0.3433161708289362 0.162109375 0.10207335756377289
2 0.34765625 0.45493558182106547 0.083984375 0.07766018072581005
2 0.419921875 0.5042772213709499 0.099609375 0.07512094109340262
2 0.24609375 0.33882114921041717 0.14453125 0.0653792209002313
2 0.69140625 0.3574785412340291 0.19140625 0.11830837700300889
2 0.3984375 0.38506311062638965 0.099609375 0.06340219109340262
2 0.548828125 0.39339001083831127 0.115234375 0.07062857646099507
2 0.6611328125 0.4138380613212397 0.126953125 0.056028834236689584
2 0.1591796875 0.09935483188015078 0.21875 0.09531002014629589
2 0.1943359375 0.05284460361684034 0.259765625 0.10568920723368068
2 0.111328125 0.21779911363090299 0.17578125 0.12084761663541632
2 0.3759765625 0.6516766255298039 0.08984375 0.09770405961365736
2 0.671875 0.5476638666935199 0.197265625 0.09538350589085609
2 0.6943359375 0.6482378517901055 0.1015625 0.061619942389351756
2 0.1572265625 0.6844866456760998 0.173828125 0.1323954903394673
2 0.1005859375 0.8017467457586229 0.103515625 0.10280644368530067
2 0.22265625 0.874074789761806 0.14453125 0.07123859590023107