5 0.9387086184157917 0.5803139014262264 0.12139056502624879 0.1968260131299795
5 0.5623202391987485 0.2200462918157523 0.25300128839113367 0.43299867692635063
5 0.9595532258513628 0.3109920071269686 0.08089354829727435 0.14892807073096914
5 0.8721185025461342 0.31458275575777284 0.12720448669238515 0.19309025352981446
5 0.9878728541732951 0.15877236762779334 0.024254291653409865 0.1804262917326186
5 0.7270297650282374 0.18692383305373164 0.13181526336727112 0.2537507887963712
5 0.6620594001133471 0.8159796729850306 0.12118602502386255 0.1792478881299795
5 0.8077817475930639 0.662274935422515 0.1406263683561353 0.172003689462763
5 0.4661198642385194 0.5159133786129482 0.14089908835931697 0.195441189462763
5 0.30455661342295043 0.6515180697416906 0.12911215835852152 0.18924083366309286
5 0.056031794239314835 0.533707081601402 0.10329109504295257 0.319304586797196
5 0.18140336335335133 0.14223256523839167 0.10410788669636228 0.22170516693047426
5 0.10850207585732845 0.17366057023632983 0.14455534502306713 0.17407047472931964
5 0.26421731500636336 0.0439482481361649 0.12609088001272672 0.0878964962723298
5 0.5521255442393148 0.5192722277487007 0.15152832670272565 0.26994409012915477