5 0.5329291120254936 0.41085885063194005 0.2966376802762778 0.3103780755307406
5 0.4546500611149662 0.6011516098474086 0.12397863680566079 0.16660486346646808
5 0.3876378466546935 0.19810380483852577 0.16551695745273887 0.2585981512886239
5 0.4685081225688655 0.8899693210081849 0.2533394047596417 0.22006135798363013
5 0.1419070599168193 0.29072650737754596 0.20434083552689886 0.21962970516686775
5 0.0337706213414172 0.23518971901846333 0.0675412426828344 0.18912943803692667
5 0.059064010175137356 0.6779778147612778 0.11812802035027471 0.33642437952255566
5 0.14401163142311113 0.7685214672373264 0.09904252975964167 0.24339919719560932
5 0.09126021199983683 0.7686874632516973 0.1498805945038893 0.2558261547373264
2 0.3541215894602727 0.41809456976397463 0.12622719847574837 0.21748847241038027
5 0.39763315660081416 0.9868537263960093 0.09596447282353904 0.026292547207981354