5 0.4115809701491023 0.05053392003506789 0.197343068746907 0.10106784007013578
5 0.7860442602325362 0.40015527067183265 0.4279114795349277 0.26140997840531677
5 0.6790097092660682 0.02363123072397486 0.15098816853213637 0.04726246144794972
5 0.6800678680458094 0.09457702518226108 0.19384625452255566 0.13310929595791854
5 0.8148002727831358 0.23487899927325373 0.2544954884664681 0.13894244100682973
5 0.18850417585289664 0.3249858305071055 0.179764943746907 0.12442066239848693
5 0.33440346491926287 0.17355905594776586 0.17307839212994114 0.14540438965024038
5 0.4979776310197644 0.5089610541366728 0.19456276712994114 0.14678117095791854
5 0.36857339297665176 0.6759880956995192 0.18994000452255577 0.13285897208379538
5 0.4971144306852364 0.9225097914128819 0.31761794719560954 0.1176821599298643
5 0.8844252226065928 0.778149036094959 0.22376558825169734 0.10972126195090492
5 0.856962503531344 0.8524172520879455 0.17328311001776564 0.14931063965024038
5 0.9673362830724577 0.6911244235880374 0.06532743385508466 0.1276021707272057
5 0.4905441499876281 0.42321129704226534 0.2710417189616776 0.15752186150332292