5 0.7437121856092384 0.5735417183779797 0.23352695608797092 0.3849302441275053
5 0.6992286271075362 0.9455347709236703 0.1652640031020931 0.10893045815265934
5 0.4906673641180859 0.8617008075178559 0.16283240781334063 0.265924179862598
5 0.6176401110405809 0.5992298799148044 0.08510375063025388 0.18569646493129888
5 0.5230420671285516 0.21680016165154664 0.07662175620418621 0.25951740399835055
5 0.3386493941690484 0.23687716919002078 0.08082883695244192 0.1524365097980207
5 0.33451865853968776 0.5058580826896084 0.06678829827463018 0.11889240399835055
2 0.12569808351063383 0.46944699079554647 0.13369978775701918 0.15592404839653617
2 0.27828061368227763 0.400495478358062 0.11750080539960917 0.258757711797196
2 0.4180857038820822 0.2763734097877115 0.07643073206687123 0.20103731426490723
2 0.48804383474655344 0.5073895606519591 0.15654992080279095 0.17608042986259798
2 0.4351804861858503 0.7455960156863095 0.11595740781334063 0.2645602566639176
2 0.3582636815863526 0.5721118071221445 0.1015348208608986 0.11405597139736079
5 0.25274048325361465 0.6257972651916702 0.06155735396477802 0.07196057386507215
2 0.030198457299302286 0.21288017476573198 0.06039691459860457 0.25388534953146397
2 0.913128366154117 0.4737664319400829 0.14519892453513794 0.487614317596866