5 0.5638782326971251 0.3421127852564605 0.3094122948819982 0.3129194714801594
5 0.49732111235026477 0.5415401177273155 0.13215639017075076 0.16737906068763442
5 0.4068230724119452 0.14588545953383647 0.17750137718130043 0.26018278994170996
5 0.5284608507665917 0.8464641854137966 0.2626194223538374 0.2549759943006764
5 0.16678641384766937 0.2651932658158646 0.21551233448060275 0.2203220181584894
5 0.05079417962408582 0.22096883117133198 0.08328720143483104 0.19087483765733604
5 0.10418953686081456 0.6616496556002385 0.13817911016896434 0.33685693879952305
5 0.19634123596907574 0.7440048887412722 0.11027567235383745 0.24343207520978138
5 0.1437434367736529 0.7499539857342743 0.16173980137672328 0.2570456732400799
2 0.38619161373145383 0.37030312784385633 0.135707361089757 0.21816031068763442
5 0.4637957147885844 0.9465927100524846 0.09898094430985194 0.05412694917248517