5 0.7317661109633946 0.5612559232276754 0.26446774660567707 0.3952825983648849
5 0.6555755560251925 0.9328837499005728 0.17362843182259025 0.11909654002227166
5 0.456117335384743 0.8425193390953443 0.18427045038900047 0.27337068835533973
5 0.6041155103944413 0.5832296057447768 0.0992898659161443 0.18847724667806776
5 0.5409565229089888 0.19761309909096939 0.09753578940378471 0.26260509001034044
5 0.3563264636282082 0.21244471828255918 0.09267326856641045 0.155228668344204
5 0.3304185704362509 0.48202142161642275 0.07629104621667648 0.12186645667568141
2 0.12510113596824377 0.439531299978126 0.14588594015753986 0.16170166335136282
2 0.2826264323721468 0.37428205745744514 0.1385514144037847 0.2630823500159083
2 0.4319205177932585 0.254493038271821 0.09275282349248959 0.20401134001034038
2 0.4831011541480782 0.488049878262276 0.17107719432501467 0.1834587583545445
2 0.4111551994043763 0.7240150607694348 0.13707658599491412 0.2689189983489766
2 0.34835565963826154 0.5491315141132411 0.11112843182259013 0.11836928668045399
5 0.23890110471218232 0.5991868791275586 0.06660529848764046 0.07492327667488596
2 0.04622736713917801 0.17905115332590943 0.09245473427835602 0.25683662167806764
2 0.8985188278229452 0.4666302623727331 0.16501748145783557 0.49168888168363556