5 0.5304287906126453 0.5241372374284123 0.21532099385168002 0.08453118336249865
5 0.2036723748479538 0.5953267666394899 0.21004112924300555 0.18407237836170331
2 0.36775694964459393 0.4293438632837523 0.3345979742378742 0.10935501004533887
2 0.576859984506455 0.2794398090885831 0.16490335821486468 0.14644029002227166
2 0.7540559216382205 0.5205584715647207 0.07061929961893698 0.05355253500954493
2 0.6858385834988395 0.5457679674073338 0.07259515051663623 0.05748151167647686
5 0.7710090844514967 0.41293205656233434 0.20399994706141333 0.15275419836090776
2 0.2538500863568113 0.15526002163233113 0.27996728898212186 0.11848428837124825
2 0.49298290641946657 0.1309916299331849 0.16691329795911225 0.15622864168920353
2 0.6372086590026473 0.41253570824716307 0.15082241705628174 0.07596870335374906
2 0.4866709667686624 0.556875149934378 0.28416897565220944 0.16931099170511188