5 0.11353811119911277 0.6580108647106782 0.12950371780780598 0.1331970205786437
5 0.25992263961040785 0.7091835912770444 0.0958622348521585 0.10226240247604856
5 0.21555909964494363 0.622261223711376 0.10152223901963331 0.12395149536387295
5 0.12398204831253684 0.44954658949590753 0.08199098901963331 0.122927905924751
5 0.17540086592826715 0.502754037342015 0.06716315000484918 0.13187465937345344
5 0.2210801244504434 0.4856489851881224 0.10247883220189236 0.13567024536387295
5 0.29274795929775266 0.45050934531945924 0.07266372197528082 0.15161062726127794
5 0.08868714129544643 0.19738459407524897 0.11116837045807212 0.09917502402734607
5 0.10867720208616201 0.07350638992544886 0.08844815417232402 0.14701277985089772
5 0.16200936723885273 0.09841013540289309 0.06692416288172676 0.08129812726127789
5 0.29035728220431695 0.18093106838033732 0.11112843182259013 0.12251016508343388
5 0.23883829565499695 0.2826858286696591 0.06720308864033114 0.10853951831736564
5 0.2985089382610289 0.07654539235708371 0.10467126666989945 0.09105544719560948
5 0.17669790454677703 0.031573686963073354 0.07995830909355406 0.06314737392614671
5 0.17215118582708433 0.8353952884726539 0.07525489810833824 0.06423179698083903
5 0.31445038506847994 0.8004769766231519 0.08302745947285628 0.08797637381257539
5 0.3328261545710229 0.665152529964469 0.09311194886694263 0.09239441853213637
5 0.3127172449085155 0.5749975505998983 0.10120337462554696 0.12004524536387295
5 0.35891506100218795 0.44409945372644477 0.08242934697528082 0.1521224219808388
5 0.40652876458616205 0.062155603022254154 0.07756650379302177 0.12431120604450831
5 0.3870369697043169 0.17586430065668393 0.04611745530538136 0.06464953782215599
5 0.3468181833446481 0.2838920242544887 0.08529912652205796 0.1872786719808388
5 0.41880343203406245 0.6851651578762449 0.0858573003841514 0.1464677648686632
5 0.36256122635422805 0.7410726601375228 0.0704716098521585 0.10093173620519025
5 0.4123456221916023 0.8463449973153667 0.0654892731083383 0.06372000226127783
5 0.4384353344849792 0.3850105191382206 0.10546810531023065 0.19611476141996076
5 0.4234488691353636 0.1533604887503962 0.09490564166989945 0.09054365247604856
5 0.46888930170685983 0.05036631261357131 0.08621610341371966 0.10073262522714262
5 0.5127547369358959 0.08198982997065503 0.05791576023146061 0.11388709859780474
5 0.4400093647927852 0.5124242593858255 0.04300836629059723 0.07421044493433149
5 0.5051192208640447 0.7934266670917134 0.0965399022758131 0.08673976141996076
5 0.4775169979405084 0.6114748127271425 0.03910211629059723 0.0740057270465071
5 0.6261939685809579 0.5105126597141675 0.08211048258119447 0.1482161719808388
5 0.5172576488814901 0.4495314337415135 0.07872246780780601 0.1305356880369266
5 0.5976952216008278 0.233475986545904 0.07720770076345351 0.15962784514910222
5 0.610210810241159 0.3387400186580796 0.05432837462554696 0.11758863070998038
5 0.6410820378938498 0.36850581397135285 0.06644586629059734 0.07543875226127783
5 0.7106167015366054 0.5355104590698555 0.08294758220189236 0.134646655924751
5 0.6949106960585449 0.919803011223748 0.09374967765511544 0.10020691853213637
5 0.6448668602629802 0.919483476793509 0.04149359924624485 0.1033026020465071
5 0.7641686903568893 0.3865736219487971 0.0780448003841514 0.14605832909301442
5 0.7017285983101123 0.3545393197381189 0.07063104204920156 0.10288486120519003
5 0.7915918341105261 0.48222972000967523 0.06349620947285617 0.08695278437345344
5 0.7844576462239503 0.27468667529011426 0.07401905682259002 0.12056534514910222
5 0.7788974886451803 0.19455737081815816 0.0665653598521585 0.10072701831736569
5 0.772119525029095 0.7362812033598751 0.08203092765511522 0.0995927648686632
5 0.942719712142519 0.5194234947443048 0.07553382386694274 0.09147318803692661
5 0.9036372428247781 0.5332406030945047 0.02610790871425195 0.057766573383033926
2 0.8560836083664694 0.8397622590192557 0.07653035568468347 0.07985679698083903
2 0.8100056081792428 0.9000407790609728 0.04073637689651077 0.07020183599041951
5 0.4764798827975161 0.8390609021662645 0.051299162881726756 0.08047925570998027