7 0.19993667840402132 0.4136160998146655 0.39987335680804265 0.28816969962933103
7 0.48834148029810764 0.14828565743191707 0.2655045394037847 0.2702443284891962
7 0.33370689979337687 0.47096669180357825 0.1572858257634535 0.16129714246560412
7 0.5474354302762864 0.7320809346532067 0.3314721091032524 0.338764921954517
7 0.7785412643746896 0.5403646937236993 0.3861596091032524 0.3406746515360968
7 0.18515119561135449 0.8677455416280553 0.3577797109949142 0.26450891674388943
7 0.16912551987699592 0.6134362868611409 0.33825103975399184 0.2292783219081833
7 0.2570175954289771 0.6906002404661711 0.1063055272758131 0.08550968602359221
7 0.39120523842158506 0.6903894449782507 0.1160711522758131 0.08585070916315996
7 0.5497067749806034 0.5362910022578116 0.19180434697528082 0.1547123257680485
7 0.830158969305618 0.3639262066540571 0.2852750988717918 0.22614090902415906
7 0.543807300172679 0.46459271199033025 0.0765702943201656 0.055257946232802
7 0.5094079501775282 0.33411775554831813 0.07294297007877004 0.0823970823490614