7 0.21080244681592353 0.32101546074099985 0.21230105386194265 0.24297004448624282
7 0.38374491290671975 0.34368362219500437 0.36472564670600716 0.598707367869953
7 0.737492827257076 0.640354634456607 0.525014345485848 0.44140948621560705
2 0.806136275978314 0.2818119405401116 0.183208711941234 0.276932538307598
2 0.89676472054999 0.5881673759486676 0.17364762002052547 0.31169086958138315
2 0.9605354175179598 0.6484506189143078 0.07892916496408042 0.15568626730020552
2 0.7066582259911425 0.4681430651600976 0.20255815475964178 0.24647837576002796
7 0.24885932584274084 0.14975557314585963 0.34911070745273887 0.2641659066532521
7 0.2105480826689271 0.6129280644957569 0.2851461892532683 0.3455240180602335
7 0.25915025089405447 0.9031180298953458 0.3370851578338018 0.19376394020930832
7 0.47205661811521094 0.5874594738583174 0.08082807962406857 0.13216918355496254
7 0.6595489833376095 0.09033607651950892 0.27222296667521895 0.13801526558877553