7 0.7656464236955812 0.3857055411988274 0.4527967766854817 0.310845885857326
7 0.4025135431316839 0.16687477864518535 0.24966041373663217 0.29468887718130043
7 0.6117806896508041 0.46873434053951957 0.14739341090796176 0.1664931853432876
7 0.44886957565585395 0.7631308991619032 0.3124785763044189 0.3537468029277697
7 0.18625007562655257 0.6097909647394082 0.37250015125310515 0.3602069294788164
7 0.8272929003297493 0.8503663242781188 0.3378010236113216 0.2992673514437625
7 0.8143261792594785 0.5825475992155451 0.3606703761688457 0.24778619804219915
7 0.723902918868153 0.6758744872049953 0.10205110680052942 0.09108631683801294
7 0.5928674181609853 0.6969973457983251 0.11181673180052942 0.0917691958608986
7 0.41288513259195664 0.567176583874937 0.18251557206141322 0.16309217482567662
7 0.12210943171991442 0.44122146318836164 0.24421886343982885 0.23791167637672328
7 0.4054873802249642 0.49534121815662824 0.0725837875677866 0.05974080476935528
7 0.416042730170006 0.3602819096795141 0.06883661885167991 0.08681140316020097