7 0.13098015794110004 0.8590084386306389 0.2619603158822001 0.28198312273872217
7 0.6985030780101718 0.5740526486866322 0.12543803561076272 0.1310391776908193
7 0.7433854978920167 0.6970358866161734 0.15513332993092854 0.1851042189616776
7 0.08824958920201066 0.30764760430778515 0.17649917840402132 0.3457639586155703
7 0.3195158225321112 0.17072133296507228 0.2997837511476049 0.3132607360916188
7 0.5462586910815496 0.4807494572577887 0.2647469947091661 0.33670654115728715
7 0.6891159030125962 0.5088318316072907 0.10622565000484929 0.13392183825169734
7 0.12346687536233011 0.44584225392884347 0.12615531932501473 0.1874750848029949
7 0.2458164359658192 0.5209061397550919 0.14345451856641034 0.16115492424211664
7 0.3096315098327618 0.4359839241285454 0.1184226965959787 0.1403953669151704
7 0.27963667574648143 0.3108386907783455 0.07800486174866939 0.16939347014910222
7 0.6977648579435246 0.33079037977555414 0.18415095682743932 0.25469190128862396
7 0.45766978465038444 0.2564208948145743 0.12958359507877004 0.08652673846646797
7 0.43477016684985226 0.18853044012784756 0.1422985545516262 0.1708181902982045
2 0.5649521967710822 0.27577369120170087 0.05054194053199268 0.047378489653892575
7 0.4761648865420462 0.3181960771415206 0.10096438750242454 0.06946871325169734
7 0.878348720827676 0.19706630342395856 0.19594926175351857 0.3039294620642727
7 0.7075696157167948 0.11456063149990539 0.08262871780780601 0.130740405924751
7 0.7955426967468364 0.9351469880689685 0.06640592765511544 0.09877389331736586
7 0.59253735148084 0.9324227982947626 0.1690045757634535 0.1351544034104748
7 0.46061879677835604 0.07611924115110118 0.09438740644328791 0.10801941853213634