7 0.34432287995901684 0.7970366834913404 0.24215547870040843 0.2157471608601238
7 0.3548268765479313 0.6247250072574847 0.5984055365988179 0.3684978797169487
7 0.6265385274491134 0.2815449519160415 0.43667080489822685 0.5393349081217321
2 0.26277565524102636 0.19781760482618566 0.2758562365582913 0.18552010325913415
2 0.5635970042385277 0.1236752931176085 0.31260173852276196 0.17878737579142284
2 0.6190978334365287 0.05897394711595904 0.15616441687305738 0.08646400039571141
2 0.4561190195912306 0.3077939001875466 0.2475600124059969 0.20615202625995888
7 0.17044657826360574 0.7490668817628454 0.26219513182217097 0.35286372179307235
7 0.6366334563651049 0.8123687259164538 0.34503971102017195 0.2889579976573198
7 0.9130138172029071 0.7771468388746808 0.17397236559418583 0.33983787872767013
7 0.5921716630454327 0.5487357162173611 0.13254498035529294 0.08187578879637125
7 0.07991772900999469 0.3339066443981856 0.1414598697257604 0.27328203879637125