7 0.20669171835215822 0.1518138783914734 0.27275843670431643 0.29461609731450794
7 0.748675279230963 0.5212569295519583 0.11866473335056726 0.134462841223699
7 0.8058940658815887 0.40684772516380785 0.1466448300246581 0.19090260834256223
7 0.10070504425920028 0.6875858170104284 0.18950131504613424 0.35173413402085685
7 0.33009633011414247 0.8494761586205706 0.28677121170829356 0.30104768275885885
7 0.5884628967417012 0.5900326322443721 0.2518649550445433 0.34402056600682984
7 0.7328123334062466 0.5836696155869343 0.10110933501749919 0.13528950879014423
7 0.1636354825747693 0.560856785933463 0.11932380669158976 0.19110346622369923
7 0.2927796783994856 0.5057034922480628 0.1385368833545445 0.16501133559431547
7 0.34752467924488273 0.5980126330172582 0.11294171835215816 0.14580610541251415
7 0.3049997834281206 0.717266801933371 0.07029114168920358 0.17039629279715784
7 0.722185147597041 0.7605904379960335 0.1747612867003394 0.25906112546142523
7 0.47670501760419975 0.7975544089262655 0.12597724667806764 0.09199473897194577
7 0.44621636094641526 0.8609815054332791 0.1347669933561353 0.1764797617201923
2 0.5849784584360749 0.7937587089331872 0.04935083833943166 0.04805092342654138
7 0.5013911159293137 0.7386346391080669 0.09845168334261323 0.07461747185308276
7 0.8888832567830629 0.8827045862864535 0.18300559337204358 0.23459082742709292
7 0.7100366434595397 0.9538008453476845 0.07767183501749919 0.092398309304631
7 0.8832677175167039 0.17955748958333562 0.06166048167965865 0.09958314504891119
7 0.6817549425127267 0.13736893506598552 0.16201983668840825 0.17041952883905542
7 0.4612177459619259 0.9602824664544117 0.08911786501431762 0.07943506709117654