7 0.7805210151504339 0.17000127263544468 0.34911421969913214 0.2545060916055817
7 0.5837431968345046 0.7656298724074795 0.1296806943385418 0.12606492729751606
7 0.7141707066892355 0.7933351388141496 0.18500462718420163 0.15723279982567684
7 0.19004083230477417 0.1560991296531397 0.3454807266329863 0.2659516899964274
7 0.1333092883268228 0.44413061882040183 0.2666185766536456 0.30232373764080367
7 0.4617662528513884 0.6270062084145406 0.3338983550999135 0.27099161016896445
7 0.5182453201010411 0.7639842704541442 0.13122468393776043 0.10862337810209333
7 0.3412935545693575 0.21362704241015887 0.1863213193385418 0.13002562563025383
7 0.4394474094091577 0.32515288384588303 0.15943216422829876 0.1476448143661735
7 0.36926965485012986 0.39849773068568217 0.14126306587161475 0.12102500712497899
7 0.2404543238280813 0.385577477583589 0.16760670711414938 0.07996831838905938
7 0.3443709190990879 0.7958426242490648 0.25204731002986125 0.18922012718130032
7 0.22250925686436585 0.5682151969515488 0.08689378229444455 0.13087275959681843
7 0.15144749180924433 0.5534645550844821 0.17105999525034732 0.14455801919363642
2 0.26413613542660536 0.6708975275545351 0.04605836222439241 0.05196936850527489
7 0.2878025658974388 0.5786498614048841 0.07063234944878483 0.10243640316020075
7 0.24957290131371448 0.9457083878441808 0.29960256933854174 0.10858322431163847
7 0.13320530514123194 0.8329185377570192 0.13067917007005214 0.0851858781020931
7 0.9464789329667962 0.8144704720588327 0.07367486915824673 0.06560017976935528
7 0.9179354055868051 0.611953370881021 0.14239955309600716 0.16985313212497877
7 0.04978801529340255 0.5949175866373151 0.0995760305868051 0.09540229425174429