7 0.8131965085342991 0.3351377548631254 0.2279568064481372 0.23971977018675195
7 0.6418595519062092 0.34765633279277447 0.39712016971886444 0.5942398783965289
7 0.3138133009700767 0.6234654372683319 0.5609839435761087 0.43052462453666385
2 0.211155873115612 0.2605562012215731 0.19957658599491418 0.2737847461401348
2 0.1530194833543464 0.5623450045352463 0.19268074054169126 0.30859997300056685
2 0.09139619926564145 0.618619797186185 0.09446696136936719 0.15520834437236997
2 0.33103326763027785 0.452681711314949 0.21851004584222355 0.2432849970471841
7 0.7561977251945002 0.16176225304902686 0.3657915818274393 0.2581659691407019
7 0.8438675594922529 0.6273686585608229 0.30640034849733877 0.3417845117916405
7 0.824474805336901 0.9105872168730786 0.35024645909840335 0.17882556625384272
7 0.5785416157410406 0.5859685736064477 0.08864752500484929 0.13163443511654283
7 0.3372925125024246 0.07604791174530687 0.2800537750048492 0.13831848865207264