7 0.6484375 0.7995800175116305 0.251953125 0.4008399649767389
7 0.8671875 0.49442247694047825 0.265625 0.25254973392771407
7 0.56640625 0.6620603241840962 0.1484375 0.14991979616548723
7 0.2724609375 0.45716929279717733 0.314453125 0.31484345799530855
7 0.423828125 0.21277983740672024 0.3125 0.38500795903260476
7 0.1630859375 0.8258344758857656 0.3046875 0.3473065881817896
7 0.4521484375 0.8331441253933403 0.201171875 0.3337117492133195
7 0.359375 0.7459818091374955 0.078125 0.10162308350815108
7 0.3388671875 0.6116153200291059 0.078125 0.11138870850815108
7 0.4677734375 0.4485316890675553 0.140625 0.1844840503146722
7 0.5947265625 0.168112559143301 0.205078125 0.2616336410838969
7 0.5400390625 0.4520545256875952 0.048828125 0.07401247406759448
7 0.673828125 0.48074714213280406 0.078125 0.07037308350815119