8 0.6449961949978738 0.6609484729083128 0.12246406555883849 0.2123983772740572
8 0.7340835124866447 0.5467415296696939 0.12516744146588765 0.2339737205329393
8 0.7217137070211823 0.6488712350047234 0.0489893434653208 0.06273011321317568
8 0.6830449186836334 0.7478197438448416 0.10088667672143137 0.15289494468523368
8 0.6789402364040725 0.8933730404742828 0.08176465448891279 0.1637040120964106
8 0.5279916111724045 0.6222417682459325 0.06793156102359199 0.10261132754311664
8 0.6215741697065167 0.8554877427078131 0.06166295825611057 0.09061967276646965
8 0.9388825959744234 0.7323473516289846 0.06179936751193793 0.09452592276646965
8 0.9605498871489542 0.700099393347249 0.037022584163159955 0.11092146040099937
8 0.9050749224276646 0.8041340469868674 0.08364957486099911 0.16184185535529272
8 0.9021545694285151 0.5516351124335735 0.05802952676776485 0.09825023624870499
8 0.70902777041842 0.08779994623316512 0.038609876814098554 0.044697146918764113
8 0.6900545620464753 0.04289946701490074 0.04567212590704939 0.023576644954293402
8 0.7949744807301089 0.7637926062305751 0.06295884618646852 0.12772904776646965
8 0.86963033781098 0.9227957423447504 0.06227679990733259 0.10819779776646965
8 0.8421656946601832 0.8129418127026332 0.05262277495366652 0.055099549730940334
8 0.7940878619636196 0.4810657183067224 0.05634922027941913 0.10597176798982266
8 0.7250649854970233 0.9170406536874585 0.03720238883740712 0.06023117865988192
8 0.6919642088352809 0.6044469928626063 0.07220364337265339 0.16910854580199897
8 0.664955300370669 0.45353195409104796 0.028980661069925695 0.048148555624352496
8 0.6418929258241935 0.4416981474844601 0.031138399953666296 0.054098898883234825
8 0.5614861408929852 0.7274857901646965 0.05292040267481424 0.119461706472058
8 0.6083611408929852 0.7296690283778723 0.0549417323027277 0.12150579973094033
8 0.5870193567529922 0.8646379856773725 0.049534980488629365 0.07835511321317568
8 0.5358443950905409 0.7615049369286675 0.028980661069925695 0.04814855562435261
8 0.5164278566371581 0.7292997702104032 0.034840036069925695 0.04842146040099937
8 0.517302153591675 0.4241574289159915 0.057211071232802 0.07481273624870499
8 0.5298889775456248 0.2878025519515208 0.051624514744456285 0.082352331472058
8 0.4579457894762662 0.16316103985511027 0.05330482123280211 0.07463079973094033
8 0.44728109970864305 0.2164626201901398 0.06711310548862914 0.07917382754311664
8 0.4890748549290821 0.3641536709033155 0.04885293420949344 0.058823863213175676
8 0.4513981451965635 0.3506610398551102 0.05107887772114772 0.066727331472058
8 0.49402583066060834 0.6705454794743742 0.03315972958157998 0.056142992142117265
8 0.4010756999866447 0.531231441530258 0.05891618693064138 0.12364086124870499
8 0.3110552982090683 0.08393634305061264 0.03956474160488854 0.07204089691876411
8 0.3634455385692169 0.1802789384287588 0.049739594372369966 0.08421448821317573
8 0.34611542287137764 0.22837931735770023 0.040904024953666296 0.05455374017764647
8 0.3831906955574209 0.23108427677646434 0.04312996846532058 0.062457208436528744
8 0.45543151134792736 0.29118169561399254 0.0413814573490614 0.06822561517764636
8 0.3314297715571374 0.3127944453044063 0.06463915267481424 0.12000751602535198
8 0.3772817021384338 0.34427455851758204 0.036929570325752836 0.05241867865988181
8 0.2783513033136733 0.09610724177905433 0.04144966197697486 0.07017874017764641
8 0.5639290614967397 0.9825651311762602 0.05269097958157998 0.03486973764747958
8 0.48638380083400506 0.9604533299719668 0.07776539065150556 0.0790933400560665
8 0.41132489758983226 0.9548641671826438 0.07217883416315996 0.09027166563471245
8 0.37059449570623326 0.9242830386674235 0.05819074523308554 0.1514339226651531
8 0.28444935311498354 0.3976617219795541 0.03915551383740712 0.06032214691876414
8 0.31002289428951424 0.3655957002155831 0.054464299907332814 0.10783392473094033
8 0.09832892038189794 0.5454971580329393 0.05176092400028348 0.086258581472058
8 0.13386963033627308 0.28402991702785063 0.07797000453524633 0.11087866883752828
8 0.13120964984764388 0.36020179202785063 0.052554570325752836 0.053146424730940334
8 0.17395208825469316 0.3406732345938206 0.03504464995366641 0.05428083540099937
8 0.044918722103329256 0.39433061026646965 0.05593999251193779 0.09425301798982266
8 0.03755112863310283 0.43191622234261684 0.07510225726620566 0.13068282361417527
8 0.45784032963772514 0.5583290676672865 0.04826390176776485 0.09779539495429335
8 0.39306169760318754 0.4526061161064052 0.060435274953666296 0.05546342276646965
8 0.5286550712426137 0.49120045672816776 0.028912456442012235 0.046195430624352496
8 0.9175656624403111 0.5024672027457497 0.047650060116542825 0.08021726995429335
8 0.9228019026846257 0.4645632017635144 0.05621281102359199 0.10206551798982266
8 0.8190041660685081 0.4117993532838691 0.043880219372369744 0.08394158343652869
8 0.8203929850434986 0.9322402858726923 0.049534980488629365 0.07835511321317568
8 0.7741566359042142 0.8557473294006342 0.036929570325752836 0.0524186786598817
8 0.6907581818456594 0.9727808029604944 0.05471230920949344 0.05443839407901119
8 0.7136438632181711 0.8519507508752823 0.036656751814098554 0.0446061786598817