8 0.4267009218293398 0.5538917895667653 0.196634091232205 0.24023373031023065
8 0.25044071416914004 0.6725734426036074 0.21298644305581615 0.2727591878865758
8 0.43677986417430487 0.79089758199042 0.07903745583142374 0.2130896734876404
8 0.7712992709921873 0.11248666777386183 0.11351181349678852 0.18666257803441746
8 0.4790886350711798 0.8576228575569487 0.1180090368534723 0.2123720674285039
8 0.7801467245699214 0.6117891922049086 0.2268385229857639 0.19786277046292122
8 0.940052947380555 0.6094579395473687 0.09134554616215285 0.15561194886694274
8 0.9385212054759982 0.003289941081549508 0.07998883904800369 0.006579882163099016
8 0.4961367599500433 0.10600759923412188 0.12100773009991339 0.21201519846824377
8 0.29174052728467875 0.079968938442194 0.08407856002986125 0.159937876884388
8 0.46096989528133625 0.6310204189214668 0.07199613411805572 0.16183012689651077
8 0.5507186437384975 0.837155144864873 0.04283400455902786 0.08147307613790655
8 0.36242473570737777 0.8028153804780604 0.10183852298576401 0.1876591098521585
8 0.12769014236045953 0.6280098871158486 0.09833977536059035 0.12109342765511544
8 0.08215374774631018 0.69995648654932 0.09461699634244808 0.2124120060639858
8 0.03050958396874941 0.699298627270964 0.047741996342448086 0.20858563333494962
8 0.5907204118792965 0.41671519581070393 0.09388801149288195 0.09733706326102887
8 0.6116072814187927 0.7756518378550563 0.052417791603124986 0.07445773712312231
8 0.9689042091335501 0.1655605211754586 0.04251905418810775 0.2354510867438202
8 0.8926901406964843 0.020967670911590894 0.04260670711414938 0.04193534182318179