8 0.4358488957571058 0.5486514123124534 0.11003407334102233 0.059823112463587735
8 0.315356718252731 0.584373028009072 0.08257669000636336 0.04926186559769086
8 0.6159113857614806 0.5111964775508451 0.07864771333943166 0.047195080331134065
8 0.5431237316001167 0.47426510754878326 0.05316618167170439 0.03864378859851547
8 0.5113964715945488 0.5161900146812368 0.051190330004772466 0.036633833465236965
8 0.4432977690861969 0.5796740917793399 0.06683805667170428 0.03904159953146413
8 0.5608488957571058 0.5450142837826389 0.04135652500397713 0.03049030779884543
8 0.2902729032563104 0.5587446322416906 0.07864771333943144 0.047195080331134065
8 0.39216493992682155 0.5274691528112163 0.1021761200071587 0.05568954193047437
8 0.32008112826227597 0.5139468677425153 0.0847570816756813 0.06884994573096903
8 0.15968556408142437 0.6230707111047009 0.100200268340227 0.05367958679719598
8 0.5683539015754587 0.6551101106828863 0.09041191667329507 0.051442311130804
8 0.7320334691279563 0.2637597048207007 0.0963167450071587 0.055519051530639185
8 0.7714595957988652 0.23137310215513368 0.0766491350055678 0.04323200019785567
8 0.11105061575034472 0.6078899019366597 0.06293180667170434 0.03892793926490734