8 0.5937524030739225 0.7219167405538142 0.10702598066487923 0.2091434848521585
8 0.7121947554825092 0.6413997740808395 0.10616447477146718 0.23242155265511544
8 0.6706279357972755 0.7340736873370193 0.04374467276646965 0.06194182613790655
8 0.605010926647571 0.8169421981301594 0.08867193289840936 0.1492742772758131
8 0.559444196137485 0.9359146150675635 0.06791530396946799 0.12817076986487308
8 0.4922621681170391 0.6489339930120046 0.05914494468523379 0.10016722651720888
8 0.5159109333684254 0.8988740850587816 0.054783853390822035 0.09008273712312231
8 0.8559393124521599 0.8805574176472499 0.05496578990858669 0.09398898712312231
8 0.9040369988151314 0.9423198422703722 0.05955160928423431 0.06712353371425195
8 0.8998632291704243 0.8635571134821995 0.059599785979645326 0.10993285151720888
8 0.8022925622973669 0.9290782746364576 0.07163961745170333 0.1418434507270847
8 0.8713262662870982 0.697521680336901 0.05124147642635135 0.09757637272903597
8 0.8191004391548844 0.198219478250739 0.03697561517764658 0.04193227954677703
8 0.8192181883274422 0.13255064245517423 0.04151864298982266 0.05592301894086338
8 0.7086148273404834 0.8655905992704906 0.05260600030958629 0.1268732477290362
8 0.7354715700004566 0.9927641926278532 0.05237588709641061 0.014471614744293593
8 0.7400654670740138 0.926974412718746 0.049149206472058005 0.05265449772903619
8 0.7887786802134497 0.5966769475684799 0.04760813120299834 0.10311688333494962
8 0.5969602357364856 0.9801388533261679 0.03193495450758732 0.039722293347664195
8 0.6543929388987747 0.6827543939651093 0.058422583746114976 0.16820773712312231
8 0.6722306505915958 0.5312875210488466 0.025529769954293347 0.046835061364518094
8 0.6525415524215368 0.5120353579798933 0.025893642989822663 0.054647561364518094
8 0.49400388311962906 0.7588670057016557 0.04247650227405697 0.1182635867438202
8 0.538334464436894 0.7752292587336487 0.0445205955329393 0.12037614394086349
8 0.47875607423898425 0.8968214358149613 0.04242832557864595 0.07545426894086349
8 0.45952720249527657 0.7835004083519218 0.025529769954293347 0.046835061364518094
8 0.44949136528459954 0.7464110026696628 0.031389144954293347 0.047313357955647506
8 0.5384228848758301 0.4576272672558248 0.052012014060881295 0.07234517992607925
8 0.5903707115915044 0.3314911113863393 0.04456338709641061 0.07951995113790655
8 0.556699427213267 0.1915040013469543 0.048196732319763624 0.0739794405319929
8 0.5300111582412089 0.23833922388391468 0.061868607319763624 0.07509546591129507
8 0.5287750090483879 0.3911612704750442 0.04356273624870499 0.05803557613790655
8 0.49657253489609343 0.3669665481253103 0.04783285928423431 0.0661669405319929
8 0.44556641206883385 0.6833529899800117 0.027846767989822663 0.05480699356156116
8 0.3961577636499784 0.5234560187657598 0.04851781379182163 0.12264813333494962
8 0.4378156963401182 0.07102849433471307 0.034433889060881295 0.07091029015269071
8 0.46024716036047286 0.17872929509331742 0.04270123035529294 0.08131364394086338
8 0.4299710302945029 0.2184097157361915 0.037430456472058005 0.05169790454677703
8 0.46462695487065014 0.23202168278296853 0.03779432950758732 0.05951040454677703
8 0.5177198177742396 0.3128170914972204 0.03620507754311664 0.06716347234973385
8 0.3921071283097689 0.294721214787936 0.05419525227405697 0.11922017992607925
8 0.42637509150268127 0.3377097729332347 0.033524206472058005 0.05137904015269079
8 0.40345407232235353 0.0721446808864576 0.036296045801998966 0.06911659734973388
8 0.42042715131772146 0.9926650713151389 0.049240174730940334 0.01466985736972215
8 0.34970798671872094 0.9590834157264931 0.06936541097964533 0.08183316854701372
8 0.2783520443075441 0.9416449147782378 0.062462593568468616 0.1167101704435245
8 0.2536008896856903 0.8902054831549969 0.04438683571058577 0.1592792117438202
8 0.3214039743605641 0.36050986648994665 0.03388807950758732 0.05919154015269079
8 0.3567662492260343 0.33790930493820215 0.043883817720762996 0.10670426894086338
8 0.10094428065756574 0.4425019837166765 0.044836291873057516 0.08537932613790655
8 0.2100170471472971 0.20535640606883496 0.06918347446188072 0.10682376250242459
8 0.18512136243921004 0.27684483940136007 0.04905823821317573 0.050701372729035965
8 0.2324057196041805 0.27188214963039614 0.02970892473094039 0.05301330075860433
8 0.09268770962703379 0.28302340114033114 0.049015446649704475 0.0915575655319929
8 0.07063343672603432 0.31455248807137787 0.07399940705070396 0.12667387689651088
8 0.442189960972332 0.5664246075933175 0.03952272642635135 0.09661977954677692
8 0.41156072813471245 0.4453110494480188 0.056870738213175676 0.051339101517208774
8 0.53040166744439 0.5246114992632169 0.025438801695411017 0.044881936364518094
8 0.9006713179825092 0.6567849810955053 0.04065713709641061 0.0792010867438202
8 0.9170026682718322 0.6218479100733292 0.0474261946852339 0.09921063333494962
8 0.8326143212388016 0.5394781487063866 0.03693282361417527 0.08278847234973385
8 0.6853484935943684 0.9977666598618569 0.04197348428423431 0.004466680276286272
8 0.6616889580791024 0.9470440284355408 0.033524206472058005 0.05137904015269079
8 0.6039594065384846 0.9237063750242458 0.03316033343652869 0.04356654015269079