8 0.5709526606622681 0.16284073341022373 0.129696000593567 0.2299474050167038
8 0.36558287039777326 0.08332872254931592 0.07038435932948461 0.1374914566756814
8 0.4149717821324536 0.036068053389542866 0.07391369886507215 0.05748151167647682
8 0.5060733096626805 0.14744231590147414 0.06424083366309286 0.12765765167488596
8 0.5543481625261033 0.2631994042409057 0.06293374059769086 0.08273577667488596
8 0.626877037723959 0.3401894392504507 0.049659676530639185 0.09624856500636336
8 0.5445123215223919 0.394876255072383 0.10885765752816501 0.1847982633473857
8 0.47056856426490723 0.06795440006363343 0.05970945219703094 0.10612782334102239
8 0.6401093008539384 0.4594436975851097 0.040426423198680395 0.0473295333386361
8 0.6001091036548456 0.4267626017464736 0.03335271493129888 0.07262925167090883
8 0.6925311101209075 0.4493151300922685 0.07017793926490734 0.06329543334261323
8 0.6695031635985155 0.06050689509067765 0.08900632719703094 0.10646872334499946
8 0.7534637024938146 0.2284195126014158 0.05718802586424743 0.08657384667409052
8 0.7727914680654021 0.053898908438063366 0.06902043613080422 0.0906164566756814
8 0.8942173919565775 0.36868225428664225 0.05718802586424743 0.08657384667409063
8 0.7802211863286599 0.17503811177192696 0.1232323945960414 0.14201132668284017
8 0.8920353030976907 0.09238324678743762 0.03238660266556703 0.03942612667090889
8 0.8217152884995876 0.024205000944824417 0.049680576999175274 0.02986504167329515
8 0.9222669396606187 0.225502556791017 0.05144231113080422 0.09041191667329518
8 0.969033504511196 0.42524402013044854 0.06193299097760807 0.05157668334261323
8 0.9754739205592167 0.5757141884647099 0.049052158881566665 0.0710624800087496
8 0.1628272662640825 0.09366046168840808 0.06970239773014442 0.11405395667568141
8 0.21632884806334027 0.12064126919556685 0.08073918613080416 0.09075281667727222
8 0.4268656014942269 0.2099757217238042 0.05546222139736079 0.09436362000715881
8 0.5602330169565775 0.3647959942413034 0.03714530466474231 0.06876845500477247
8 0.8787537244325361 0.03853594928584679 0.05438244886507215 0.057254245007158755