8 0.3578180379059726 0.7330915580707762 0.15888047007876993 0.08539808597725851
8 0.3550081663124185 0.6628813650126466 0.15919933447285628 0.08930433597725829
8 0.12856580456374914 0.4894314355700674 0.07509546591129507 0.06104911660488854
8 0.17522178675836772 0.42873885820977703 0.11220484091129507 0.062345004535246384
8 0.08511908031750433 0.38664125226762314 0.1122048409112951 0.06234500453524627
8 0.3097875574085155 0.5980066076404184 0.08988336629059734 0.07519842400028343
8 0.2929271996400945 0.5107515220008505 0.0850205231083383 0.06334326474445628
8 0.10614432218190403 0.6084232467094935 0.09901126250242459 0.06772694713985139
8 0.12133112539869884 0.5320250601165428 0.062420122729036076 0.04892113883740712
8 0.3600111170637491 0.49751368397782547 0.07118921591129501 0.0609127073490614
8 0.4361032759652275 0.4991971019664546 0.09709807613790655 0.04428944713985139
8 0.1848872428247781 0.5829334262679067 0.06600750833494973 0.04515129809323426
8 0.21444339661052617 0.5274863822563941 0.06568864394086338 0.04124504809323426
8 0.08487928733217015 0.5745721777443147 0.07186688333494973 0.04535591197697508
8 0.09225359054896497 0.49790117263970957 0.03770716515269071 0.03247768330244427
8 0.05380917236428137 0.4206039212791357 0.04161341515269071 0.03261409255827141
8 0.27630615133968056 0.3787109706171098 0.09267359091129512 0.06166295825611068
8 0.351361839787936 0.4154142293499119 0.10961398712312231 0.054464299907332814
8 0.20954077596522752 0.49128536512848053 0.10929512272903608 0.050558049907332814
8 0.05604106195044339 0.49566282452330857 0.03491694053199289 0.04601314904661713
8 0.7930474990638674 0.3149585608979465 0.09319182613790655 0.04415303788402425
8 0.7644881994407451 0.26332475304902686 0.1078202943201656 0.05634922027941924
8 0.5292757774751625 0.36417417455983064 0.10032665871425195 0.05998265176776496
8 0.5976551217929036 0.3548766888507624 0.058195008334949616 0.04487847958157998
8 0.8445669691305144 0.0752605298167918 0.10355524129059734 0.07567585639567848
8 0.8720699901551153 0.1258836728517546 0.06843892992607925 0.05107887772114783
8 0.7656844244358959 0.13482773081650828 0.0694354617438202 0.0394283323490614
8 0.24441632730975726 0.98628472958158 0.11192591515269068 0.027430540836840045
8 0.2997616865881133 0.9404266173961038 0.09474620947285617 0.08705358325611057
8 0.433930166125192 0.7230903283733622 0.13221438750242465 0.06888642581438198
8 0.2191653263615018 0.9551401480237338 0.08892677310833824 0.06347967400028343
8 0.17362553071862774 0.9796751036745307 0.05819500833494973 0.0406497926509386
8 0.648337169893968 0.22421263463003982 0.09052109507877004 0.08301092400028354