8 0.12863247094409486 0.4169473868056608 0.23319331483681927 0.11458798911769508
8 0.047698373825784894 0.6146782416074323 0.09539674765156979 0.061330918470617
8 0.00691260852566565 0.5616825187838934 0.0138252170513313 0.07061929961893698
8 0.10624437965622202 0.4803216827660151 0.12899597199300206 0.05346160372636943
8 0.22639185891029762 0.44194095969698644 0.08437009491840963 0.057106505902830396
8 0.31150194864222613 0.37600059059981683 0.09685797821677933 0.0415610465447771
8 0.3556972448019079 0.4632100897699044 0.18874457520978138 0.09480675424300555
8 0.037911471596759116 0.5081647514143353 0.07582294319351823 0.05333661128902456
8 0.4308645720862818 0.3737640429796377 0.047585856328668075 0.03541759782353893
8 0.39387290429491 0.41067456637477107 0.07433761047785292 0.02776417910743234
8 0.42712204356063577 0.3200076536842396 0.06362571473192857 0.06674713846548563
8 0.045452134073439183 0.3089175940422114 0.09090426814687837 0.07877268808442284
8 0.21534256405013885 0.2396391223875179 0.08978547303029827 0.05128121974937894
8 0.04614842115968179 0.2034317996189371 0.09229684231936358 0.059207349237874185
8 0.3706183080885883 0.1115794120768073 0.08978547303029827 0.05128121974937899
8 0.16497617245339932 0.2080823227685808 0.14515469087411548 0.11212353141946652
8 0.096781672196978 0.08946942378902467 0.03932935944055671 0.029512771028140927
8 0.01855353423077526 0.15248010538619428 0.03710706846155052 0.04714771077238855
8 0.23197672484266393 0.07169309828521694 0.09129460114218696 0.045433207698228506
8 0.4358125811713319 0.037707232016717725 0.05190696473192857 0.06667896077238854
8 0.5863512051340357 0.03662905407813093 0.07339133973192857 0.06680395320973327
8 0.03564489625586428 0.8178202860307067 0.07128979251172857 0.06314768808442262
8 0.04560338121506909 0.7672037987890247 0.09120676243013819 0.07471871974937905
8 0.1584001747786076 0.5656235087315008 0.09549684906759448 0.04936218359592748
8 0.32773236046624193 0.4454615205371616 0.0707273584032605 0.03164770320973331
8 0.03534795668998007 0.09690126500256568 0.07069591337996015 0.04927128000513137