8 0.10800114638693091 0.3844449590382377 0.044802059093554086 0.07122168977951393
8 0.07708998009875824 0.392962081117361 0.03846438750242459 0.06522593631258689
8 0.0694174264953875 0.5227767043838975 0.06158302310833824 0.06186520018029529
8 0.037031754143229026 0.6210011979960937 0.05301297841371966 0.12404698375746537
8 0.2465746253502072 0.75258302574184 0.05125922424624485 0.10256260875746537
8 0.17197774769266733 0.9141712496445744 0.07166719015753986 0.1615200346692709
8 0.10321995337250175 0.9684057877807724 0.05719847651720872 0.05591490620234385
8 0.09068391189710256 0.9189875059370658 0.06253961629059726 0.07358395018029507
8 0.13787793746363125 0.9617508717236978 0.044483194699467765 0.06731543977951393
8 0.11350316890934381 0.7946685817587238 0.057477402275813105 0.08321319671336802
8 0.19663063614334736 0.815152031488281 0.053890016669899454 0.0870285277354168
8 0.21084023217037276 0.7007805702658418 0.06879741061076283 0.1263637846692709
8 0.28940407364334736 0.8129927057619355 0.08107433447285628 0.08571183558107642
8 0.1545582490274987 0.6738240424351127 0.049306099246244794 0.10251714926848976
8 0.022033289479213552 0.5406056730862413 0.044066578958427104 0.08321319671336802
8 0.1971279350175637 0.5344248156115016 0.06612700189651088 0.0697686191582465
8 0.07898287480065058 0.26230727381775165 0.03065188750242459 0.06504409835668401
8 0.28292597213826154 0.546073743352083 0.06560876666989945 0.0873012846692709
8 0.29408703179349516 0.6481582109623261 0.07210587045807215 0.09525016313619794
8 0.2632158041408045 0.6800673735524737 0.05361109091129501 0.05973023722439241
8 0.22943469713341239 0.6759801021095484 0.042211205305381416 0.0633637302905381
8 0.26839557764784155 0.091223732309939 0.0770086522758131 0.08366779160312507
8 0.3224458323769959 0.24104529718476533 0.07138826439893553 0.13422174415824656
8 0.3181413242292727 0.341540315706814 0.05353121364033109 0.10651431824644098
8 0.26566574449769376 0.2560127676205727 0.0336015443201656 0.05341626733463545
8 0.2847003403132468 0.7273279626957896 0.05683967348764041 0.07540069671336802
8 0.4682947350030162 0.9140973448202687 0.08422303977823775 0.14816637609210082
8 0.5412180581089299 0.91629886398368 0.08035672841371966 0.12468341660312499
8 0.6096571492074514 0.9137312193695306 0.07716808447285617 0.08562091660312499
8 0.7012148759118867 0.914524310887673 0.06301791288172676 0.07944332518029507
8 0.6928440408773509 0.8260207992994786 0.04189234091129501 0.0594574802905381
8 0.6402889062196927 0.789230457235286 0.04611745530538136 0.06345464926848976
8 0.5473755223230634 0.6617569976509978 0.053052917049201564 0.10065494324644098
8 0.5210281429683621 0.6263060774856333 0.04707404848764041 0.07517339926848976
8 0.6263178137984626 0.7096296568695307 0.06576819886694274 0.0892544096692709
8 0.6211557531949736 0.641520309058897 0.056879612123122314 0.05200865620234385
8 0.6628292374733296 0.6922098235679681 0.049664902275813105 0.08303135875746515
8 0.6971685183428151 0.7372218010329421 0.04970484091129501 0.059639318246440975
8 0.7423694802738618 0.7566385857975253 0.06010819469946771 0.06767911569131968
8 0.7989505196655236 0.8157534868947909 0.06493109924624463 0.10288082518029507
8 0.8514454240250742 0.7219344811483499 0.06684428561076272 0.12631832518029507
8 0.8175047236481965 0.672039691183376 0.034558137502424646 0.06513501733463545
8 0.7935486660767004 0.5595312524959628 0.04902717348764041 0.07521885875746515
8 0.8329699691062686 0.5781078532274733 0.05321234924624485 0.10260806824644098
8 0.7412521655150208 0.38822531262113646 0.07302252500484929 0.13036095364722233
8 0.7871907028229451 0.45830969866328053 0.0355546693201656 0.053461726823611055
8 0.8786890050914845 0.5672966599810322 0.06517008636936716 0.15357115620234385
8 0.8482957516850386 0.4978251605270826 0.03718892992607925 0.049600936312586885
8 0.7652671640050859 0.24925795094279446 0.05683967348764041 0.07540069671336813
8 0.8749209285912478 0.1716532855270826 0.07916082576345351 0.15779562262517366
8 0.8556083740517446 0.02451954609266458 0.06222075189651077 0.04903909218532916
8 0.7645089746206979 0.004920923372178504 0.02957580075860422 0.009841846744357008
8 0.8064613846576583 0.02846029896588509 0.05488654848764041 0.05692059793177018
8 0.7321051058476643 0.6077473074207459 0.07680928144328791 0.10510670711414938
8 0.7824481590644591 0.6835774197404507 0.06166257803441755 0.11060240620234385
8 0.7310096944758725 0.8241577767644525 0.04846899962554696 0.11614356477951393
8 0.651008545642874 0.02091041579696154 0.03782665871425195 0.04182083159392308
8 0.558275046778356 0.04555259225481748 0.06704365644328791 0.09110518450963496
8 0.043926954906682567 0.46488757646302076 0.0334421121231224 0.05146314233463545
8 0.014320394309254945 0.5017022812976561 0.02864078861850989 0.05732251733463545
8 0.018974365517445392 0.3407058472645833 0.03575404015269071 0.032022811312586885
8 0.24019604808894157 0.44862287756545116 0.032326086743820204 0.03779126733463545