8 0.27184717864155233 0.6034977943333769 0.31266744146588765 0.23560730528020857
8 0.20444889143290934 0.7970828337523005 0.30269720258214694 0.22952063283533009
8 0.49314551768746073 0.43008288729904554 0.12141618693064138 0.12382131933854179
8 0.5373450210938012 0.24278827151241364 0.24648439155855484 0.1286838516329863
8 0.7507440693028695 0.17847560754422806 0.1799417323027277 0.12323197900781263
8 0.41178088065434065 0.9461100823395183 0.20505953879107353 0.10777983532096336
8 0.2862569413402421 0.9043699633113284 0.16338667672143126 0.15211971860703133
8 0.1073878554788177 0.6162580300149306 0.15972843602359207 0.10324613411805572
8 0.22410717479149872 0.24232796103181442 0.17008931646588765 0.23228876258498277
8 0.19370350963985136 0.09818230017513035 0.18216767581438204 0.13108993849678835
8 0.8202225976628763 0.04446088062530451 0.06602183144201224 0.04642203813619797
8 0.48513765551179605 0.06105591102148478 0.1616815610235921 0.10329159360703138
8 0.4970176239771167 0.12183008346636326 0.18586931193064138 0.12532148247473973
8 0.43366817762848053 0.17987750308567746 0.13931052586071568 0.07740091422829876
8 0.6713201112686153 0.36299882752929746 0.11902902495366652 0.05546194433854179
8 0.6417256085474676 0.29790926968363773 0.1409908323490614 0.06963387371727436
8 0.6538691024199793 0.4221145451395405 0.13474703879107341 0.11437391076137171
8 0.8285590783733622 0.3949558991473531 0.10240576474445628 0.08239655893776043
8 0.7138269449782507 0.46254082980881134 0.1992683684189871 0.11782719889756954
8 0.9282521327099188 0.20407406629652855 0.07499381011654283 0.07980700109210076
8 0.9076699339778254 0.3411784054398445 0.12543403697697508 0.07122332280546884
8 0.7839751150126466 0.3197597701343756 0.05598338793035795 0.03838224069131946
8 0.7066592774431462 0.3969974935863721 0.06992808144201224 0.04651295711414938
8 0.1375403584316336 0.41790301030546884 0.1097408323490614 0.06890652189366331
8 0.09065606532717033 0.4724305855810765 0.1529390054422956 0.13236117116215296
8 0.2580636621988315 0.34850133311093767 0.1390377073490614 0.06958841422829876
8 0.1154080808628419 0.7062154287373699 0.1446490730469006 0.1185074582062502
8 0.6799139357821125 0.9164597378399311 0.12389013974445628 0.082896613316493