8 0.4301326083083081 0.5427416543351281 0.2473550373222969 0.23832728828958283
8 0.37266379024441076 0.7412273182136002 0.2806831547596418 0.2627165603207171
8 0.19600191170857278 0.6052389973490165 0.21152837334017516 0.12001713996249963
8 0.7489445479591123 0.08885125365150606 0.18826131757291797 0.14726349941111078
8 0.11577606837352902 0.5868543004829284 0.2176150073171656 0.15959226885034683
8 0.2583244837992874 0.23338914208269726 0.2064871306573407 0.2601295110746524
8 0.2056349094936266 0.07776111392534761 0.16084938987982084 0.13315248126782378
8 0.867614912783975 0.3334814883945618 0.2625709711637141 0.1693817986571755
8 0.9283543068133578 0.5195051350721661 0.1432913863732843 0.11633134719618021
8 0.3431219607430871 0.5337440870048618 0.16065621974937905 0.09994935626782375
8 0.11340251426609671 0.5147595517788774 0.08232668667008758 0.057958054429860795
8 0.20912333479042988 0.6773704889253476 0.1901462648798209 0.13571562570705975
8 0.45532000243113446 0.8414723887837393 0.1256363251355732 0.12031108294074055
8 0.4009790723710449 0.9058272375703134 0.21357240193097127 0.13581301625844855
8 0.4187617304503363 0.9394456009067716 0.20536219872123807 0.06677013607465243
8 0.5100964527187539 0.3481502880532417 0.10216473628902456 0.11240119238935165
8 0.15302114765866437 0.4389909627119216 0.07651276346548563 0.06525792554201382