8 0.2147843707613725 0.6736479176230041 0.07182296896167767 0.14588626250242465
8 0.13783234608352848 0.6261752886427557 0.05949006529820455 0.1332109193201656
8 0.152400536381733 0.4979067674309284 0.040990709802994796 0.11419790454677703
8 0.18836735286736214 0.4478827397806623 0.05055161691517046 0.1110888155319929
8 0.28705964990498667 0.4922263104283855 0.10729460085908271 0.11766547424624485
8 0.25289376908143496 0.32075005209343577 0.04396742424211675 0.1338885867438202
8 0.31884635982155274 0.5968180221722057 0.09402385656906298 0.16131189166989945
8 0.24364139317793865 0.7780004810712595 0.06114441853213637 0.09056103371425195
8 0.3692306316444066 0.6646789700908928 0.07705158016686764 0.2085456946994677
8 0.36762195627165095 0.826369795280544 0.08888929924211664 0.1375555272758131
8 0.2941446340760414 0.918445918384033 0.04593715937345344 0.060148133334949616
8 0.2760671719549831 0.9735326435664103 0.03873881303692661 0.05293471286717932
8 0.28751061100897735 0.6707578464136013 0.052300024027346126 0.10734199772903619
8 0.23281065341047474 0.6103905341008278 0.036069175429541356 0.057397847349733855
8 0.25697982177225415 0.2053562448963926 0.04552772359780477 0.05233563333494973
8 0.3443629098845244 0.9333333430071554 0.07255609170039978 0.085658251896511
8 0.2542798726560807 0.9922667325811945 0.035250303878243794 0.015466534837611068
8 0.257807103688217 0.9194026727387343 0.03791994148562905 0.05560415454677692
8 0.4314664292189577 0.6373948056992311 0.048189056139521735 0.10311688333494962
8 0.47578245562115296 0.6900493034282671 0.08354171896167761 0.14684285568468347
8 0.5206199308865234 0.5456175776720873 0.04593715937345344 0.060148133334949616
8 0.4928557418893147 0.9556950786082199 0.052095306139521735 0.08860984278356021
8 0.4714142412956024 0.9231089072164398 0.03462784514910222 0.06700404015269079
8 0.3945217011553829 0.9119285229332346 0.03442312726127783 0.06309779015269079