8 0.23313513637328429 0.5447030022337611 0.2863039078338017 0.202243045858437
8 0.13000650273522693 0.7232847326510651 0.26001300547045386 0.19796178469786985
8 0.491714635420627 0.40836693080695496 0.10611643808442284 0.1131690888791479
8 0.578674800817084 0.2310856361646863 0.2329786594936265 0.09976006391886305
8 0.8034375756265526 0.2007978774405749 0.16854826039132575 0.10254128043716154
8 0.2915798658361227 0.9049742775994354 0.19387070769822845 0.09126572544510458
8 0.17770271212258165 0.841538967635179 0.1453039305217675 0.13533530235290647
8 0.07181613741938497 0.5309481153617028 0.14363227483876995 0.08654126927659433
8 0.2703878504360211 0.18373778510737843 0.1399217993734474 0.21726427658184266
8 0.2731591077531867 0.04619810420113564 0.16852553449362662 0.09239620840227128
8 0.9518586823043371 0.03507646966624537 0.09612355410743234 0.07015293933249074
8 0.9037457719807982 0.07894200183249074 0.060774133976990496 0.040119349634325674
8 0.5700057003810629 0.04449845069163353 0.14896019564707808 0.08899690138326706
8 0.5667067170434534 0.1063072336686578 0.17246587334017516 0.10456258928453738
8 0.4912386937710649 0.1544947727306429 0.13120026346548563 0.06087790888709099
8 0.6823545374743432 0.3689101557473823 0.1154616339769905 0.04107392349758765
8 0.6690803656840765 0.30078942421319776 0.13506106167008758 0.05313359273446683
8 0.6517629374065566 0.42412608056454515 0.12166189744247613 0.09976994926865135
8 0.8304568304832822 0.4239363570471 0.09220594115858294 0.07191482041333241
8 0.7022601136853185 0.47206781554865906 0.18608093359592748 0.09503560775035291
8 0.969135038058766 0.2525875639271013 0.05900281615858294 0.07133525771063776
8 0.9215044019602727 0.3832885825956115 0.1194587875677866 0.056767107344963375
8 0.8035846428605374 0.34335895647873094 0.05291618218159244 0.03217048193957395
8 0.710441909522928 0.4084548853539074 0.06662214602814087 0.03826850040538943
8 0.14350225202805933 0.3421867141852496 0.1038337875677866 0.05649437195546003
8 0.08367059170452033 0.3881483928577313 0.14128405103327227 0.11573586850553053
8 0.27854626927487264 0.29198280895078277 0.13310793667008758 0.053099500810778855
8 0.059858765493545005 0.6209964169038303 0.11971753098709001 0.10175716619233932
8 0.5639669441686008 0.9129137667449698 0.11562071526088369 0.06841767349758765