8 0.7670152538990385 0.6405064097561234 0.241058048657254 0.1415284108601238
8 0.9049200483919331 0.46591401359303053 0.13158411667128123 0.07595958366309286
8 0.9361336973744909 0.5264145086940202 0.06139677860834292 0.07586682386507215
8 0.8029340935423572 0.5819515250570306 0.13316175586009615 0.07015703879637103
8 0.679261408857049 0.5952974484535667 0.08798955698597277 0.06494369573096903
8 0.582632684304631 0.6429471698509275 0.09895733536360285 0.053565926530639185
8 0.5605078876891827 0.5470915192834637 0.19463423041251415 0.1167838177947218
8 0.8893722412906038 0.5716384991927831 0.11142705698597277 0.06562565733030934
8 0.4680488519864324 0.6209379377809895 0.05145652567829462 0.04243637833195879
8 0.5118558875738264 0.591395777415505 0.07647166486710977 0.03731579506457727
8 0.45874752371723704 0.6748193656808246 0.06895895473421954 0.07218789439818574
8 0.8416372166159078 0.7689505040917934 0.1406482360418977 0.09571815419620622
8 0.642869648371168 0.7981278475529069 0.09164548311184939 0.06115110599752582
8 0.8163863654831096 0.8739825778579378 0.13744349167128123 0.07613007406292782
8 0.4652371992663321 0.8929726492814019 0.09164548311184961 0.06115110599752582
8 0.6830848357558117 0.8398463346207832 0.15254161397194554 0.12920542986259798
8 0.7217617288782736 0.9664120989221028 0.040439281307678154 0.022620977665567032
8 0.8197803497139141 0.9274946098914635 0.05989483536360285 0.05242932386507215
8 0.5887862189691744 0.9576096505516698 0.09480076148947969 0.04954601626408239
8 0.3844590655915442 0.9518580645458967 0.057240204734219424 0.07184691359851536
8 0.238875557147469 0.9268518646084123 0.07947555135658935 0.08419079506457727
8 0.9469834409722215 0.26584281159385525 0.07299036667128123 0.0742546796647423
8 0.9276283158568652 0.30929461772672123 0.09705367635658924 0.0847022662640825
8 0.7729967969269089 0.48632319502268007 0.09945798311184939 0.061378426530639185
8 0.583357425975912 0.5707952051174843 0.07281573874123293 0.0411083847980207
8 0.8009258723468045 0.9631339160243295 0.11283006824473985 0.02667681759686591