8 0.5569956250497137 0.340466920236303 0.19819741834420412 0.08926591914711457
8 0.6227314383752254 0.279756811934304 0.15736360667965865 0.10298058571058566
8 0.7268259092039188 0.2407103225840998 0.1224573500159083 0.12282753205070396
8 0.5355560192055095 0.2613439619545673 0.11389487000715892 0.05801053401517464
8 0.5337953866963623 0.1940066335840085 0.17087639501113583 0.08994548852276196
8 0.5679516633513628 0.10643170492412668 0.11984515167488596 0.06609593879182163
8 0.6978231125178969 0.0994057532084523 0.1196178850055678 0.04656468879182163
8 0.6044474183442041 0.05196893300536258 0.10433378500954493 0.07513381772076305
8 0.7402130166892035 0.1316296231424824 0.117778393340227 0.0562393455329393
8 0.8863117225294305 0.1756337378557494 0.13138208833943144 0.05101674834511555
8 0.05837058839908788 0.48191885701017734 0.10637781667727224 0.08303728597964533
8 0.10597215756283801 0.4582057596675604 0.047397713339431546 0.047105113213175676
8 0.1260936167249973 0.42404746794929604 0.1027670133473857 0.10824597446188067
8 0.16744945755090676 0.36740415038332613 0.12218463001272667 0.09939003205070396
8 0.23013058670829356 0.2960883069696507 0.0668607833386361 0.042155420801998966
8 0.3872328367182363 0.36205303375906495 0.14360082501193128 0.09453130789840947
8 0.28455741421664543 0.35511011735038683 0.0829403166772722 0.08194566687305749
8 0.29081382170988435 0.3049870409442987 0.061024135005568025 0.04383564102535198
8 0.28256951503818006 0.268241538979828 0.0629545333386361 0.04197348428423431
8 0.05860648168960122 0.16630723299241268 0.07085794000636335 0.050149857319763624
8 0.11705250835454448 0.15088287272594303 0.05323436167249973 0.04542489298982266
8 0.020271919209486663 0.31465645729950026 0.03386219834102237 0.05818708540099948
8 0.19184010920590727 0.28028406301785597 0.057004251670908945 0.03388807950758732
8 0.12184509836488491 0.22687281120817837 0.07267470500477252 0.0385220755786459
8 0.021645514202725615 0.26476080154061793 0.03756390833863612 0.04079089691876414
8 0.4160517675346007 0.23564302574638896 0.08859515167488596 0.06464044664970447
8 0.5850666283915315 0.40169336461195043 0.10015481500636336 0.05151438120299845
8 0.5221468692313607 0.45250139552562585 0.10633236334340856 0.07913103597964533
8 0.4360957358967016 0.44673837391644805 0.0611604950071587 0.05555439102535198
8 0.45629673839312224 0.41941601969818365 0.1138948700071587 0.05801053401517464
8 0.3124352408895429 0.39973499922603434 0.05307527500397713 0.03175301798982266
8 0.3084842217337469 0.4800405448732401 0.060955955004772466 0.03797626602535198
8 0.3412555400620426 0.4413847094722406 0.05112215000397713 0.031662049730940334
8 0.2677640434038604 0.5073415033097689 0.098247143340227 0.05532966294411601
8 0.08325054757118991 0.5208208162741483 0.15500140167488596 0.06773336745170333
8 0.07019229257834866 0.5741919690863245 0.06295453333863613 0.04197348428423431
8 0.6855737067353378 0.47420242090895204 0.06495311167249973 0.04597070254311664
8 0.5686034784273253 0.6662749222007737 0.11389487000715892 0.05801053401517464
8 0.3234294742599957 0.6728086261905051 0.0883224316717044 0.041202946649704586
8 0.6746249266987485 0.2050350439444813 0.06286362667090883 0.03416098428423431
8 0.3912520358748276 0.2876068631118591 0.05698152500397713 0.03193495450758732