8 0.03553449052651876 0.4033203125 0.05932273484956607 0.115234375
8 0.0025854752807724164 0.4296875 0.005170950561544833 0.12890625
8 0.14445652866271674 0.3388671875 0.12559423940859393 0.193359375
8 0.1038711357820309 0.404296875 0.12382131933854176 0.1171875
8 0.055954650100477225 0.2392578125 0.09856707280546885 0.123046875
8 0.01934859553111975 0.1611328125 0.0386971910622395 0.123046875
8 0.13698007575216964 0.576171875 0.12954431587161463 0.111328125
8 0.07429333871840207 0.8359375 0.08943788065112859 0.150390625
8 0.3070805226561626 0.736328125 0.23874074396762168 0.271484375
8 0.35754029018142286 0.91796875 0.11319359707395849 0.1640625
8 0.43527970103810687 0.892578125 0.12527602298576412 0.1796875
8 0.5004845406321607 0.7763671875 0.23315412590147577 0.283203125
8 0.5925785353364578 0.6796875 0.12223187025034732 0.1328125
8 0.5652413174402775 0.34375 0.08798317700390634 0.087890625
8 0.6449516839635846 0.5693359375 0.10242949634244813 0.205078125
8 0.7302924950160583 0.888671875 0.08039797444878483 0.09765625
8 0.8541357275861104 0.8125 0.08916512371727436 0.138671875
8 0.7751031708325514 0.767578125 0.07354012371727436 0.138671875
8 0.8138263576911886 0.6982421875 0.07022321404800369 0.080078125
8 0.7415388194596783 0.6572265625 0.0897999235369793 0.08203125
8 0.9012615712884542 0.759765625 0.07712815729444467 0.125
8 0.9486796356172302 0.8623046875 0.06454567700390612 0.087890625
8 0.9234294716490445 0.646484375 0.09411694196371556 0.18359375
8 0.9529771903513884 0.59375 0.07040668502986125 0.171875
8 0.9793671075958763 0.5927734375 0.017717769518836857 0.173828125
8 0.8272514715537322 0.541015625 0.04733122791571187 0.103515625
8 0.7063858355115882 0.4892578125 0.12327907152274342 0.26171875
8 0.637099440065451 0.27734375 0.12709440254479176 0.2578125
8 0.7762705529312064 0.2978515625 0.11101317462907989 0.154296875
8 0.8324573995544269 0.275390625 0.08198742353697908 0.08203125
8 0.7589172758371524 0.4140625 0.12177890838654526 0.197265625
8 0.8291591370647565 0.54296875 0.047194849448784826 0.09765625
8 0.7794908280316836 0.537109375 0.06663518047083339 0.09375
8 0.832454133502517 0.443359375 0.0722672580259549 0.083984375
8 0.845848352490798 0.70703125 0.0931622926952258 0.142578125
8 0.8858728503760849 0.2880859375 0.049147974448784826 0.09765625
8 0.9335855848702254 0.419921875 0.05686955547083339 0.09375
8 0.8550279032119787 0.48046875 0.030024226823611055 0.03125
8 0.87805545129822 0.5400390625 0.035929061312586885 0.033203125
8 0.9169361133423173 0.5478515625 0.0340668552905381 0.037109375
8 0.9645839246549041 0.5146484375 0.02402847335668401 0.025390625
8 0.8868510459020398 0.2041015625 0.06231979507005203 0.076171875
8 0.06780732902847192 0.359375 0.04837516313619797 0.064453125
8 0.07435186241501722 0.162109375 0.10083841422829873 0.13671875
8 0.8928646300355899 0.44921875 0.04396885875746537 0.04296875
8 0.6772748810323783 0.271484375 0.05255417007005203 0.076171875
8 0.6705493262029076 0.4345703125 0.039064133025954906 0.083984375
8 0.6720462232871958 0.5380859375 0.07077036094166678 0.1875