8 0.4436280354096498 0.42748634342848724 0.04929898098836438 0.10768322282353904
8 0.4564543113599582 0.3044849202238853 0.040372308554962544 0.08029402102814087
8 0.40794622647467327 0.6079856431701691 0.0402131410644766 0.07638777102814087
8 0.4707612382140985 0.5526738320845044 0.03323959363107476 0.04900993218159222
8 0.44423155998206576 0.5085637568261863 0.03128646863107476 0.04899856923274282
8 0.4114810566548928 0.4253457297724701 0.03192313859301865 0.06462356923274282
8 0.39775780194982746 0.5463883465026472 0.026982299904859786 0.03921021833504379
8 0.49127066882190207 0.28905877182875195 0.0402131410644766 0.07638777102814087
8 0.48013720907878066 0.3944877515077786 0.04507439600739249 0.0998479969258399
8 0.5217861807991778 0.3312384479847691 0.061856683554962544 0.08041901346548563
8 0.4814552822246403 0.14638974323795578 0.04304168726214952 0.09788350897699044
8 0.2914898912558508 0.5174430718159235 0.044596893535934434 0.0881292469258399
8 0.5937053538039678 0.7956340126062719 0.046788769771663574 0.09399998487468952
8 0.609373468918136 0.8426112791459175 0.036227307319233626 0.07441192013044207
8 0.515353103374743 0.1055616068939729 0.033717096102532595 0.06072868218159233