8 0.4320431309177802 0.6542600868880721 0.1941320816756814 0.08105814730767413
8 0.35738189509067764 0.6944605643239766 0.15334372334499946 0.0974814190908948
8 0.2491539075926662 0.7008950593939168 0.11652979501511296 0.12006006379952305
8 0.439844951762382 0.7377858957575354 0.11185083833943155 0.05335781587411548
8 0.4288989084380634 0.8033041519813127 0.16878691000954504 0.08304041079252511
8 0.3809912134488015 0.8787057404137182 0.1178011200071587 0.06161431276222684
8 0.2528115326125516 0.8475274333566206 0.11952697833784076 0.04223106172493063
8 0.33561548928823304 0.9201496397901794 0.1023124800087496 0.07214907106059654
8 0.2162014601069837 0.8037738275466006 0.11573436167249973 0.051700688799523054
8 0.08152605759664328 0.7174640236013918 0.13126845500477252 0.04507218050115336
8 0.9470805246210494 0.6641829370045739 0.10583895075790117 0.08250669191141169
8 0.8937753800823258 0.6736368415675161 0.0453991350055678 0.044419601142186904
8 0.8677490925863028 0.7009357305710151 0.09488633334659036 0.10476020020978138
8 0.8184784817592002 0.7430601945220687 0.11623434834499946 0.09466943879952305
8 0.7449188051002227 0.794076858939325 0.06486220500477247 0.04004021576922456
8 0.6021581825867006 0.683737559143301 0.13960366834420412 0.09058605135196851
8 0.7011318950906776 0.7205083817598419 0.07898861334340856 0.0801387085081513
8 0.6870402609305069 0.7672499520395635 0.05902555667170439 0.0415493438811132
8 0.6884599934356771 0.8054098890209154 0.060955955004772466 0.03974421784381699
8 0.8894173334559603 0.969919845716701 0.06885936167249973 0.04814871369463236
8 0.8298697476228921 0.9673590023542357 0.0512357833386361 0.04291047303029827
8 0.9610800176041998 0.8397276193180927 0.04944174500715892 0.05643434906759448
8 0.7783946501034043 0.8200303413052893 0.0569587983370452 0.03163571991840963
8 0.8387603959460175 0.8929036846677546 0.07262925167090906 0.03672596162003994
8 0.955777445944029 0.8871351849299813 0.060955955004772466 0.03974421784381699
8 0.5517753334360749 0.7979796491316509 0.0846207216740904 0.061051455396262444
8 0.4156567875755647 0.5876464076864418 0.09813351000556803 0.04841557313518896
8 0.48554884423732625 0.556841557843778 0.10235793334261323 0.07605532106059654
8 0.5688293767405079 0.5865690137586886 0.05720879167329507 0.05312009491840963
8 0.5437114717436897 0.6080825272435395 0.11185083833943166 0.05335781587411548
8 0.6819976775839166 0.669297704114156 0.0530298216701135 0.029386596993002057
8 0.6996432984066443 0.5925786942598419 0.060910501670909056 0.03583796784381721
8 0.6599564992440874 0.6198181530244145 0.0510766966701135 0.02923859803029849
8 0.7443606334042581 0.5784045454020288 0.09620311167249973 0.05022069917248517
8 0.9254143362855949 0.6196601978961841 0.14917132742881023 0.06247316805359859
8 0.9491774017345423 0.5714834989859258 0.060955955004772466 0.03974421784381721
8 0.3296163333963039 0.4884350153088275 0.0629545333386361 0.043798466806521
8 0.4771213558740322 0.3356944359556666 0.11185083833943155 0.05335781587411548
8 0.7188777333803955 0.40084730784958345 0.08825425167090906 0.03790995332167002
8 0.29266809759902956 0.7510260365734 0.0628181733370452 0.032079716806521
8 0.5854209442631774 0.7546711934789669 0.0569360716701135 0.029682594918409633