8 0.1752148041853972 0.7476874980735506 0.06364924005560113 0.18161439504891108
8 0.29763592127206473 0.8315365900701357 0.043674795047658144 0.15497215067829462
8 0.17765237672908382 0.6080390605735506 0.059027059658154746 0.14034844617478792
8 0.0633313230566021 0.6748687654231265 0.026958853489644552 0.09147085518180154
8 0.08122343598184913 0.5439846574266332 0.05382531655801359 0.06587937230066476
8 0.043984853899153104 0.44199570866786625 0.03370461850553061 0.1426275909929865
8 0.10590750913361993 0.30341264458748585 0.03350006696340305 0.13090884099298639
8 0.15748991934028617 0.25425999672388294 0.05330405235290647 0.14778546036360296
8 0.21481460075120623 0.05108984278677532 0.05666483157389968 0.10217968557355064
8 0.19135289417730655 0.15844482476236568 0.04703557426865135 0.123972474552418
8 0.2572037880485115 0.07423635583933119 0.06804266233702039 0.09800550586009615
8 0.14805532822737713 0.12415159334625284 0.04258385348964455 0.09247215067829467
8 0.13084727171305016 0.05304221930947752 0.04103983157389968 0.10608443861895504
8 0.19139687145078277 0.267694662825304 0.044264243100141154 0.07697231261535631
8 0.171522484276742 0.4562585392903281 0.04830686079489288 0.08503513648947969
8 0.251510436792628 0.4004082308393312 0.05854977272652384 0.11300469617478792
8 0.26063053317971896 0.2691107890596154 0.07208528003177217 0.10606832973421954
8 0.29009292512326446 0.20186625347222145 0.054234419642268605 0.0893168723006646
8 0.21300379972199412 0.8740279283637867 0.03477135348964455 0.09197150293004808
8 0.27029933188412036 0.7211093316260606 0.06169611505560124 0.1814892331118494
8 0.45333449421702166 0.030208789907483758 0.05231538656595669 0.060417579814967516
8 0.5705219942170217 0.026422641311368802 0.05036226156595669 0.052845282622737605
8 0.4874047453339022 0.1306937287975255 0.050430445413332414 0.09492592342654127
8 0.7064857792209932 0.009158918108618526 0.03624719155801359 0.018317836217237052
8 0.7499367588275183 0.03650922559639073 0.06457960734496337 0.07301845119278146
8 0.8505056503656743 0.03410641579572614 0.05484807426865146 0.06821283159145228
8 0.7915346712679456 0.19899651064737706 0.044332426947517156 0.08087856261535631
8 0.9541603677981586 0.21491267640272915 0.04258385348964455 0.09247215067829473
8 0.8960757787163159 0.35715166660898623 0.04635373579489288 0.084909974552418
8 0.8274409435890799 0.15377484578026732 0.10388075081077885 0.13932092072720587
8 0.8925830676748941 0.013561503800986321 0.04392332386326192 0.027123007601972643
8 0.9612717654253946 0.4222320982488901 0.06126280539744644 0.04489564504891119