8 0.662137492014238 0.47478021641521684 0.08413024952429904 0.19752887519785567
8 0.6844690841717332 0.6158882725480828 0.08214065589322428 0.14870075019785567
8 0.6196611555596866 0.5574290832831755 0.09031460598836438 0.10992240086424743
8 0.6613001575554434 0.7654264455489075 0.07807523840273811 0.14468083993129888
8 0.7633865983826164 0.6854874602459384 0.048264392300205516 0.08333834306540222
8 0.7874856491431912 0.6305906045451962 0.07481230484777557 0.0646027149312991
8 0.5842247443435326 0.28621089411719614 0.05073813488583179 0.04829575333195879
8 0.5097639198662568 0.32598670641934047 0.03551105361204665 0.057606737265732066
8 0.5154143657785091 0.46465858141934047 0.029492511121560705 0.05352999686589688
8 0.531198533268995 0.46901947248556725 0.03495396739534584 0.043934862265731955
8 0.5699858134021913 0.4155254052844126 0.03746417861204665 0.05766356739901035
8 0.5756694047039715 0.6507633075178559 0.06014230979069146 0.08758557386507215
8 0.6270193287531163 0.7858878781498972 0.06412814353593443 0.08965235913162894
8 0.7139184801791257 0.7162364392807014 0.03714584363107476 0.04985106739901024
8 0.36480492899206063 0.16765489195657748 0.07050148963846725 0.15031289439818557
8 0.4323584968149905 0.2934968937214847 0.0343537660644766 0.07708115713245367
8 0.44502560527481283 0.41286483925459816 0.05248897728117752 0.09126450333195879
8 0.4937675000464763 0.5079219323200003 0.060221893535934656 0.08953869886507215
8 0.4966507491907613 0.602620079753361 0.06795480979069157 0.08781289439818574
8 0.5142039933921304 0.6743353682529487 0.03722542737631773 0.05180419239901024
8 0.5271247641616723 0.8717430685861446 0.042086682319233626 0.07535535266556703
8 0.5690771597890508 0.8719883539516291 0.035670221102532595 0.061512987265732066
8 0.5174022542758405 0.8246407480530311 0.07780001853593443 0.09005017006457727
8 0.48369180465640144 0.6675951261871342 0.04276646739534573 0.04416218279884543
8 0.45141053920978935 0.593500486687959 0.05372584857399065 0.07374320846523719
8 0.25184866045612614 0.0765817794929898 0.11849730855496254 0.08343110286342273
8 0.2667921702462708 0.419383632059629 0.13590961958138303 0.17562578879637114
8 0.31395065470397154 0.6431480696585568 0.08815919838371022 0.15277749059769086
8 0.26877179415270525 0.611595954159794 0.06360752595030839 0.12475177899835055
8 0.2646019121183454 0.6768267361933198 0.05663397851690655 0.09723753859851536
8 0.18760105427638749 0.5585130837620207 0.10214940836468211 0.16098780153063919
8 0.190742994105682 0.37230221199505165 0.08350022604544854 0.08631441046441246
8 0.21987737837364926 0.4170431463609485 0.11606003460041109 0.16724498746358774
8 0.147568638259481 0.4617586012963712 0.049740014828747625 0.0716764231986804
8 0.13535747471403245 0.3775184906966186 0.04754813859301865 0.065760218065402
8 0.1579261999994531 0.2611266125625155 0.0900327396384672 0.15088119573096914
8 0.10880291568336883 0.49184358356416497 0.07492835722409341 0.11532713479802059
8 0.1405204484301865 0.6478558127967835 0.060221893535934545 0.08953869886507215
8 0.2127694572224527 0.8889321895616908 0.07381418479069152 0.08798338479802048
8 0.04562977709035018 0.4256287244325361 0.05910772110253268 0.06219494886507215
8 0.09651216839267732 0.4056503479644124 0.0666018861215607 0.054609769398185626
8 0.0924948073657099 0.5703768447313815 0.08812272975263544 0.10400619573096925
8 0.07909815223251361 0.6246097036651547 0.11601691948624285 0.21406315733030934
8 0.1212544485723499 0.8453023784308866 0.06903251359301865 0.06638534953146391
8 0.22607161753641541 0.7605658258278352 0.06715897233826162 0.06828164439818574
8 0.21202670460883133 0.6791985725948042 0.0538850160644766 0.07764945846523719