8 0.2504759475840998 0.7385260388392236 0.17887417080199897 0.07561855495209713
8 0.27764045363230505 0.7017707676100821 0.17160748035529294 0.08692786917644835
8 0.3251094398810101 0.6494375233200624 0.18341719861417516 0.08949514783992152
8 0.6239134765333045 0.6866339962105836 0.14585298231976362 0.07778470290559003
8 0.7155819768428908 0.56809091474272 0.1422196370964106 0.08343936001776564
8 0.8265917129368027 0.5807613120457148 0.10065820254311664 0.06957107219560954
8 0.7065841969114507 0.6351666504109834 0.09425301798982266 0.057545245363872954
8 0.5512518124521599 0.8384784090895252 0.06486517473094033 0.05405673620519025
8 0.4644955981222191 0.8515527405573888 0.12373182950758732 0.06298687952255566
8 0.25839004136083804 0.9259195273624772 0.11423910928423431 0.0683344598029949
8 0.337986544152751 0.9918430503727557 0.12459333540099937 0.016313899254488673
8 0.3501601354471626 0.9871884692301409 0.09343430365988181 0.02562306153971816
8 0.24433020497760324 0.954551069227048 0.09211795647205806 0.05353663641996076
8 0.16443670906133778 0.904353556082736 0.12287032361417516 0.08632202057864369
8 0.11242469500045654 0.9682257476819365 0.13367939102535198 0.06354850463612705
8 0.09346603546742593 0.893781517129941 0.0951627005786459 0.07707649536387295
8 0.2580288608912787 0.891637480918565 0.11433007754311664 0.0702875848029949
8 0.29907126680495416 0.8301569178248527 0.12772904776646965 0.06514472241038005
8 0.3343371882796022 0.8926997922311404 0.05955160928423431 0.06546840937345344
8 0.42076169561962906 0.7396187669595842 0.12150579973094033 0.05702514557864369
8 0.38317069841154205 0.8110696729411209 0.08012630169541102 0.04706310775648781
8 0.5083204688836913 0.9615335891551936 0.09566033343652869 0.04592885430778515
8 0.4520170807515689 0.6570674171743548 0.1298641092842343 0.06915333135429225
8 0.4644822800383932 0.7047101092536963 0.11823632754311664 0.0704923026908193
8 0.5117398562896882 0.7620077623234571 0.10560789495429335 0.050346899027346126
8 0.3384575408429821 0.7411790663152722 0.13004604580199897 0.07305958135429247
8 0.23148512200545387 0.8099727922879261 0.13794951406088124 0.07542214212994125
8 0.35241039831753884 0.609752564590921 0.18759635339082215 0.09555924072774591
8 0.5631686543657441 0.5826190340895252 0.078446081472058 0.05282012381257539
8 0.5128769595257172 0.7375936998234571 0.05614299214211704 0.03411605042954147
8 0.7326757870688339 0.6845024175977101 0.13449810535529272 0.08498304924211664
8 0.7972119473758301 0.45489541355529534 0.1279109842842343 0.06905097241038016
8 0.6864938192743308 0.49901917966816883 0.20508351013193993 0.09452734622295555
8 0.4932468083149488 0.5074915111928181 0.14203770057864595 0.07953311001776542
8 0.4398783480687425 0.4763051482632768 0.06431936517764636 0.042337986205190026
8 0.2537401793860074 0.47927636109161875 0.25463938120299845 0.11271131982076033
8 0.303245181195685 0.5513759900772479 0.14585298231976362 0.07778470290558981
8 0.21208239144189134 0.5749877911572872 0.06913529776646965 0.062073954093014416
8 0.11196999845206865 0.6226042189616776 0.17292382754311664 0.07335835312036032
8 0.02103208152553459 0.6821952941258487 0.04206416305106918 0.06505897359780466
8 0.5376442695433905 0.5421235088747546 0.062002367142117265 0.03442312726127783
8 0.8244166971675604 0.14403730919072458 0.20867406379182163 0.12978595516686775
8 0.861440489040618 0.06374616123723181 0.09352527191876403 0.04192024536387293
8 0.6757571616522944 0.05695174906557378 0.18754817669541124 0.05269284967165802
8 0.3735872994213541 0.09202090117505263 0.22625218879182163 0.13070718566207745
2 0.02217995502544328 0.3188670171867267 0.04435991005088656 0.11039028437345344
8 0.5310706113021816 0.34696869982345707 0.08512417080199897 0.07070532564431198
8 0.9193786132666523 0.37515062966198287 0.09098354580199897 0.07101240247604856
8 0.9330075519571572 0.6920645218487096 0.07776651209641061 0.0800615148686632
8 0.6515675377414829 0.8075147232570907 0.11778148624870499 0.0607266776908193
8 0.21135988575674886 0.8637390617927164 0.06822561517764647 0.042542704093014416
8 0.08088039444207396 0.9538165974103802 0.08598567669541107 0.04737018458822417
8 0.9123526615509778 0.5049822626900268 0.08784783343652869 0.04551941853213637
8 0.8609346337388016 0.5159928051483098 0.06431936517764636 0.042337986205190026
8 0.43741681994698 0.6132286161511011 0.09815926798982266 0.057749963251697345