8 0.706627830190061 0.26006996070221294 0.06981571167317702 0.14802999762517366
8 0.6375419198794273 0.2724259600608502 0.07376742116215285 0.15007404160312499
8 0.4454959709818577 0.08147757100251699 0.05423453813619794 0.0656805312023438
8 0.39021913065112857 0.14138964618281216 0.05123747791571187 0.10465211222439241
8 0.33936805839171014 0.05639910488745647 0.049511650360590354 0.11279820977491294
8 0.5693862960668405 0.2407911874305117 0.06631696404800369 0.08157828813619794
8 0.48147294132235263 0.24186030193441801 0.05450729507005225 0.0773992812023438
8 0.5606840699799045 0.039704582127061405 0.05673317700390612 0.07940916425412281
8 0.48716994205902786 0.06682831698953952 0.04228849069131946 0.05564214926848962
8 0.47432042042547773 0.31237736963480867 0.0560967441582465 0.06181974069131946
8 0.48390584049552987 0.38836740667890585 0.03338659598185778 0.09252422682361117
8 0.5431075780058594 0.11926638879822002 0.040471744158246725 0.06145606477951393
8 0.49130512252986125 0.16053285750056384 0.0365654941582465 0.06136514580156249
8 0.5251868738125869 0.027316121177647357 0.03865499762517377 0.054632242355294715
8 0.45049161569131946 0.0442318175355899 0.030069686312586885 0.03388501733463545
8 0.3677557436121962 0.020299978747699503 0.028480237224392413 0.040599957495399006
8 0.3507954042782554 0.25271858769578964 0.054689133025954906 0.08521178120234374
8 0.39342484113689263 0.32109987592730005 0.04342497791571187 0.10447027426848954
8 0.45424120701883697 0.16334971279110205 0.03951872791571187 0.10437935529053821
8 0.4446996134118055 0.010692645446136975 0.041742976823611055 0.02138529089227395
8 0.3357939055351569 0.7836284580414494 0.03329567700390634 0.08861797682361106
8 0.28260493564539996 0.7653246142437932 0.04533264342673615 0.10256260875746537
8 0.35970301457855947 0.5094863359623261 0.04901159598185767 0.0928879027354168
8 0.35645674368168456 0.5799124846847654 0.03833678120234385 0.0535981052905381
8 0.10460025325047817 0.8837874294740451 0.06468205547083344 0.09520470364722233
8 0.15678993089574728 0.9011374405161892 0.046331119158246614 0.061592443246440975
8 0.15624278400208402 0.7936701060272134 0.03470328813619794 0.06522593631258689
8 0.9596906301050783 0.09198266290190893 0.045469021893663086 0.10842198375746531
8 0.9055494604857641 0.15870794583771625 0.07808117353697908 0.08380417007005214
8 0.9928247493586373 0.16442930934483424 0.014350501282725414 0.09806538540078125
8 0.7035633972490889 0.33830860942465224 0.055598322805468836 0.12427428120234385
8 0.9123837649598091 0.07451900313732562 0.05459821404800347 0.0813055312023438
8 0.9444276729909289 0.02450736470744319 0.05777711222439241 0.04901472941488638
8 0.9875774444338542 0.04928585332278563 0.024845111132291597 0.09824722335668405
8 0.23318420426276099 0.6570406419792099 0.07408400455902786 0.07980700109210082