8 0.6183760028215255 0.7721027842536323 0.09037025039571134 0.15334372334499946
8 0.5537135221207832 0.7449742534114169 0.09433333052898973 0.1553423016788631
8 0.32004431982482434 0.8858585575469297 0.0625927597980207 0.07101702667488596
8 0.282051142122845 0.8150801608748277 0.06562565733030934 0.10814912834181767
8 0.2115606371249068 0.8875269150322145 0.0639566829967011 0.11789202667488619
8 0.48001669355455634 0.7597470034014742 0.07671927586424743 0.08680111334340879
8 0.39565247245397905 0.7382505808899407 0.06488686559769075 0.08275850334181767
8 0.4205090824601645 0.9555397083615044 0.06913409639736079 0.08892058327699126
8 0.35644331815884495 0.9107044267186339 0.05053302899835055 0.05916191667329507
8 0.40645900468536056 0.6690169133911337 0.06247909953146391 0.06711077667488596
8 0.43395234461665955 0.5970467350612472 0.04764972139736079 0.09427271333943166
8 0.423986170824412 0.8724146333943155 0.046797269398185626 0.06497583833943166
8 0.3844765443562883 0.8201795608887474 0.042891019398185515 0.0649303850055678
8 0.3832292170603294 0.9637683383891451 0.0469677597980207 0.07083521333943166
8 0.31600644472589645 0.9239104050465319 0.03422606739901024 0.03554260333784054
8 0.22967113379294804 0.9365823067015324 0.03496485913162889 0.06093322833784054
8 0.2708125126195461 0.6977222108728391 0.06511418613080411 0.09057100334181767
8 0.32910121148461824 0.6417406592138615 0.05775632719703094 0.10610509667409063
8 0.34963286008931926 0.809028293383975 0.05385007719703094 0.106059643340227
8 0.3012263821269686 0.9618372558780093 0.04611530779884543 0.04153833833943166
8 0.38849680563822675 0.1784075483867589 0.04558293613080422 0.09034373667249973
8 0.3316856902383917 0.18360785004573654 0.05775632719703094 0.10610509667409057
8 0.3434596270458967 0.4504366792150546 0.061378426530639185 0.09638492500795415
8 0.3581724092772782 0.38124846505011134 0.04656994886507215 0.057163338339431546
8 0.1883733524677113 0.03931386169238518 0.07637829506457738 0.07508236334340862
8 0.24340183326738143 0.028231458366475747 0.05225883346523713 0.05137214334022695
8 0.21611784903682468 0.1265801875298282 0.040994724531463966 0.0668607833386361
8 0.8215352891604943 0.9696277133891451 0.05673338479802048 0.060744573221709786
8 0.7850974255255666 0.9176460551101654 0.08855168613080422 0.09084372334499946
8 0.884280574525979 0.9334535526236876 0.05172646179719598 0.10017754167329507
8 0.6342642530193812 0.696089995922155 0.07205333366309286 0.12774855834261323
8 0.7724514285607418 0.9781099658855658 0.06403441359851536 0.043780068228868485
8 0.25764036627439163 0.27750488920272565 0.08453177586424743 0.08689202001113583