8 0.5381664594607334 0.21230981208909713 0.21029880417717317 0.28802982785270287
8 0.7272804284040213 0.11971037815497575 0.2055953931919574 0.2394207563099515
8 0.3768949899436429 0.4717892142286243 0.11571234924624485 0.10656575423852765
8 0.19164733236487302 0.5601909349163567 0.10670362425109392 0.23456232164970459
8 0.13921265830343016 0.7854156919467974 0.10714230455162621 0.16842897642635135
8 0.8915627520716145 0.26881383995474994 0.09765560531023065 0.1952269168730575
8 0.839525530295683 0.1554684026095431 0.14038536818710812 0.14662890508623327
8 0.5418728551108811 0.06139357178057759 0.09008241477823775 0.12278714356115518
8 0.17500486419473693 0.25159987748232665 0.22161945720189236 0.14068394695929076
8 0.043606801133057385 0.25544732526905967 0.08721360226611477 0.16879284946188067
8 0.014689746101241989 0.8858732547563837 0.029379492202483978 0.06032214691876403
8 0.0267367004644294 0.5523223252690597 0.0534734009288588 0.15039601013193993
8 0.06905878463826154 0.5483892943553842 0.10941429394571256 0.17242619468523368
8 0.12386561702738039 0.4728729003833262 0.06521002500484918 0.131453361248705
8 0.31846131683045553 0.6632436409240354 0.044403317428503786 0.11491867865988192
8 0.25243367800532246 0.6497804833554754 0.05771638939893553 0.1349957382131759
8 0.3774137086875815 0.6322852489164481 0.10331593182259013 0.12155397642635135
8 0.35891941265813154 0.8111781229342128 0.0737401310639858 0.09293667080199874
8 0.42006375546593755 0.6818598232032724 0.10092412652205796 0.18759635339082203
8 0.17409046606215284 0.9540399229747394 0.07346120530538142 0.0656838890608813
8 0.3096730601926673 0.9020011280001826 0.060347181822590135 0.11955267473094033
8 0.28131248671230064 0.7846343840483878 0.033442112123122425 0.052145773883234714
8 0.355132333874808 0.690721150746389 0.040417512502424646 0.0660905536598817
8 0.34594275681289177 0.12397780862453511 0.05907172424624485 0.10392767473094039
8 0.3976007227241869 0.0670536533300322 0.12053525379302188 0.1341073066600644
8 0.28236699241395635 0.2592464516143578 0.057556957201892356 0.13304261321317568
8 0.632513766096097 0.04971761334404884 0.10411309280780601 0.09943522668809768
8 0.8722516480840925 0.5411383250664265 0.0717470674285039 0.11619223428423431