8 0.3007567556700257 0.8535930813359895 0.3624608852270721 0.27958213951278843
8 0.6693028664446559 0.7238218274859359 0.4958196884453807 0.292032554210911
8 0.7364312393125315 0.19826695531310629 0.5268643697657827 0.39653391062621257
8 0.7197073955502374 0.3791510650091028 0.528080167410159 0.363299919001701
8 0.537882893684064 0.5413689699515402 0.4974585981003068 0.315470054210911
8 0.6674800799235563 0.9031342020324113 0.3576262837341333 0.15471854876861535
8 0.27271537713212424 0.5301710891617424 0.13737394988378449 0.12559525544229566
8 0.34883904112506303 0.40281802949872425 0.18510946844716702 0.11167537114013482
8 0.15012507563471963 0.23537944181338977 0.2645180990210995 0.1884858970008505
8 0.39625943439790684 0.12535960934849438 0.4223248812041863 0.25071921869698877
8 0.4047891848583032 0.17388077212649605 0.1455006652288584 0.10249877858186346
8 0.8359192429957023 0.6537077183691097 0.20828720143483093 0.19236733779135706