8 0.4615320142253699 0.13632739073093894 0.35427972154926024 0.2481429879270372
8 0.20742090051850412 0.3759815038493503 0.41484180103700824 0.2714942576987006
8 0.2978185559806868 0.8506041718155374 0.5956371119613736 0.29879165636892524
8 0.2643556639683507 0.712093082413827 0.5287113279367014 0.34462865741327997
8 0.3709723786831708 0.4930363352652988 0.490096889249958 0.2965234326035604
8 0.1271990524427854 0.1673619021860373 0.2543981048855708 0.2370675543720746
8 0.627528017302875 0.40947305465640144 0.13514767327463018 0.12236044344079433
8 0.6098137714710302 0.5507562821754295 0.1826100402288584 0.10481878707186909
8 0.8521039308108292 0.6291830009486676 0.2247727199982137 0.1785965032314858
8 0.6981560975661463 0.8463215171334367 0.4181999279277697 0.30735696573312654
8 0.6538144422492329 0.7758398364053407 0.1432743886197041 0.09932086216700942
8 0.06978049132397444 0.49853928854544854 0.1395609826479489 0.1845785770908971