8 0.7847657915937534 0.5785647472844369 0.15109515167488596 0.06842851368123859
8 0.7844035332789798 0.44174363834052466 0.07689912834181767 0.06649199881257539
8 0.8607238157921042 0.349004770181144 0.06901844834102233 0.06022318803692661
8 0.9396549282901157 0.3677987449095877 0.09611220500477247 0.040171838251697345
8 0.5297245766032984 0.49484322563194 0.1039701583386361 0.044487524027346015
8 0.5853211432805706 0.4195842760614813 0.09243322167409063 0.059498370363872954
8 0.3987154257340386 0.7527871523056916 0.08852697167409063 0.059293652476048564
8 0.5033553365690954 0.7455680433049937 0.08664202667488596 0.06505066853213637
8 0.6693595982356295 0.7552451160375299 0.08085083167568152 0.07060296670039978
8 0.21585823987511937 0.931795512493814 0.07269743167170428 0.040896655924751
8 0.08265007573801575 0.7069081283919167 0.13145026834022694 0.05763929924211686
8 0.18614297407108393 0.7142862774192629 0.10596873667249973 0.04849613297125832
8 0.5443589140575619 0.8327296980991059 0.12361504167329507 0.05527673846646808
8 0.5183092157165394 0.8880396568282474 0.1020170333386361 0.04438516508343393
8 0.4524243106998357 0.9937366908351312 0.13905822833784076 0.012526618329737671
8 0.35998040987034685 0.9718726223282946 0.05732242500795426 0.056254755343410734
8 0.3781501123886415 0.8406307503665698 0.06511219834102233 0.06001847014910222
8 0.7637218498866529 0.8754950792892272 0.152934643340227 0.058765247625150785
8 0.6653390307229028 0.8488415776216616 0.0864147600055678 0.04551941853213637
8 0.7627673298755171 0.9575263292892271 0.061183221674090627 0.05786062726127783
8 0.8547232915440397 0.9486653246531 0.13533379167329507 0.05589089212994125
8 0.6360073815444374 0.9342714354349348 0.0885269716740904 0.059293652476048564
8 0.603407197396198 0.7967379664164715 0.1000411816717044 0.042329681139521735
8 0.7933737249363666 0.5106148080600856 0.14330537834181767 0.06997220290558981
8 0.790309045790911 0.35410891070030515 0.07478691667329507 0.0527177648686632
8 0.664604519116025 0.408104813289925 0.06097868167170439 0.04028250226127783
8 0.6181513308103987 0.20144427719212027 0.12747583833943166 0.05157520635429236
8 0.8626435349697741 0.2680012621531001 0.10792186167249973 0.048598491915170405
8 0.8016200841422738 0.22180820541986612 0.08455254167329507 0.05322955958822417
8 0.7132635624701718 0.25724111544381756 0.104106518340227 0.056206274027346126
8 0.6403615907960812 0.30814133451906656 0.066997143340227 0.054261454093014416
8 0.6183658657901157 0.35096069863603246 0.0512585100055678 0.043676957541716965
8 0.704269275789718 0.3583941796681688 0.05511930667170439 0.039975425429541245
8 0.4524531949693764 0.24943557143154022 0.07655822833784076 0.03719512381257539
8 0.4957167074614222 0.31033239766956455 0.10029117500795415 0.06381405613952174
8 0.08718541414704636 0.14918858194800463 0.13540197167409057 0.06175026712994108
8 0.13570604496539931 0.2621502975177655 0.07276561167249973 0.046756030924751
8 0.27802281329568357 0.29208343792335534 0.13149572167409063 0.06154554924211675
8 0.46422944581477354 0.1611313581230573 0.1391264083386361 0.04632998501776553
8 0.564065403306024 0.23085596873453507 0.0627954466701135 0.028666111205190026
8 0.47535730247454666 0.2125267617865304 0.10401561167249973 0.048393774027346015
8 0.9021364732853432 0.4010101749752561 0.07262925167090906 0.035037280924751