8 0.3895126838938128 0.3222385022437524 0.21374288804829888 0.12125836912750532
8 0.5027283352904061 0.23383934168041215 0.23534101962538867 0.12383662559356712
8 0.40070117738731015 0.24561198617752558 0.06327703285015551 0.04863673413162889
8 0.3021628582749268 0.28369498804136073 0.1540115722774008 0.10002221512915477
8 0.1565981674863819 0.2869522704705979 0.16459275650650262 0.08083194592882481
8 0.4295980818077464 0.43943645247802043 0.10336334204396369 0.06735146179719598
8 0.19516711479907622 0.34452307807158755 0.09130332231269433 0.06115110599752582
8 0.3146613749647064 0.029324468403752517 0.09520957231269433 0.058648936807505034
8 0.3447169309052634 0.012396132637401996 0.1113088618105268 0.024792265274803993
8 0.2432392926981434 0.061397683673401954 0.16275338808359247 0.08272824079554647
8 0.4958749571606823 0.06578534648049462 0.09888830915851465 0.05747217653063921
8 0.962148473409292 0.2615567154932779 0.045130124964706475 0.038359637932123714
8 0.9976189209161012 0.28078584999451506 0.004762158167797681 0.04554700646606191
8 0.28487966759226263 0.17170286627439163 0.12841269731269433 0.06223087852981446
8 0.12494221043158038 0.09614273687002056 0.10888144731269433 0.061662577197031
8 0.2351607531650174 0.12423866447307207 0.05569204600433508 0.0523156635985155
8 0.5677318912662566 0.17423309951566984 0.10658705258142476 0.05574637206375266
8 0.13238363463622643 0.24070240193665976 0.06064136838761658 0.03686115399835055
8 0.44549003262074716 0.27561172324540184 0.1698833486210536 0.07123681132865989
8 0.596781078642729 0.303490780549608 0.048467592079257216 0.028707673198680395
8 0.6088883450678069 0.32661571481657703 0.054440723656347334 0.030831288598515583
8 0.32392108184304 0.4053390745417731 0.12003141442724519 0.0522379329967011
8 0.3211909239928845 0.3584640745417731 0.12209829600433508 0.054247888129979493
8 0.1864156673981479 0.3790153313046185 0.07890203285015551 0.04909137519785567
8 0.2901867890566626 0.4307760794407834 0.04846759207925744 0.028707673198680395
8 0.32263123311610564 0.4503746098083298 0.048808861810526794 0.034567048198680395
8 0.6278875160015547 0.45127473401690693 0.07545080915851488 0.05679021493129899
8 0.7641512396931955 0.4394841246874224 0.08292203942724541 0.05115816046441246
8 0.8896814961996982 0.5121325314241645 0.07522329600433508 0.05288396493129888
8 0.8364824632966023 0.5224844225893193 0.07785896046687402 0.06465954506457727
8 0.6882444929464469 0.47984326751855644 0.05937078285015529 0.04852307386507215
8 0.7021814961996982 0.5175882242188863 0.06729703942724541 0.050703519398185515
8 0.3816703778297283 0.4731121833766184 0.05650760523343701 0.03284124373179376
8 0.5221238316842189 0.5668471541804121 0.12427893415851488 0.05821096826325789
8 0.9672062809323577 0.6594438789928656 0.06558743813528456 0.03915525979802048
8 0.8736574369000091 0.6065076628902264 0.08476140785015551 0.04926186559769086
8 0.8257393645167275 0.6235534162221852 0.05500950654179615 0.04059691359851536
8 0.8226014270520211 0.5864724562888244 0.06293576311888605 0.042777359131628945
8 0.7616380521226083 0.5139017801538965 0.06868138154179615 0.04099472453146413
8 0.7414609664792664 0.6377442770197935 0.12071395388978412 0.0639566829967011
8 0.7094339336291109 0.5917217290189687 0.0528288683876168 0.036633833465236965
8 0.9588546078690505 0.692068252425814 0.07063450654179615 0.04105155466474231
8 0.057613542380501134 0.40134922266762885 0.05764517100433508 0.05237249373179387
8 0.07876536796409359 0.47899116653476287 0.10588524992941284 0.07717391693047426
8 0.08705124618205133 0.5540728187682062 0.1133564801981434 0.07154186246358751
8 0.12562982508948226 0.5950136488025567 0.15932142758142492 0.05728078566226813
8 0.6571064269637872 0.6842185304506802 0.060755124964706475 0.03881427899835055
8 0.6888875947501645 0.6588383556849482 0.10842642100433508 0.053850077197031165
8 0.5113789103445947 0.8694290036129482 0.08682828942724541 0.05127182073096925
8 0.7725385090538823 0.83541816318701 0.11174462492941295 0.07734440733030934
8 0.6963666340538823 0.8376345383848657 0.05385267758142476 0.05421195846523719
8 0.7154052426464512 0.7950172194188039 0.05466823681052668 0.03473753859851536
8 0.663229107657289 0.9237036634837936 0.09475454600433508 0.05345226626408239
8 0.625768831331283 0.9355540385827213 0.1316171446606822 0.08377208366309286
8 0.49435395016006944 0.5099403433463916 0.09831952627306562 0.047706551530639185
8 0.6008744928582128 0.575316136349278 0.056147072312694224 0.06012816359851536
8 0.5606849699619261 0.4395350835483709 0.046514467079257216 0.02865084306540211
8 0.5448833486210536 0.05066430308189666 0.08074140127306562 0.04719508033113405
8 0.582741772966874 0.045649865482968816 0.10268080258142476 0.05563271179719592
8 0.6367361906297238 0.1497262772176492 0.08442013811888605 0.043402490597690746
8 0.11606737485882566 0.14531184266969066 0.07890203285015548 0.04909137519785567
8 0.19313003928607092 0.19198042260511333 0.05282886838761658 0.03663383346523719
8 0.0746903056582083 0.27466228350164945 0.059712052581424896 0.05438244886507215
8 0.1976330556758551 0.25249888253847413 0.04501636838761658 0.036406512932123714