8 0.37935840606784843 0.43804346824160034 0.2379938038485625 0.19271298911769508
8 0.2870214651752165 0.26482326100504977 0.27033641028517985 0.2085197962992874
8 0.13998454963123108 0.45505474800124207 0.21222113057393244 0.07542322257804934
8 0.769998155582864 0.7705954605855017 0.18538262005632156 0.11040902834530653
8 0.08606114618049135 0.49940912665982484 0.1721222923609827 0.11446299668035032
8 0.2675875471348037 0.7940178694654041 0.1952571417217972 0.22370164129415615
8 0.24564614365947587 0.9542366156840765 0.15458341120597258 0.08875420911256371
8 0.8942679754983818 0.9338682356404598 0.08554115718308664 0.0785908809028304
8 0.8401048819305335 0.4939328364154141 0.2580579724700529 0.11668883245273887
8 0.8847187789111362 0.28867858570824645 0.1774746079876639 0.08107806449875787
8 0.2967536286831708 0.47464216164443074 0.1589404523556237 0.06730392295911236
8 0.07626251466117813 0.5706129670434534 0.08099309189612056 0.04147014295398099
8 0.13931505520516352 0.3808700868477906 0.1865162902288584 0.09870164129415604
8 0.3503815287658667 0.14048166093726316 0.11997346442428136 0.0963621760332723
8 0.28509510936885296 0.09693405164699645 0.2113606120105498 0.09103685962919983
8 0.29359718069014795 0.04514783177487264 0.20808279270069774 0.04416185962919983
8 0.492114339690232 0.5984547334896557 0.09626281281512705 0.09231957064707785
8 0.12873757762157448 0.6298537540268172 0.07386347091900641 0.05119031615858294
8 0.6867314860159928 0.9702175952696597 0.23501681528696627 0.03846156591309313
8 0.8583467190036567 0.8891736196174503 0.07122746689612058 0.04141332820973331