8 0.40714203740540666 0.24686408387493697 0.14779418355496254 0.09018473453871045
8 0.4713315303710468 0.18573653421911776 0.1355979310835047 0.07764652971124747
8 0.591730584220944 0.23528814700519082 0.11519125988583179 0.05479639666547581
8 0.6318525537077337 0.28412296430359996 0.11160334486680368 0.062335745056321445
8 0.5667876395444208 0.36673488895941914 0.12367689847885033 0.11965924907920733
8 0.7405361807991778 0.3808432605667872 0.13292855237631773 0.05993182890667037
8 0.4599444083182058 0.3690571326099634 0.16437418849787844 0.1147148409753278
8 0.3004181817970562 0.24625664002548125 0.09254959733826162 0.07268873701054979
8 0.3823002340312105 0.39986348873145383 0.2087389772811774 0.1041842094806027
8 0.22654597081820582 0.35273632396299176 0.14265106226214952 0.10735313212497899
8 0.1541145318446263 0.25561299258448217 0.06253646863107476 0.05306197494189224
8 0.09577776739589267 0.22117399304487853 0.07206334239534579 0.04788547896477807
8 0.3944318138314161 0.3184468298520511 0.10980938735728962 0.06610541925174429
8 0.46547880185414037 0.2813030834145406 0.058232299904859786 0.04302319833273782
8 0.8516869039931545 0.4170166818299743 0.05464438488583179 0.05056254672358351
8 0.1287272300861731 0.30182564542955614 0.0890412660644766 0.08218121040139548
8 0.07052475232929452 0.19198646968308675 0.058232299904859786 0.04302319833273788
8 0.16140641425900015 0.2208664699982137 0.05831188365010276 0.04497632333273788
8 0.39521938669294887 0.4673623451680712 0.10574396986680368 0.06192601764258998
8 0.33531250489643954 0.49549163353075615 0.1502248110264205 0.10204006034328772
8 0.465100822577206 0.5789975382420036 0.06253646863107476 0.05306197494189213
8 0.06737292980129936 0.43758167249910684 0.10590313735728968 0.06583226764258998
8 0.11085897414537879 0.4278910276998046 0.06799792490485979 0.04370607735562371
8 0.1382972189646124 0.3553794752570192 0.06401209115961681 0.0414798007464694