8 0.5734631139015067 0.10313814438859739 0.07448009782353893 0.04837866883752823
8 0.5619148081342495 0.07438707894189134 0.06663350897699027 0.04215542080199894
8 0.43389421704345343 0.0959704998986834 0.06480537641433515 0.06354882754311661
8 0.3343643826854001 0.08693800610168181 0.12532952551663612 0.062462593568468616
8 0.21971957882345744 0.3265891651168565 0.10186929961893709 0.05746472446188078
8 0.06762078332478105 0.2878317359391187 0.1352415666495621 0.08058652812176259
8 0.012098757685400087 0.23476026881726492 0.024197515370800175 0.06172946236547017
8 0.04368331357540209 0.2107983550457066 0.07654685231203423 0.06800088709641056
8 0.018821065696904865 0.26764500491117676 0.03764213139380973 0.05064749017764647
8 0.16771243254982685 0.20404530810667917 0.08627838846548569 0.06259635339082215
8 0.15353490632602312 0.2915961484188554 0.0882087875677866 0.058781071649704586
8 0.2678381706214212 0.2784620052742396 0.12931531615858283 0.07631640508623327
8 0.1627664727300956 0.3829381821244438 0.09032099385167991 0.0862157899085868
8 0.29065704101018114 0.2158924327970929 0.10381106167008758 0.05560256772076305
8 0.41172303473911626 0.047211947375830114 0.08627838846548563 0.06259635339082216
8 0.43215633697053546 0.22687535902812456 0.07265196526088369 0.06977207557864595
8 0.6909517320460191 0.045922236355658105 0.06463493218159244 0.03425195254311661
8 0.4267678732467317 0.3140168421753304 0.0902300902608838 0.0705907899085868
8 0.3260058100395641 0.34897514500776994 0.09807667910743234 0.07681403794411612
8 0.29196815940018317 0.3261530270382106 0.06280679961893709 0.05564535928423431
8 0.2941201360050498 0.29188237127932826 0.06470310987468952 0.04597070254311664
8 0.8755838896636325 0.19450681426183752 0.08833378000513137 0.08026544664970447
8 0.7305753958119526 0.2832697154191294 0.13713917910743234 0.07863340312176259
8 0.6318573611955812 0.30251204999268655 0.1077400375677866 0.059690754238527655
8 0.7123331894053145 0.2304229763785114 0.054880670130441844 0.03575023624870499
8 0.24784672119301554 0.3584732503630628 0.07845452551663612 0.06027935535529283
8 0.07567563342186907 0.585182973015266 0.15090195769822848 0.09489518093393867
8 0.08013801681443676 0.6572211773680602 0.12743036885167994 0.08794418682735095
8 0.08852937610470347 0.7251711952030897 0.09030963090283042 0.08426266490858669
8 0.09385469250877593 0.8166951654264427 0.08239486436318472 0.06632066687305738
8 0.18091079186939496 0.7882330154061794 0.060785496925839955 0.04383564102535198
8 0.21348960578373016 0.7261851641346211 0.06472583577238855 0.04987695254311664
8 0.33232408226585197 0.6054472094722407 0.1018806625677866 0.05941784946188067
8 0.3657203773962938 0.5706976240712411 0.07644458577238855 0.05042276209641061
8 0.2908028060420482 0.6942716054087694 0.0921832152608838 0.07068175816746924
8 0.3573113225816939 0.6736005596067705 0.05697015051663612 0.05927870450758732
8 0.3111174484116063 0.7265195636905051 0.08427981167008758 0.05469288513193993
8 0.26887527603691685 0.7714441312564749 0.06279543667008758 0.05369223428423431
8 0.2529662023156788 0.8210000023275336 0.07066475141433526 0.06382173231976362
8 0.1998398055803703 0.8908389578173562 0.1058550902608838 0.07131853597964533
8 0.2953383975010789 0.9215377631321224 0.1273508282097333 0.07427231182735095
8 0.34246906385019316 0.8754092124189468 0.06662214602814087 0.040202295801998966
8 0.4520997301993074 0.8263696774215368 0.07645594872123807 0.05237588709641061
8 0.43720698929904267 0.8690441268631541 0.10384515051663612 0.061461942720762996
8 0.6176330809742616 0.7337219220459805 0.13324429205628174 0.08040459160399793
8 0.5518568235343512 0.7963396712185383 0.05489203307929147 0.03770336124870499
8 0.45062319794992844 0.9123526615509778 0.1527300902608837 0.07350177419282122
8 0.5172794328246179 0.866290990748979 0.052961633976990496 0.04151864298982266
8 0.7563163189231111 0.7253100506653356 0.07845452551663623 0.06027935535529272
8 0.8416970344294845 0.8170105722745136 0.1606334938516798 0.08949064722835054
8 0.9767524146251474 0.7609290749116333 0.03749571526088369 0.06813464691876403
8 0.9711657503975359 0.7143269796882803 0.04914628756778683 0.056961706472058005
8 0.3996721548182445 0.7760914454113594 0.10787639295398088 0.08312825423852788
8 0.328990358980635 0.842842865231123 0.11169173936318466 0.06768519075629231
8 0.18557770834125403 0.8251149697589736 0.11748293667008758 0.0562393455329393
8 0.9740335927799224 0.557009448929398 0.0451604969258399 0.043107894954293347
8 0.9452480504781509 0.4704833478126328 0.10391332820973309 0.073180692720763
8 0.4897628126227448 0.058221654520537236 0.052927545130441844 0.03565926798982269
8 0.4498714684577886 0.03469587882762484 0.05879828307929147 0.03788529776646965
8 0.6101583923695582 0.012051730899887094 0.03341902102814087 0.024103461799774187
8 0.519893562161067 0.24914897487842008 0.03924430718159222 0.03306936517764647