8 0.8134285392752163 0.37083189245517423 0.04311833993129888 0.07561370113790655
8 0.8456266867085772 0.3744390862063865 0.03708847453146391 0.06927602954677703
8 0.8702814556121234 0.5027274155635124 0.060355484131628945 0.06532984091129501
8 0.9145706845479585 0.5954209757925486 0.05051212852981446 0.1288263727290362
8 0.728479344319876 0.7671969350660555 0.04983016693047437 0.10538887272903619
8 0.8230203872238346 0.9158732610167355 0.06911319592882492 0.16541751250242465
8 0.9005591210586801 0.9634670758691897 0.05741534639736079 0.07306584826162066
8 0.9016284433567006 0.9056489863984623 0.06069646493129888 0.07704859091129501
8 0.8644547236253192 0.9607666325921052 0.04581025666391758 0.0784667348157897
8 0.8630744789200409 0.7840571316620341 0.05517807073096925 0.0882890443201656
8 0.7846757784879173 0.8207283098788289 0.05328177586424765 0.09008273712312231
8 0.7556601185181441 0.7077461161276166 0.06619395866309286 0.13205495530538158
8 0.6951550444552161 0.8359350824133647 0.07867240086424743 0.09215535568468369
8 0.8076348013169894 0.6708757282507389 0.04793387206375277 0.1071825655319929
8 0.9248552953455669 0.5110977670807212 0.05517807073096925 0.0882890443201656
8 0.7468756349800822 0.5386613407483144 0.0645458847980207 0.07541433030538136
8 0.8259399755049484 0.24361964984186849 0.029219144398185737 0.06668517575860439
8 0.6648548352143503 0.5652480295710229 0.06505735599752582 0.09299245530538158
8 0.6676453830173192 0.6711950761621523 0.06913409639736079 0.09917069469946771
8 0.7021196714179792 0.6975023557089295 0.052542984131628945 0.06469211212312231
8 0.7337674823509275 0.6863813958616201 0.04088106426490734 0.06568864394086349
8 0.6185259437682062 0.10530722256120621 0.07470932073096925 0.08988336629059726
8 0.5854319000728246 0.2670579557040803 0.06837440419620622 0.14002688750242465
8 0.6030982059089071 0.36638824377303353 0.05189695219703094 0.10945455492607925
8 0.6420725250728246 0.27168148941833214 0.03278441359851558 0.05528529015269079
8 0.6869417978861028 0.7481441428296273 0.05495075019785567 0.0804765443201656
8 0.5336093918260614 0.9475537295552631 0.08238725999587637 0.10489254088947386
8 0.46284225075983465 0.9599003848570076 0.0776285579967011 0.08019923028598486
8 0.3949479670603295 0.9747681625072737 0.07465249059769075 0.05046367498545257
8 0.307636093627381 0.9851716774678888 0.06018499373179376 0.029656645064222387
8 0.3030165313252367 0.923348700201774 0.04076740399835055 0.06178239394086349
8 0.34941598979047384 0.8762343907337669 0.04478731426490723 0.06600750833494962
8 0.4221512850529069 0.7314238926302778 0.05172646179719598 0.10359517992607925
8 0.44290438291839146 0.6910260271007096 0.045128295064577384 0.07772625833494962
8 0.3517744403215254 0.7951797032337669 0.06511418613080422 0.09494558030538158
8 0.3479325350529069 0.7253654691426374 0.05622191359851547 0.057198476517208885
8 0.314920800921278 0.7833614289899467 0.047308740597690746 0.0856981905319929
8 0.2869907847561234 0.834920031829864 0.048636734131628945 0.06437324772903619
8 0.24506587762366971 0.8628219556919574 0.05862967966474231 0.07298290871425195
8 0.19801287262573153 0.9323972026599645 0.06355887206375266 0.10845802310833808
8 0.1338798279568656 0.8488515079604967 0.06424083366309286 0.1318955231083383
8 0.16097535695521614 0.792330376522058 0.033125394398185626 0.06700404015269079
8 0.16929639251855638 0.6745648945146658 0.047081420064577384 0.0778856905319929
8 0.1333161055860203 0.7000154274678888 0.05178329193047426 0.10554830492607925
8 0.19807592504672145 0.4928843308791839 0.07021386892964954 0.13628006969946782
8 0.1615093719490307 0.5721255174309283 0.03284124373179387 0.05723841515269079
8 0.08736083795274195 0.6982218958373743 0.06107337539571142 0.15696728371425195
8 0.10715533815059766 0.6234849106107628 0.03663383346523713 0.05365102954677714
8 0.15503695904301015 0.3572220206501478 0.054950750197855724 0.0804765443201656
8 0.03784734506973191 0.3006216566305145 0.07569469013946382 0.16410211629059723
8 0.031762939017587616 0.12103384204677706 0.06352587803517523 0.11041114810833824
8 0.1178723972355051 0.08695351761815491 0.03100177899835055 0.060985232955647534
8 0.08419666633690716 0.13412757386694263 0.0529976251978557 0.08031711212312242
8 0.23574150781946362 0.7122918678126551 0.07533445219703094 0.11136774129059734
8 0.1970513393219378 0.7972329971673565 0.05786998746358768 0.11383910151720866
8 0.26565142072548414 0.9291085509579537 0.0463217278634227 0.11874188333494962
8 0.23419699500206181 0.09253348334222347 0.0391552597980207 0.0733417117438202
8 0.3278901648687835 0.1021393538002956 0.0659098079967011 0.12228933030538142
8 0.8868052875103092 0.4394700320413363 0.030774458465236965 0.053172732955647506
8 0.923090625577773 0.4708195562851564 0.03289807386507215 0.05919154015269068
8 0.8935141788733194 0.309826367836901 0.03606553213245345 0.03411977954677703
8 0.916207015868371 0.1354800076102895 0.04708142006457727 0.0778856905319929
8 0.6933711175446596 0.4598987731325841 0.030433477665567032 0.041453982955647506