8 0.22265625 0.19373118098741532 0.080078125 0.18732344861417516
8 0.3564453125 0.11132798025397628 0.05859375 0.15897904776646965
8 0.205078125 0.3332217703173562 0.0703125 0.14585298231976362
8 0.1005859375 0.26484638466756044 0.037109375 0.09352527191876414
8 0.099609375 0.3957512437970016 0.05859375 0.07108842276646965
8 0.048828125 0.497725793527942 0.048828125 0.144852331472058
8 0.0908203125 0.636394975961972 0.046875 0.13304261321317568
8 0.1357421875 0.6860605185076787 0.068359375 0.1535745140608813
8 0.1640625 0.896655541253885 0.068359375 0.1223245140608813
8 0.15625 0.7817850392894142 0.05859375 0.12772904776646965
8 0.2109375 0.8671285530407092 0.078125 0.10520123035529294
8 0.1083984375 0.8162403241320312 0.05078125 0.09611517473094033
8 0.080078125 0.8917781138858248 0.052734375 0.11964364298982266
8 0.171875 0.6726588557183557 0.05078125 0.08049017473094033
8 0.177734375 0.4848859509417087 0.056640625 0.09052870450758732
8 0.25 0.5410904378630628 0.068359375 0.1184182640608813
8 0.2412109375 0.6723591700280334 0.08203125 0.11319566687305738
8 0.26171875 0.7397633783097689 0.0625 0.09470785928423431
8 0.2783203125 0.06809171060926915 0.04296875 0.09575130169541107
8 0.314453125 0.2216822353199462 0.080078125 0.18732344861417521
8 0.3984375 0.9287081001880063 0.060546875 0.09657001602535198
8 0.515625 0.933015629655067 0.05859375 0.08866654776646965
8 0.44921875 0.813061675457066 0.060546875 0.10047626602535198
8 0.6484375 0.9483141630510692 0.04296875 0.04497005169541102
8 0.6943359375 0.9207857839673346 0.076171875 0.09729776209641061
8 0.794921875 0.9209837311348951 0.06640625 0.08707729580199897
8 0.763671875 0.7486110982770122 0.052734375 0.08448739298982266
8 0.9287109375 0.735064905401456 0.05078125 0.09611517473094056
8 0.8896484375 0.5923530205791024 0.0546875 0.08848461124870499
8 0.79296875 0.7941215743937774 0.1171875 0.1499893455329393
8 0.8369140625 0.9405122885689251 0.048828125 0.043289831472058005
8 0.9638671875 0.5273727892415743 0.064453125 0.04987695254311664