8 0.661903202735233 0.45820405970063105 0.10809686227904347 0.19978689744247613
8 0.724159762973955 0.39727652591417206 0.11787079234471176 0.1627457001355732
8 0.7628847693344334 0.2974114845650578 0.13381117424211686 0.13159796667521895
8 0.7415124074219597 0.48606985424665017 0.0685391776908193 0.11559798936318466
8 0.8093046556976085 0.49349033251134156 0.10676619600818471 0.17439627244247613
8 0.8968411769267499 0.4675826933386883 0.07871423846646808 0.12346730410743234
8 0.9047339241285455 0.33859122122231694 0.05908062952255566 0.12140054961893709
8 0.9517928793521988 0.43502660532205223 0.08375474191517052 0.10787639295398088
8 0.873031613946609 0.2928632279550598 0.06874389557864369 0.11950423936318466
8 0.8290683422373264 0.14365938000877593 0.06360103318602883 0.13314202551663612
8 0.5153620413534998 0.942602436699389 0.09362272585908249 0.10988633269822845
8 0.5433324026154756 0.8984809984922214 0.049536332541717076 0.05105396077238855
8 0.5765908596202659 0.8807040218873547 0.11706022585908271 0.11002268808442284
8 0.6333421486298465 0.8452068834218691 0.11016895635429247 0.12755536128902456
8 0.705569051756393 0.7881287848911624 0.04850443803692661 0.06862072282353893
8 0.6403814549397251 0.6253723729077986 0.1093417797373264 0.14902837334017516
8 0.6458064789670712 0.7288879979077987 0.09054365247604856 0.08839059474937905
8 0.696485370023159 0.726639436237711 0.050150486205190026 0.06277271077238855
8 0.7332323361866322 0.7381479716839949 0.04634659514910222 0.06470310987468952
8 0.8329965986804462 0.9641991389857665 0.056009861205190026 0.06280679961893698
8 0.8498665161387292 0.9133042594972711 0.04984340937345344 0.05691333577238855
8 0.6837319220634803 0.9865584610471796 0.06157046443912195 0.01988350141433526
8 0.7203115431346367 0.8271174257236406 0.04018014331736586 0.05880964602814087
8 0.7741082294472121 0.9029995455279778 0.0468583898686632 0.07446873487468952
8 0.7316346640354363 0.9872566313003663 0.043889980495209535 0.017828109874689524
8 0.7664645289164715 0.6080322187325797 0.07317024536387295 0.09219457820973309
8 0.6024947337167696 0.4243595791916919 0.06196329008343371 0.10189202551663612
8 0.5508268225621792 0.48229492925947853 0.08776335085908271 0.10985224385167991
8 0.5553817955662717 0.5692089917594785 0.06197159514910222 0.06479401346548563
8 0.5837574400710619 0.5514604225267357 0.0685391776908193 0.11559798936318488
8 0.6021253688925201 0.6969057388080633 0.03802230042954147 0.05489203307929147
8 0.5218937054766517 0.6944419322108937 0.04233798620519025 0.06272725897699027
8 0.5603462043460128 0.6639355542594785 0.03596681648562905 0.052927545130442066
8 0.49459282988293946 0.7326983139436366 0.06381405613952162 0.09995026346548563
8 0.4798005081106853 0.9164341008042556 0.08446294945688737 0.15864628000513137
8 0.426447826914378 0.9235825193976175 0.04634659514910222 0.06470310987468952
8 0.5304587418015991 0.31732404445257567 0.052308329093014416 0.06669032372123807
8 0.3373856809691647 0.41711019626080215 0.06853917769081919 0.11559798936318466
8 0.32874735343014455 0.6623523761981469 0.05158351141996076 0.09011646077238855
8 0.7979773822639746 0.3519114959090407 0.04048722014910222 0.06466902102814087
8 0.7147537433555935 0.6278702683515167 0.03822701831736586 0.05879828307929147