8 0.08315884677233451 0.5966796875 0.062072054286637424 0.115234375
8 0.04325806118494056 0.568359375 0.02193256284606898 0.12890625
8 0.194711065695369 0.6611328125 0.1334847817691035 0.193359375
8 0.1514556408038037 0.595703125 0.12860346622369911 0.1171875
8 0.11027401198551322 0.7607421875 0.10358832703488405 0.123046875
8 0.07426486446797928 0.8388671875 0.04890082703488405 0.123046875
8 0.17755076534237835 0.423828125 0.13408735541251415 0.111328125
8 0.10426360271317872 0.1640625 0.0934966822166855 0.1484375
8 0.3411156115033229 0.263671875 0.24981938425156958 0.271484375
8 0.3841004703880585 0.0810546875 0.119763440776117 0.162109375
8 0.4629385940383908 0.107421875 0.1326086482096719 0.1796875
8 0.5328857292935592 0.2236328125 0.2447109808739394 0.283203125
8 0.6289249951781108 0.3203125 0.1276516367201923 0.1328125
8 0.6152965983527149 0.65625 0.09156978716777431 0.087890625
8 0.6858013321220942 0.4306640625 0.11079825339147353 0.205078125
8 0.7581107929125142 0.111328125 0.08438309685308254 0.09765625
8 0.8850624209579185 0.1875 0.09482399753137716 0.138671875
8 0.8078630205103365 0.232421875 0.07919899753137738 0.138671875
8 0.8494156442760251 0.3017578125 0.07349101441952777 0.080078125
8 0.7788018574543198 0.3427734375 0.09314742635658924 0.08203125
8 0.9343402307585831 0.240234375 0.08222911397194554 0.125
8 0.9717538864894797 0.1376953125 0.05649222702104062 0.087890625
8 0.9551631935331306 0.353515625 0.08967361293373877 0.18359375
8 0.9770601538390554 0.40625 0.045879692321889154 0.171875
8 0.869256805209488 0.458984375 0.05155545766426739 0.103515625
8 0.7505032840416219 0.5107421875 0.13395919956626123 0.26171875
8 0.6898646042128109 0.72265625 0.13761512569213785 0.2578125
8 0.8281988413736637 0.7021484375 0.11730966802787046 0.154296875
8 0.8853022661498726 0.724609375 0.08533492635658924 0.08203125
8 0.8061032686184955 0.5859375 0.12982885564322677 0.197265625
8 0.8710847682724264 0.45703125 0.05117997185308254 0.09765625
8 0.8216555665836114 0.462890625 0.07046089797895938 0.09375
8 0.8784445895625707 0.556640625 0.07569446329365093 0.083984375
8 0.8810789780592477 0.29296875 0.09898057140550054 0.142578125
8 0.938199651058972 0.7119140625 0.05313309685308254 0.09765625
8 0.9756119886431809 0.580078125 0.048776022713638234 0.091796875
8 0.8995040127583993 0.51953125 0.031299465992986386 0.03125
8 0.920100636178019 0.4599609375 0.03728400293004808 0.033203125
8 0.9586624884297723 0.4521484375 0.03558120180417146 0.037109375
8 0.9975664693844598 0.4853515625 0.004867061231080383 0.025390625
8 0.942605051852623 0.7958984375 0.06542819054540461 0.076171875
8 0.11722499035622166 0.640625 0.05100534392303452 0.064453125
8 0.13181947099944846 0.837890625 0.10641758559431558 0.13671875
8 0.9386159787513857 0.55078125 0.04572231261535631 0.04296875
8 0.730279152523996 0.728515625 0.055662565545404386 0.076171875
8 0.7168984432793482 0.5654296875 0.042491338293650927 0.083984375
8 0.7141711106150805 0.4619140625 0.07842179595791854 0.1875