8 0.2187074979285762 0.759248282528165 0.07282220481717361 0.18156289439818574
8 0.3461663334843688 0.8575551434247011 0.05006427419282111 0.15359401293212382
8 0.2151329549184902 0.6196850902280826 0.06496152812176254 0.13842365399835055
8 0.10355870605551867 0.673977714931299 0.031528289908586804 0.09063937186589688
8 0.11513292596928544 0.5455829361308042 0.05759848428423428 0.06409124373179376
8 0.07311126498964007 0.43903441359851547 0.039752839639527165 0.14159111226573207
8 0.12840337675620103 0.30703550029678356 0.03920703008623322 0.12987236226573196
8 0.17806891930190763 0.2636196238286599 0.059466026157291796 0.14606566359851547
8 0.22617992374870502 0.06119455026037123 0.06173484749741004 0.1110230738650722
8 0.20792761450499736 0.171840713661031 0.05251503205070396 0.12245767319868045
8 0.2696730875202633 0.09464296062585578 0.07281681968523379 0.0976921796647423
8 0.16318498345679208 0.13250451322890727 0.047153289908586804 0.09109401293212371
8 0.1421045804898227 0.056797729529402124 0.04592791097964538 0.10666218279884537
8 0.21302183700240737 0.28121571366103104 0.04837866883752823 0.075525843065402
8 0.2021780557256691 0.4671708498282475 0.05264879187305749 0.08345200333195879
8 0.27998197425361104 0.42067276029265993 0.06368797249740998 0.11107990399835055
8 0.2826761634084955 0.2900691208924125 0.077086942720763 0.10561833993129899
8 0.3089256017359377 0.22549188539158777 0.058690103390822146 0.08752874373179387
8 0.26284282464425057 0.8902392826270928 0.039340789908586804 0.09086669239901024
8 0.3135464244691941 0.7434782715588042 0.07086907981717361 0.18150606426490734
8 0.4639153641954111 0.05640907652033011 0.056736978390822146 0.08747191359851549
8 0.5811938324542933 0.06177200951703119 0.054874821649704586 0.08936820846523715
8 0.5036441154872326 0.17654422885270127 0.055056758167469244 0.09327445846523719
8 0.7164811786598818 0.055956078779876614 0.04002035928423431 0.06357977253228866
8 0.7617910150431166 0.08653163177863953 0.07009315705070396 0.1229691443981856
8 0.862467920801999 0.09141150864247462 0.06032753205070396 0.12268499373179384
8 0.8116760452841429 0.2781547520774849 0.04856060535529272 0.07943209306540211
8 0.9761265066673779 0.31219694320622726 0.04715328990858669 0.09109401293212382
8 0.9239460189185815 0.4481873517078767 0.05069566687305738 0.0833951731986804
8 0.8458530402181731 0.2372139220431344 0.10979243486288026 0.13777762206375266
8 0.9042781717842343 0.08872710650795917 0.04551586124870499 0.055937762932123714
8 0.9806882376953198 0.5204036611727014 0.03862352460936047 0.044730484131628945