8 0.599609375 0.8763943872031967 0.330078125 0.24215471335556926
8 0.2529296875 0.7221613106239869 0.46875 0.2351489827238853
8 0.259765625 0.1796875 0.51953125 0.359375
8 0.2548828125 0.37644682267513735 0.509765625 0.3017938546497253
8 0.4169921875 0.550308385420627 0.46484375 0.25856375682618626
8 0.2177734375 0.9215845937032783 0.337890625 0.15626266515096732
8 0.6845703125 0.5565641614282425 0.12109375 0.1120326278286703
8 0.6298828125 0.4260229489960291 0.173828125 0.0889019274476075
8 0.8583984375 0.272349733980635 0.2421875 0.1615652556573408
8 0.63671875 0.12663999280557925 0.38671875 0.2532799856111585
8 0.6142578125 0.19564510258682527 0.1328125 0.08866330552176749
8 0.0986328125 0.6429808585830992 0.18359375 0.17294311719185496