8 0.29550045487761445 0.06812496409070792 0.11594523132866796 0.041754131471209044
8 0.30143267608974156 0.012132256691793962 0.1275159823659643 0.024264513383587923
8 0.26952014056524876 0.19126633247832453 0.18830057832167002 0.09846998666935247
8 0.31811054460954297 0.1335074048968996 0.10955444398600411 0.11138409200867017
8 0.1457175482400797 0.136682046180803 0.1171000845454474 0.08265599989411926
8 0.05884719346735601 0.1034876414956649 0.10615046784381718 0.0664622170086702
8 0.494202361777376 0.1144233721702717 0.10233393983681927 0.11874156570031094
8 0.7215765495337972 0.005530470703091317 0.14627809906759448 0.011060941406182634
8 0.7029670448717698 0.22879676380711095 0.25669139834497035 0.2055120655591366
8 0.9015792297785292 0.2221332837324951 0.17598983247085487 0.0899749472068136
8 0.8951738731934398 0.30588051398357885 0.1729715762470776 0.10146618405263397
8 0.8053021379778138 0.4013552145495245 0.2697712774941552 0.1984958615987653
8 0.7434995783332811 0.5177551388247578 0.12473544709789275 0.10643476962538867
8 0.4144877378262831 0.5898850102185705 0.08164783662003983 0.07670213150650262
8 0.6564981003787285 0.5993304512365237 0.203954716806521 0.07410317086316076
8 0.9713300256817896 0.5868277706312559 0.05733994863642078 0.06957217096904156
8 0.9448457076077739 0.7269688495386868 0.11030858478445227 0.07012169066501728
8 0.8890545583682316 0.6652362507941056 0.1381696011421869 0.05277107881919685
8 0.8355073423425855 0.722303007318255 0.07655759491840963 0.06084961835232283
8 0.7723256244987684 0.6651688296309495 0.07427933350815108 0.08210648019814348
8 0.9227925555185698 0.7868611685804829 0.12313659699300206 0.059673526202478566
8 0.997418091037257 0.8060520601290884 0.005163817925486036 0.06062210519814348
8 0.8220003420861642 0.841775270454788 0.18202634491840963 0.06699247351517279
8 0.7848326901164625 0.8949454085736739 0.17030759491840963 0.06630993405263386
8 0.797706293333242 0.9353922506882248 0.17453898132866819 0.04516682878390332
8 0.6889646903728839 0.7818435137541706 0.10363448547785303 0.033259092008670166
8 0.5999920583682316 0.6820722242033977 0.26133533662003994 0.08716773659876531
8 0.3749532557225457 0.6765426647801811 0.2575770855827437 0.08889334844458574
8 0.4415098112236989 0.8041030990445766 0.14879408143355866 0.09033548012755643
8 0.43821127958616424 0.8641284378529359 0.07549246369463236 0.07245461177523316
8 0.5456017095628638 0.7539011748046369 0.19191083039626244 0.09479124982353193
8 0.6919683773542358 0.7826494413885359 0.09777511047785303 0.0329178222774007
8 0.669861714749345 0.7368551288708891 0.09173859803029827 0.05590029596904156
8 0.5972866758507367 0.8146475794544815 0.08046384491840963 0.061077131506502624
8 0.8543288892831422 0.7506329514129917 0.13979758973192857 0.07425545381919707
8 0.4673018786537587 0.9114777273507684 0.09611798340326039 0.036710315700311025
8 0.609036870874037 0.9179356913003018 0.09085060425407576 0.04418154596904156
8 0.6412914185896632 0.8258168097585057 0.029119737552445457 0.025030092079257216
8 0.7052859774591265 0.8289556585030868 0.03151685944055682 0.031003223656347334
8 0.7256760827504982 0.8650412243092784 0.03346998444055682 0.031116980233437008
8 0.7091642422435003 0.9189700433687216 0.02296436462703788 0.02078257234798775
8 0.3878011802621484 0.9367064377999954 0.07205934906759448 0.05280960519814348
8 0.03425484025057663 0.06372333884365283 0.06022173858974157 0.024897072312694335
8 0.26457674455709757 0.11308445418977962 0.06335885529137175 0.04063582888978415
8 0.07806902956874776 0.17593353295603623 0.1307719595454474 0.08345229593374792
8 0.6230630207691463 0.8700368821064937 0.03992135529137175 0.039270749964706475
8 0.381967483939325 0.7173307766260015 0.07507760529137175 0.041318368352323054
8 0.5357900702971381 0.6632514971702717 0.08365923858974167 0.02626215123777209
8 0.6346000202446928 0.6339555334501464 0.1898679834032604 0.04217063140062183