8 0.18465305831494885 0.4744447558724948 0.1602526033908222 0.09048391066226813
8 0.2192046965483879 0.33983165643995866 0.08948526209641056 0.07867240086424743
8 0.1686348565457979 0.23207631523839167 0.07935576406088124 0.07057575019785567
8 0.0885567315457979 0.23440635070280408 0.10002142473094039 0.05362275666391758
8 0.4502111784037721 0.4472130228132781 0.11005995450758732 0.05976628233030934
8 0.4152422500534766 0.36045900047884516 0.10288423231976362 0.07321083679719598
8 0.5121706092363942 0.7292047501820615 0.0988870140608813 0.07114405153063919
8 0.4141076946373937 0.6988999619792575 0.0992508870964105 0.07895655153063919
8 0.2514552026500697 0.673400255674639 0.09357344861417516 0.082692311130804
8 0.643538242612133 0.9448111280193812 0.07853704973094056 0.05299762519785567
8 0.8271213670942771 0.7512482685909687 0.14017554383752828 0.07819685932948461
8 0.725401018924218 0.7366537255880821 0.11219501602535198 0.06372936246358751
8 0.3529427450409832 0.7767483259109689 0.13218110731976362 0.07406328879637125
8 0.3637946040156312 0.8368973899780204 0.10810682950758732 0.05970945219703094
8 0.3959676046882803 0.9627423273790925 0.142899206472058 0.052919894596041406
8 0.4939877277238096 0.952088320715175 0.06940820254311664 0.06638534953146391
8 0.5098937101983663 0.8199682325487833 0.07535854580199897 0.0685089649312991
8 0.13078682046483595 0.7724847736047009 0.15988873035529289 0.08267141066226813
8 0.2324857728531594 0.7665999191742268 0.09248182950758732 0.059254811130804
8 0.11143212185066076 0.8530175396709277 0.07127035928423431 0.0644890546647423
8 0.048030661705771006 0.8242396504685361 0.09606132341154201 0.07808319906292782
8 0.23899793631513144 0.8571076659411958 0.0988870140608813 0.07114405153063919
8 0.3054577481424824 0.7283928068095669 0.10606273624870499 0.05769949706375255
8 0.19369632237583012 0.4059148904726597 0.15448419664970447 0.09226654526243305
8 0.23497153406865118 0.25257661314028856 0.08298910928423431 0.06483003546441246
8 0.3424335080661526 0.33234510804342254 0.06663636321317568 0.048750394398185515
8 0.4382169758071789 0.1393864796125359 0.1340432640608813 0.07216699392964954
8 0.18696750853053196 0.15254852673880404 0.11423910928423431 0.06573931759686602
8 0.2577134540432079 0.12025761950742256 0.09284570254311664 0.06706731113080416
8 0.33324585866506173 0.1736484766762885 0.1125588890608813 0.07154186246358768
8 0.39065432873362166 0.2392695550446596 0.07712973428423431 0.06465954506457733
8 0.4011664030204459 0.2857751591783503 0.058914831472058005 0.05047619886507215
8 0.31679675920318107 0.2755519574759586 0.060776988213175676 0.04857990399835055
8 0.5855360757869156 0.22189620678346364 0.08226136321317568 0.049205035464412405
8 0.5285743693148575 0.2723155755152575 0.11096963709641061 0.07929753233030934
8 0.9395065420813271 0.20184432766008203 0.10333907361417527 0.08297646179719592
8 0.8860845200077699 0.3018978934920408 0.08076307950758732 0.058913830331134065
8 0.7427572531549758 0.30119209578799966 0.14035748035529294 0.08210310932948461
8 0.5955345065660612 0.1328585288836286 0.14362695254311664 0.0685448945960413
8 0.482159595741209 0.1800431589804946 0.06813464691876414 0.03904159953146391
8 0.5728434558528855 0.18033024528305128 0.11024189102535198 0.06367253233030934
8 0.115897788979828 0.2755460862036288 0.0763110199542934 0.047081420064577384