8 0.2607675917754392 0.5894708125298281 0.15948675557393233 0.07601415668761269
8 0.22985948625961458 0.45445519419357827 0.08694797896477807 0.07126702001113583
8 0.1333029899673735 0.3713671541812493 0.0785891757464694 0.06336361334340868
8 0.06783223873145384 0.39792683417210206 0.0832193685052749 0.045853668344204124
8 0.4930122822076749 0.4780083800624403 0.1088831451144292 0.05005536501431762
8 0.4199410419497625 0.40983013421982706 0.1000735507464694 0.06361360667965843
8 0.681617818268378 0.7192661392524393 0.0961673007464694 0.0635681533457948
8 0.576490507779821 0.7229217117381217 0.09671360396477802 0.0713806533457948
8 0.4155214952507671 0.7512974725493159 0.09112738057393233 0.07521872334499946
8 0.9033448068299743 0.8760174942810743 0.0773599935052749 0.04578548834340879
8 0.9563746851980182 0.6388157609603351 0.08725062960396368 0.06595308501749919
8 0.88128066711962 0.6581645134468129 0.11110942172358351 0.053984341681249326
8 0.5565423830949479 0.8144117767345422 0.13118697494189235 0.062024108350567264
8 0.5953178919162428 0.8665786692393148 0.1069300201144292 0.050032638347385694
8 0.6870870877771414 0.9758436650371858 0.1462656717235835 0.04831266992562844
8 0.770791618869578 0.9339969400958479 0.06700700155104666 0.06518037834181767
8 0.7216702653651963 0.8036482309237458 0.0746829257464694 0.06331816000954493
8 0.35045332415743735 0.8812932342059073 0.15880387655104655 0.06624853168761269
8 0.440495245565894 0.843310250885168 0.09144159591900636 0.05180395001193139
8 0.3697930950473899 0.9625070083744299 0.06868697494189224 0.061296855008749596
8 0.27813279585196704 0.963391980028635 0.1430423007464694 0.06411359335215838
8 0.48913189145584646 0.9248649250576677 0.0961673007464694 0.0635681533457948
8 0.49010890892857895 0.7853414842257926 0.10484031930985194 0.04805678668045399
8 0.23666105232210405 0.5238138583605101 0.15194740718308675 0.07982950001988542
8 0.2034106262605077 0.36925562669079437 0.08208569833273793 0.0575496916772722
8 0.33979462904747393 0.40792177837562305 0.06550466770069774 0.04369600334181778
8 0.33787633045771687 0.1990851267106798 0.1330035241373151 0.06009371001749919
8 0.11207838197970957 0.2911072158457949 0.11306254672358357 0.05400706834818103
8 0.162101772756126 0.23899782418641952 0.09198789913731509 0.05961645001193128
8 0.25658240781334063 0.26449140336568033 0.11165572494189224 0.061796841681249326
8 0.34050518720946116 0.3064501850433503 0.07427319833273793 0.05745878500954493
8 0.37253357830100453 0.3458535850473273 0.05782874350527489 0.045558221674090627
8 0.28984667344448767 0.3634310258692597 0.05964529270069763 0.04362782334102233
8 0.5116633917217972 0.22842882340067872 0.08099309189612058 0.04192469167727225
8 0.4829672682728438 0.292495595062838 0.10829577816020086 0.0695638883473857
8 0.8483047575853753 0.08890811928107428 0.14345202816020075 0.06997296835215822
8 0.8271341429577168 0.20477815677709718 0.07972284591900625 0.051667590010340436
8 0.693693212267569 0.25006229009187075 0.13954577816020075 0.06992751501829464
8 0.48026343132040183 0.14219587673056525 0.14444912252816078 0.05632382001909003
8 0.3980407022103543 0.22222786421863397 0.0666383378732347 0.031999980008749596
8 0.4808847147394082 0.19294303673016755 0.10915629672358351 0.05396161501431751
8 0.10406056330011138 0.4276214258434087 0.07695026609154337 0.039926113343408565