8 0.44227631581616467 0.6143746795480316 0.04799070219703094 0.10939890480682868
8 0.4455035398529894 0.7389961840838533 0.03748628546441246 0.0831538983270832
8 0.4231474557110514 0.4305981008486681 0.03737262519785567 0.0792476483270832
8 0.48104127927934 0.4934270153751148 0.03267075333195879 0.05156214573518514
8 0.45049414134721627 0.5338326209358788 0.03071762833195879 0.051391269439236
8 0.4099929231828863 0.6135083456648718 0.031172269398185626 0.067016269439236
8 0.4076570164461441 0.4919019667770247 0.026527227665567032 0.04128389184733794
8 0.47825202378676257 0.7575260811149875 0.03737262519785567 0.0792476483270832
8 0.4764380384837935 0.6516301403751148 0.04196083679719598 0.10302690091898148
8 0.5126485815856079 0.7194153531461216 0.058913830331134065 0.08308041258252308
8 0.4565252990574429 0.8985663194514458 0.03995088166391758 0.10090289962303234
8 0.29946793464688637 0.5088709579998258 0.04161985599752582 0.09130815091898148
8 0.6257266981725773 0.26523941923952427 0.04368664126408239 0.09538527721493051
8 0.6446687463712577 0.21990230590306586 0.03340954506457727 0.07695277073518514
8 0.4865818662585975 0.942315965186631 0.033011734131628834 0.06328089573518514