8 0.6447224668272651 0.497085136548051 0.05776555693610286 0.19566730361204665
8 0.64486953406125 0.6397030534206725 0.06332949526601506 0.14512480484777557
8 0.5895690859244347 0.5749349166812473 0.07675138539132575 0.1027131410644766
8 0.6000776818719606 0.7834202316527052 0.059411882317165654 0.14301251235728962
8 0.7137736795049682 0.7167470263767985 0.037575255902830396 0.0815902161596167
8 0.7463070416239053 0.6653257831733079 0.06868890051663623 0.05942605608350471
8 0.5950547858145183 0.30360970917173324 0.0451604969258399 0.042846051140588814
8 0.5157657346585012 0.3326131299893922 0.027661912567786606 0.05580167243340184
8 0.49933396529018514 0.4706483350274483 0.023744299618937204 0.053689379942915894
8 0.5149248764436365 0.4771443799893922 0.02953549692584012 0.04220938117864481
8 0.5611187506137242 0.42823334800260243 0.031568162567786606 0.055960839923887784
8 0.5314348842517815 0.661454383696579 0.0493053688516798 0.08402084363107476
8 0.5628603588578902 0.8004628279930884 0.05322298180052942 0.0861331361215607
8 0.6599036607210749 0.7419022233826164 0.03152271077238855 0.048148339923887784
8 0.3936903917851353 0.16060716653908386 0.049680346163714084 0.14847396863107476
8 0.4427451246610669 0.2915428020427801 0.025833780005131368 0.07720646368815887
8 0.43716349080682126 0.4114610301796726 0.04152695769822845 0.08956188365010276
8 0.4717515933643452 0.5105497875940465 0.04931673180052942 0.08597396863107476
8 0.46045830284514333 0.60483863949521 0.05711786885168002 0.08433917861204665
8 0.4668794927121358 0.6764062451035604 0.031534073721238065 0.050101464923888006
8 0.45010683487833403 0.8730352001416165 0.03167042910743234 0.07353896492388778
8 0.492076296480635 0.8786525006643408 0.027684638465485634 0.05970792243340184
8 0.44745553962514734 0.825064262023752 0.06883661885167991 0.08481668108350471
8 0.43665150700753386 0.6673601970522941 0.037336633976990496 0.0405745911596167
8 0.4165868495126652 0.5903526927272427 0.04336645320973331 0.07011021739534584
8 0.29563708967646096 0.056978812404312885 0.10978406615858272 0.0747691897336074
8 0.2584923236277946 0.39734317998993907 0.11423573770335982 0.1686783572240933
8 0.27085745951009954 0.62250964120664 0.0692115961637142 0.1492698060835047
8 0.2310172486149662 0.5866984869291587 0.04756813987982089 0.12105063488583179
8 0.21697039630293197 0.6505945257124578 0.04154968359592753 0.09346813365010287
8 0.15811594958045186 0.5251203464825467 0.08096443501026274 0.15560668355496254
8 0.1894631857467317 0.341783582033813 0.07270878000513137 0.07911647357399065
8 0.2116514124743432 0.38957379510410733 0.09467039885681133 0.16202314477166346
8 0.13232259099735275 0.4254131534217663 0.041401965260883744 0.06807750865010276
8 0.13281687927230695 0.3404522159217663 0.0394147514143352 0.062138549904859786
8 0.17351499280557925 0.22880243269924755 0.07115335821486468 0.14739626482874757
8 0.08920044118788419 0.4500294985264205 0.06118320013557324 0.1118420961025326
8 0.09707478630549765 0.607614187880014 0.04931673180052945 0.08597396863107476
8 0.13373467372488262 0.8542832584122522 0.0649190059028304 0.08270438859301876
8 0.031992319846466985 0.3773692780417523 0.06281816256778663 0.05723417984777568
8 0.09067697343726316 0.364131790399042 0.060819585772388524 0.049342096102532595
8 0.062390098682752824 0.5251269929656401 0.07671729654477706 0.0968537660644766
8 0.041588151714783056 0.5779227173953458 0.08317630342956611 0.20662668479069168
8 0.0490691728949702 0.8000401154941823 0.06284088846548566 0.06114042984777557
8 0.16572326540010157 0.7286034733361401 0.05895736436318472 0.06488751235728962
8 0.16424738425178148 0.6464926395908971 0.04338917910743234 0.07401646739534584