8 0.5209921609432576 0.3896876813449899 0.19701740399835055 0.07225133045771681
8 0.3794758436431751 0.3768562480131452 0.14445351939818563 0.0744231587341333
8 0.4393512072781029 0.437799010857326 0.10383570533113406 0.08522694183801272
8 0.23176962077769053 0.4086052501698575 0.14238673413162894 0.07038033292955614
8 0.30827954094119575 0.30142215534150135 0.08115789753228864 0.0427089829876639
8 0.36195161314028856 0.2728831395650849 0.06058280466474231 0.07245664913731509
8 0.7108071672114638 0.45775961019355244 0.044332673198680395 0.04987966770069774
8 0.6743258593136905 0.534471096113452 0.05548312186589688 0.031167872528160778
8 0.5353130035140203 0.536492963988473 0.05341633659934031 0.027125046723583512
8 0.5308564170136081 0.5215030869770301 0.04192490713245345 0.034118091896120584
8 0.5829731751456493 0.47915562039603643 0.05559678213245367 0.03507412252816078
8 0.3478877984796699 0.48718058634677625 0.08540512833195879 0.05470088459681832
8 0.21118701331204104 0.44337230462408583 0.08551878859851547 0.05860713459681821
8 0.2784248148426802 0.3521761811751324 0.04778428213245367 0.03452781930985205
8 0.835727793283876 0.6710117516002228 0.1479619584652372 0.06102443534328761
8 0.7093041043157524 0.6103082239004182 0.0769106667326187 0.030717081378509592
8 0.5891016716158348 0.6048384994189223 0.08914088793212382 0.04911466120597252
8 0.49350175664812346 0.5609686220923524 0.08741508346523719 0.056790585401395255
8 0.3985194585483709 0.5631337580703597 0.08367932386507215 0.06237680879224117
8 0.32648115408148426 0.5502679533010045 0.04973740713245367 0.0346643951144292
8 0.1288745482818142 0.5481925470387105 0.07323173726573196 0.03825642976935528
8 0.12713829358065956 0.5069720583318448 0.059389371865896934 0.03144102413731509
8 0.1765840354486183 0.5564214667508511 0.0859734296647423 0.07423213459681821
8 0.33341278701566984 0.5810876940193133 0.04019910266556703 0.04179401609154354
8 0.4089311154829688 0.6088750878978229 0.071619593065402 0.04983860396477802
8 0.9304572914200409 0.7784264793290812 0.07550494259686591 0.11638142976935528
8 0.5878079644208656 0.7838225885280767 0.1674723079967011 0.12865986758448233
8 0.3637100606203708 0.7505382460017023 0.1485302597980207 0.08055568534328761
8 0.39571975282152544 0.7938756596795141 0.12251450333195879 0.057295824883784485
8 0.33092564702185534 0.8010874081284676 0.09304713793212382 0.04938781281512705
8 0.45120581032358725 0.8711468334145407 0.15668374059769075 0.09282073856159645
8 0.637519892122845 0.8577543473493716 0.08028454506457727 0.07968178218308664
8 0.5913268537221852 0.8310390280395196 0.16104463166391758 0.10871889017075076
8 0.5490145858910511 0.9063642240456876 0.06960963793212382 0.04774890316020097
8 0.6339186932577727 0.9142583965447946 0.06174030779884543 0.04524947494189213
8 0.7492846933567006 0.8841621436125588 0.14663396493129888 0.08237223453871056
8 0.5204205729589274 0.9474209127816073 0.11119356426490734 0.07014824505632156
8 0.36353499125859756 0.9247078105131452 0.08741508346523719 0.056790585401395255
8 0.12061621412408209 0.8656436474409991 0.0819535193981856 0.0700527329876639
8 0.588051606460577 0.9888163773388638 0.05845918926490734 0.0223672453222723
8 0.6063580729589274 0.9534302481830027 0.050703519398185515 0.0678675201144292
8 0.44253334372630887 0.9625040931443343 0.09797633033113406 0.07499181371133146
8 0.38727754239352535 0.9650276268661735 0.2077491412640825 0.06994474626765301
8 0.1669722283264738 0.9540189800554284 0.06236543926490723 0.06673384994189213
8 0.24842179112325735 0.845224199738515 0.06426173413162894 0.0649173007464694
8 0.33036779592333987 0.8538900710307562 0.075525843065402 0.05011175557393255