8 0.7126044891291494 0.24302732061962906 0.17655395667568152 0.07459339329940895
8 0.6867706941239793 0.28229584548509923 0.1688778166772722 0.08594827026387963
8 0.6412124724498887 0.3390756154393927 0.18061929334420412 0.08844720481717361
8 0.3416577782861385 0.3315548681778291 0.14339628500954504 0.07695318289840958
8 0.2542884982694348 0.45860434656865123 0.1395582150103405 0.08263062138064492
8 0.14303991660369608 0.45695359982494355 0.0984062300087496 0.06900153794411612
8 0.26093194327858205 0.39094862929200425 0.0924104950071587 0.05700988316746913
8 0.40889423580721707 0.17323399400527129 0.063090893340227 0.05369223428423431
8 0.4950362758096034 0.1516532656144491 0.12175282334102233 0.06228065705070396
8 0.6981733233211369 0.05727711332012882 0.11205537834181767 0.06768519075629234
8 0.6140759991645455 0.0027529913681514726 0.12341050167090906 0.005505982736302945
8 0.6041853774964207 0.00896419522982799 0.09220595500477247 0.01792839045965598
8 0.711209535825114 0.027388944637393723 0.09041191667329507 0.0530126649085868
8 0.7927067091522166 0.0694667152643362 0.12007241834420412 0.08562718879182163
8 0.8423302674948298 0.016077003982417973 0.13156390167488596 0.032154007964835946
8 0.8639162283179552 0.07298231131513147 0.09263776167647686 0.07654113316746913
8 0.6997287316498303 0.09136583256124649 0.1120781050087496 0.06963831575629234
8 0.6609041774745466 0.15661627610945178 0.12568180000795426 0.06441571856846862
8 0.6235227666494325 0.09784328215765703 0.05736787834181767 0.06513807950758732
8 0.5425917074614222 0.2587540591423911 0.119731518340227 0.05633031379182163
8 0.577623644971365 0.18391992711195043 0.07862498667249973 0.04660748035529283
8 0.4474581174908527 0.04650559708650716 0.09422726000556791 0.045382101426351434
8 0.5142707107833546 0.3440119897667436 0.12768037834181767 0.06841293682735095
8 0.5001677132897179 0.297819251708361 0.1159843550087496 0.06982025227405697
8 0.4509993724638085 0.24545144230986018 0.10403833833943144 0.04974319272076305
8 0.6246911374622177 0.24907401726933354 0.12772583167568152 0.07231918682735095
8 0.7290703758056263 0.1700339495485705 0.13556105834261323 0.0746361848628802
8 0.6153445874443207 0.38127382780486285 0.18459372334499946 0.09448851633493827
8 0.4059170424391505 0.4290933690052713 0.07674004167329507 0.05237588709641061
8 0.45071528912716086 0.26986550480986016 0.055051126670908834 0.03379711124870499
8 0.23316843411841132 0.3444161065457979 0.1317684416772722 0.0842198733451156
8 0.1767530232535264 0.5793396086650617 0.12572725334181778 0.06832196856846862
8 0.28573099076028746 0.5244861827970928 0.20214912167806764 0.09335410566487923
8 0.4783297065961396 0.49697112179718417 0.13951276167647686 0.07872437138064492
8 0.5326876699256284 0.5227443230484792 0.0629545333386361 0.04197348428423431
8 0.7183822682606852 0.5014070259546586 0.25115906001352206 0.11125331213693723
8 0.6664546899367643 0.43452723144448135 0.14339628500954493 0.07695318289840958
8 0.7566279766072754 0.40202237903589455 0.06708805000795426 0.061686670801998966
8 0.8548978466144341 0.34473959109177843 0.17064912834181767 0.07041423852276196
8 0.9484212641231837 0.27596547379486813 0.04955537834181767 0.064774206472058
8 0.4328062591005144 0.4668823133809188 0.060910501670908834 0.03407001602535198
8 0.16043280737790336 0.8914543398477968 0.20451132668284017 0.12860132392376133
8 0.12432203736676749 0.9751230185076787 0.09222868167170431 0.041384883167469244
8 0.3118561273671652 0.9634603781549758 0.18604686167249973 0.051610734593820595
8 0.6122517082073922 0.8987155004165394 0.22208945168284022 0.1294200382537023
2 0.9627828815742656 0.6354528378354861 0.059843716681249326 0.11015092276646965
8 0.4461699557407997 0.6604905048098602 0.08280395667568141 0.07022691687305738
8 0.057588987408526936 0.6707806883274423 0.0886633316756814 0.07049982164970459
8 0.03525715164505781 0.35471691558123586 0.07051430329011563 0.07962866883752828
8 0.30984097996897875 0.21396070357882851 0.11587072167409063 0.06005462727405697
8 0.7472848474797169 0.1145277352186296 0.06686078333863632 0.042155420801998966
8 0.8743863799928412 0.017710393793344888 0.08448436167249973 0.035420787586689775
8 0.060076873259492035 0.540852391698001 0.08641476000556793 0.045018228390822035
8 0.11101720992801468 0.5248153419670607 0.06295453333863613 0.04197348428423431
8 0.5303722866108549 0.38620750956624383 0.09631674500715892 0.05719181968523379