8 0.3155071471843286 0.6784852602926599 0.0839041753841514 0.14468083993129888
8 0.23052640153902998 0.6399655821949692 0.07334138939893553 0.13463106426490734
8 0.2190273140341808 0.51103091712833 0.05205638523146061 0.11257838793212382
8 0.24386008751697208 0.4571958691275052 0.05775632803441744 0.11079575333195879
8 0.3487906329726196 0.48947632612461867 0.11682837462554696 0.11836003233030934
8 0.28063111232247184 0.32284601989282485 0.055603832201892356 0.1321664680654021
8 0.4007872714232997 0.5893878166233816 0.10861713296049669 0.16098780153063919
8 0.36359753563500863 0.7782830905248661 0.06967444886694252 0.08970918926490734
8 0.4642437034331163 0.6506630331217321 0.09681850568953276 0.20740816046441246
8 0.4948952685906562 0.8113307543212374 0.10295712879302188 0.1393897662640824
8 0.4417420214354226 0.9120796676229692 0.0518173981083383 0.061910798198680395
8 0.43723765893784716 0.9707361190285774 0.046595751896510884 0.05852776194284526
8 0.38568018430502643 0.6668876851573198 0.06134371364033109 0.10700316359851536
8 0.3199317935833824 0.6133397234590516 0.04173290871425195 0.057720397532288636
8 0.2614589876969248 0.2073274942264331 0.0492265443201656 0.05404146806540211
8 0.4939781305265521 0.9194450411548456 0.07912120947285628 0.08608708993129888
8 0.42133357200680044 0.991016610995464 0.03934142575860433 0.017966778009071982
8 0.40608750552655204 0.9168876851573198 0.04157347651720866 0.055767272532288636
8 0.5188316791892961 0.6152301470534436 0.05907172424624485 0.10304008346523696
8 0.5723830233198106 0.6625777529520415 0.09578235758119469 0.14697494573096903
8 0.5874504941474865 0.5129827498179385 0.051817398108338075 0.061910798198680395
8 0.6450064843147247 0.9316334614172785 0.06297797424624485 0.10315374373179376
8 0.6156100850709045 0.8937568796180209 0.04057694469946771 0.06742919239901024
8 0.5386210797679477 0.893465214353526 0.04025808030538136 0.06352294239901024