8 0.7490531726220415 0.7113517857356295 0.17840751359301876 0.06649852502386255
8 0.7211341020898032 0.6735726582392089 0.1709929323192334 0.07617324335613529
8 0.674023674095621 0.6203844340786404 0.18287084980971957 0.08021585335772619
8 0.37529336715640144 0.6502401649526726 0.1453635560835046 0.07001842168602179
8 0.2824685499513361 0.530169114964604 0.14169605731923363 0.07583234335215816
8 0.17149855180492954 0.5402535974797169 0.10020292984777568 0.06363633334659013
8 0.29205012666221924 0.5974723841303426 0.09386605237631773 0.0518494033457948
8 0.4489632955305976 0.8037529699435253 0.06261605237631773 0.051485776674885964
8 0.536553819865163 0.81934319576506 0.12332209486680368 0.05609655334977193
8 0.7439581077927471 0.8980229465706863 0.1137952211025326 0.06184229501511296
8 0.6640938532298452 0.976137267415288 0.12439979866913076 0.034634905016703854
8 0.6518976007583872 0.9645548774168788 0.09322938241437373 0.0362244033457948
8 0.7578471764713919 0.9271720982356295 0.09175375988583179 0.04792042667886309
8 0.8369918540855602 0.8793539415579595 0.12232397480971957 0.07951132668284022
8 0.8895421807964433 0.9461572240511984 0.13324688735728962 0.06011643668443112
8 0.9079625816045882 0.8707119182149485 0.09466188982874768 0.0713806533457948
8 0.7435817466236163 0.8648084582372203 0.11387480484777557 0.06379542001511296
8 0.7019327749032191 0.8017864290758565 0.12730792861204687 0.05809513168363578
8 0.6673302878783733 0.8637416732475608 0.05918730484777557 0.06315907334102233
8 0.5789323382589341 0.7084461932586966 0.12113021863107476 0.05021445168284022
8 0.6170331868329246 0.780302738253924 0.07979625865010265 0.0419246916772722
8 0.4940559258535274 0.9273105107714232 0.09534167490485967 0.040153380012726725
8 0.5472297165861071 0.6257679174292079 0.1294202211025326 0.062024108350567264
8 0.5344912889719389 0.6728133674311964 0.11778105484777557 0.06384087334897659
8 0.4888680713387425 0.7280576707710256 0.10526646739534573 0.044173263347385694
8 0.6611625476220415 0.7123744857475607 0.12957938859301876 0.06593035835056726
8 0.7685993336960322 0.7834242340667091 0.1374714723382615 0.06797439001829453
8 0.6450086654455183 0.5796869824156857 0.1870158510454485 0.08612068169158982
8 0.4346713667763875 0.5489156107773889 0.07816146863107476 0.04971446501034049
8 0.48693650389582666 0.7046315341044915 0.055960839923887784 0.031886346674090404
8 0.26669597029329395 0.6466186824673879 0.1339631410644766 0.07769456168443112
8 0.1986317546093782 0.41487860747534205 0.1274670961025327 0.06200138168363556
8 0.31097291074045297 0.462422675793695 0.20451439230020552 0.08437209669397605
8 0.5029760388297754 0.47484389993437803 0.13958376482874768 0.07190336668522646
8 0.556509574523752 0.44588724076028746 0.0640120911596167 0.03783662834181778
8 0.7424145763773455 0.4525172699017659 0.2538996035169063 0.09861213836727112
8 0.6935217787060931 0.5234320265754587 0.1453635560835047 0.07001842168602179
8 0.7854164717668735 0.5487424240631298 0.06871417861204665 0.05741333167568152
8 0.8861582535158127 0.5993525398830735 0.1723889711025326 0.062524095023067
8 0.9784036614061611 0.660761659870347 0.04319267718767783 0.06111504167329507
8 0.45940708749890624 0.5085697382738096 0.061820214923887784 0.031954526674885964
8 0.1683998141157429 0.1045362724777283 0.20594689971457936 0.11952834669397602
8 0.12880510869767287 0.021007114994432075 0.09354771739534573 0.04201422998886415
8 0.3143519836976729 0.02020031831835296 0.18729771739534584 0.04040063663670592
8 0.6180595979561261 0.06217703741648112 0.22547814971457925 0.11975561336329407
2 0.9739627353134158 0.29829788570182425 0.052074529373168366 0.10814912834181778
8 0.46320725484722874 0.3140974407722187 0.08278397233826162 0.06733804334420412
8 0.07606902856392969 0.3322805591581822 0.08856376359301865 0.06545309834499946
8 0.06361076216591546 0.6499588183282956 0.0772429323192336 0.07508236334340879
8 0.3489377674888453 0.7707209791235815 0.1173831361215607 0.05407524834897659
8 0.7893425741902145 0.836919268230857 0.0679979249048599 0.03983520667568152
8 0.9211320733344994 0.9301572340468236 0.08573521739534584 0.043945996678067534
8 0.08429103512258848 0.4621292816577845 0.08760875865010276 0.04201559834499946
8 0.1356293713392894 0.47521026331755756 0.06401209115961681 0.03783662834181778
8 0.5601273116907612 0.5826287174272193 0.09777230237631773 0.05189485667965865