5 0.5326885615831392 0.5195956995218491 0.4251674911415524 0.6000083804118512
5 0.6952350436640105 0.365299475622908 0.22507444418703537 0.2942186743734474
5 0.3167101007217148 0.2342172209182245 0.3201203321173933 0.3318734709182245
5 0.6537574609772585 0.15611624901804136 0.1932788071637268 0.2784118671918551
5 0.7606894989771167 0.11475470517918984 0.1872334044889128 0.16121300424300555
2 0.7606399219545168 0.3090508723582165 0.18587553493120845 0.290085165396457
5 0.8805617886752395 0.6349563691613116 0.23887642264952103 0.2885979212992873
2 0.7696553374438548 0.5951780033837918 0.15546257667509766 0.2020354591125637
2 0.4772569508838825 0.050618440544858645 0.10685765176776496 0.09630536128902467
2 0.5855003929191288 0.15864823330830807 0.1120597896981228 0.1334374621867237
2 0.16600023308413148 0.8113479628938913 0.19818331737293693 0.2511022060384036