5 0.4565227021322138 0.4680349417695574 0.5984965048577002 0.38401859028583263
5 0.5398168822387103 0.24837616887285024 0.2921180143704676 0.20624829686726753
5 0.7959303140535678 0.5223365721129681 0.32391920905570126 0.30338444708203816
5 0.7474421184874154 0.18294097976207035 0.27699064722835054 0.17428178425988217
5 0.7459733082614723 0.07894600046721312 0.1564427067816443 0.15789200093442624
2 0.5681880640000914 0.16213574457394792 0.29020768093393867 0.16523267186726753
5 0.21701083281735623 0.193204487506186 0.2813571236547018 0.2680317842598822
2 0.301011218467152 0.29303934305818136 0.19954521660399782 0.14294603544730677
2 0.9151084902311231 0.2852103382258415 0.11374147642635135 0.09948210085908271
2 0.7688997125737398 0.24513805546316797 0.131501537944116 0.10430958135429236
2 0.3197074539953679 0.9165081114323327 0.24819140508623327 0.14159875904511154