5 0.5335845148504789 0.44113134472147086 0.6050285728152325 0.43068176767256827
5 0.38193828583825756 0.2780803787696766 0.29420265630301123 0.22824381550451334
5 0.24628915357205194 0.657277914761806 0.3307478080707762 0.3268518375356475
5 0.17181924137322044 0.31997251873217625 0.27943950725639416 0.1957976814328698
5 0.13280942989610373 0.2126967295592595 0.16050349614013482 0.19123360237997655
2 0.3267485442333691 0.21238153876030152 0.29277035911682625 0.18722819050451334
5 0.6539155679422957 0.10660689337864632 0.2882998858845913 0.21321378675729263
2 0.6124504312566776 0.20305859955173727 0.20217635820977709 0.1578835058908561
2 0.06426718011796029 0.4939458438972223 0.09716023139567848 0.10585831220555542
2 0.1731957385362386 0.38744076938015076 0.13245289065150562 0.11284033553263861
2 0.8216736052471496 0.8087247876406265 0.25438990539596196 0.20334191458553197