9 0.6607239695805642 0.23150532213417807 0.4899548272655967 0.21730280437985372
9 0.33203160761581596 0.6618020408862376 0.14705772478313062 0.13327990158184266
9 0.4073622031192308 0.5389547747534711 0.11515568514673358 0.18344749695546003
9 0.6918622802348628 0.9203178611961632 0.11888730721668539 0.15034664772652384
9 0.4958887588708923 0.408516606124676 0.3012789038390554 0.1652359466295008
9 0.2863003132728861 0.2464781397097844 0.21220936150332292 0.2670810673687925
9 0.4073562153008484 0.2339263555165918 0.13423575339147342 0.20719182426865135
9 0.4544556668396989 0.8262296666970166 0.1932312191537472 0.15359526582666483
9 0.7328224514234941 0.6472894642804183 0.2595093133074944 0.30497455661361483
9 0.5867615312730698 0.5313319982709162 0.2658693360557409 0.31288933238467864
9 0.6819434087763009 0.1292219490618375 0.6243944324473982 0.24501168019063263
9 0.8410492549026373 0.8340179601231169 0.23404299236341908 0.3319640797537662
9 0.251585123961793 0.3915427572018414 0.2576581142026584 0.21519899046099056
9 0.7010279678848275 0.3348625908026883 0.22643434415374708 0.1541748285293596