9 0.6788013895047307 0.7612431708877196 0.3331056073775751 0.4775136582245607
9 0.3510533065268385 0.3681560052833936 0.16643278994170996 0.17094573856159634
9 0.4494181063170571 0.4692810987305607 0.20747755342656082 0.14855978126229408
9 0.042327280075784894 0.6558741890510466 0.08465456015156979 0.1437796281020931
9 0.5525322888869973 0.5854643570914593 0.23476533299530855 0.32920331189433427
9 0.7682226314743932 0.4208890153651963 0.31132062137526884 0.2626738706865752
9 0.7464253827681107 0.5401184601354447 0.23464416597900617 0.1737727667217972
9 0.15652335579840895 0.4478181655439854 0.1974765140093045 0.22168592482567673
9 0.25182157856067494 0.757838814220904 0.3618955954428632 0.3147798149964274
9 0.4066533257110131 0.6449668366619031 0.37030009129367825 0.323138618214736
9 0.7731433853555458 0.7485306726689643 0.38533770851976223 0.5029386546620713
9 0.11494717997089418 0.8262397079295561 0.22989435994178836 0.2970106658591123
9 0.6378229758741547 0.3538480973493716 0.2729689777039366 0.29496202879045486
9 0.5657712764336371 0.7994270566601168 0.20570387241256505 0.2533456522394082