9 0.32096473156034583 0.7620507576365809 0.48103828502943047 0.24746154958010447
9 0.619069708286934 0.3018702170773332 0.14217041335136282 0.14182415946843885
9 0.5531507132698325 0.4319771235003677 0.10760505669158982 0.1903524946013292
9 0.2410511666534097 0.08213616980435522 0.11307807835374906 0.15752485541251413
9 0.4734689365850038 0.5707726634828337 0.29683091502227166 0.1829619524963093
9 0.693364580730857 0.7098870961263364 0.20426270170272565 0.27851667951735015
9 0.5740307790619366 0.7341235367870971 0.1274090266947714 0.21504161397194554
9 0.48615630664187615 0.15132670323458713 0.18927268002068076 0.16435929595791854
9 0.21931474578295684 0.3567627082064409 0.24768598504136174 0.32033274213270635
9 0.37330412660130985 0.45716389671003965 0.253636266709089 0.3285207279438913
9 0.3070803741148319 0.8615597036960125 0.6141607482296638 0.27562897323735847
9 0.10437855416534098 0.17982727386720165 0.20875710833068195 0.3473767022655967
9 0.7184952174172765 0.5628773403815965 0.25054680836249865 0.23073931600682984
9 0.2733183932407997 0.6636173060631222 0.2224985316876127 0.16844017388796662