2 0.6056007261138873 0.3232476551792483 0.253998455792914 0.36623709844458563
2 0.7598117278964569 0.1315868198006083 0.2921860087315009 0.2181216049863819
2 0.6578231173145999 0.06628077987042943 0.19994597872636932 0.13256155974085887
2 0.5380865886010588 0.1366856913003019 0.15904398321486468 0.15374553274427472
2 0.3933344121995521 0.27504336879349284 0.12980392295911225 0.1618048090879275
2 0.4018911853491959 0.4025180299851336 0.10251698770335982 0.16997784200867017
2 0.2771752590704339 0.4586265759188815 0.23987206283893314 0.287315802404957
2 0.2386625598875179 0.21957701338358793 0.2654899468159235 0.32785713790712456
2 0.37944924557564685 0.9108328029873012 0.1725795028286703 0.13110432878390332
2 0.2825082102521078 0.8715418785532468 0.12779398321486468 0.1519254275108377
2 0.2788342496024641 0.7437828259188815 0.24966041373663217 0.29179083529040595
2 0.5203008534515784 0.7736792011482898 0.35682094091309313 0.2531255720303456
2 0.7178783084438813 0.6478750960736739 0.11224852385681139 0.16468724989411943
2 0.7102469645244147 0.5115544940934883 0.16120164129415615 0.1890155393213646
2 0.8232214149054777 0.45222223762227926 0.2183763248900834 0.28411135505696905
2 0.8737861177762778 0.6826061258293993 0.2524277644474444 0.3020114865987653