9 0.8416155394159076 0.6255932857003053 0.30038218599006505 0.153820998699004
9 0.6340863458519218 0.5252577439493057 0.12053525379302177 0.1424508508590827
9 0.14650208790354802 0.663065174835829 0.16003611174866939 0.1736925457934142
9 0.6769942208640447 0.8483934199725593 0.16896495947285617 0.09248016734471176
9 0.8541918418716734 0.4580298189431198 0.24218685531023043 0.20327988749381398
9 0.621729383546422 0.6597716241223595 0.137316217807806 0.13360645635429247
9 0.41926159813500863 0.7882117572639746 0.1642216098521585 0.10584496551297518
9 0.09301113524358355 0.4366133388454096 0.12926440833979888 0.1779141776908192
9 0.1731897515220579 0.19188482445688737 0.1283081375024246 0.07090173846646797
9 0.17677745947285628 0.09288960312036051 0.15764462879302188 0.14439567079341425
9 0.4063891405344175 0.13020504508613062 0.367465781068835 0.23707225096028195
9 0.3324477045685983 0.6300252423953114 0.11957866061076283 0.1307321008590827
9 0.8855817076820816 0.7759714531018026 0.2288365846358369 0.2400738805964091
9 0.9145206661009462 0.24198402589112436 0.17095866779810764 0.13647250678383366
9 0.7081857634628029 0.45621227314970547 0.19766372197528082 0.1581615996716581
9 0.34454603277811935 0.36130871141377474 0.18498837879302177 0.14582869600818493
9 0.2567947094849792 0.41797009907794574 0.14221899962554696 0.12219478318602894
9 0.6469222494383204 0.2060158603275495 0.12894586629059734 0.07871423846646797
9 0.5295355397782376 0.1736094951367303 0.11507462045807215 0.0993797419151704
9 0.453044639211709 0.2133580909363305 0.1785312136403312 0.11437397812036054
9 0.46785009132211686 0.9178843502653704 0.2119333871279716 0.16423129946925918
9 0.8335030161324657 0.9431379416818418 0.1511874636403312 0.11294095290558981
9 0.6420368581792428 0.9549197068628261 0.14564695303441733 0.09016058627434775
9 0.8252941920540509 0.2707898688357344 0.12826819886694274 0.09423687952255577
9 0.704060656829864 0.34611660800948596 0.09558330909355428 0.07502101141996076
9 0.312718373115612 0.2692089121148724 0.1666530314432879 0.11180669945688737
9 0.9057317647733885 0.1352828160313439 0.18853647045322308 0.11549992650339458