0 0.2004781887368638 0.1675561686496532 0.1961155292179394 0.24780074163541638
0 0.13579486825486176 0.7659446191091439 0.2715897365097235 0.2304413025450227
0 0.28694381267627406 0.44199590728055616 0.3373744534640041 0.33380995605590225
0 0.32903781903784884 0.8026901080344915 0.2744592151275457 0.34574916328958283
0 0.3380650439440978 0.2785930076575238 0.23266446571643495 0.1560277714422449
0 0.2910107578928832 0.6170449568210654 0.1772199747880785 0.16474423385972203
0 0.6669129489862857 0.4853108381826403 0.3512906905045132 0.3156457164234947
0 0.7529836967479175 0.38765547384467747 0.2599586347787033 0.22431366069768477
0 0.6224890934846071 0.27309088030098505 0.14384597349212935 0.15988621182858775
0 0.5611219228910302 0.0664029307844044 0.17057970405289336 0.1328058615688088
0 0.2119149481620372 0.05898685485370412 0.12853882127719884 0.11784532905289329
0 0.4697035433552086 0.09264749443313117 0.19074487829895803 0.18529498886626233
0 0.8590119995873848 0.20588160108304568 0.24950950459490695 0.21564677921793934
0 0.49139819450954936 0.32041609018564915 0.08054117295011554 0.07875892424606468
0 0.49561122555324166 0.46056520417008207 0.11640483294074055 0.13422731998124982
0 0.11029711445515158 0.5669573930842017 0.18674123774756912 0.18495898904351815
0 0.20814814555792926 0.5118803308786463 0.11520869886909701 0.12055544498124982
0 0.34837074528692236 0.5374068606263896 0.10085331868530067 0.11154681090960628