2 0.4579984779991495 0.2410883071348086 0.4115265655588385 0.2164413642179691
2 0.5004277725800207 0.39524798715490406 0.4327381220471842 0.2091289185967018
2 0.5018662513703854 0.4937671509324648 0.23031375453524627 0.11269517572118071
2 0.6124007714413033 0.15065113423919219 0.32418157758214705 0.23002068721406277
2 0.4366443306507969 0.09814732273598054 0.3397817683726534 0.17378919761484402
2 0.611985320673255 0.33020225577226514 0.10542535458157998 0.05709685291571187
2 0.7212239114174278 0.3315627743896261 0.1110119110699257 0.049420731382638916
2 0.7827690052302505 0.6648189810530376 0.20508434800056685 0.17260561787552087
2 0.6401536664160103 0.7530302720147998 0.2103980859772583 0.15711699634244813
2 0.540107184335139 0.6002116469194874 0.1303199609772585 0.15525315729444467
2 0.3713075741954295 0.6558562457269095 0.3487537470471842 0.20717416057074667
2 0.4817769183459429 0.8455114888883677 0.2036334646054555 0.24282719889756965
2 0.25558025069500423 0.7844239990985241 0.3834139784428626 0.30555776239435795
2 0.6483164826600414 0.7987014120699214 0.21090032758214683 0.22738403685347253
2 0.6423300329050647 0.550995483237239 0.07628969804690056 0.11691637609210082