2 0.49002539928034444 0.6856381336036265 0.255936818746907 0.12346796939110272
2 0.8860878809061932 0.7174535714371642 0.16052416044730666 0.19948732338371
2 0.7837771024130769 0.3898607768552341 0.19566380031597008 0.274979413307598
2 0.6276902949725593 0.5860785202008882 0.12210903437345344 0.06149523345982244
2 0.763227764584735 0.5766411999065004 0.12550348965389269 0.051888775950308386
2 0.6934353643699642 0.5520828809900051 0.07358798620519025 0.06536501482874768
2 0.6499202503097841 0.4687136183948649 0.10390845064431198 0.08609002100739249
2 0.38504217972495447 0.587157842111019 0.35645911917644835 0.18213465665325201
2 0.3393775278426182 0.46277295451587874 0.3400152476251508 0.16587298669130823
2 0.37095536733852574 0.3743865927288834 0.12591292542954124 0.059701275950308386
2 0.506975563940423 0.5048762530428461 0.15458734170039978 0.08620607338371022
2 0.6663765794595842 0.42791851031505646 0.10987848965389269 0.05125210598836438
2 0.5916418822071889 0.43977154700691157 0.04532300570998027 0.04667271739534584
2 0.5901355657783455 0.2803133163985611 0.2322613805964091 0.2667258794672148
2 0.47622770451636975 0.328993861740519 0.0917802648686632 0.07780001853593455
2 0.33794315354990184 0.21131888954442077 0.3218921076429163 0.3035102730031493
2 0.7902907020279493 0.6822110912088276 0.06372000226127783 0.0630139711025326
2 0.6457636045607835 0.6695058089841873 0.06300348965389269 0.049342096102532595
2 0.6183769801544958 0.6324544601723462 0.04748084859780466 0.050658551140588814
2 0.5788663225053936 0.5694736344593415 0.05919959859780466 0.05113605361204665
2 0.5500936998234571 0.5246495775201219 0.054781553878243905 0.041211261121560705