2 0.3314362175990068 0.6510560086087559 0.2683204263519684 0.14017178424813692
2 0.39985386956870855 0.6006951877161882 0.1606316919114117 0.11026131001026274
2 0.6030708981001601 0.783438018754592 0.2160009097552289 0.17110362168035032
2 0.44365579618290374 0.8566965995768073 0.23423161411419513 0.2571092993734474
2 0.702590551107158 0.7313058800436165 0.2051701535314514 0.182754193987253
2 0.5961272095570584 0.5501020774732643 0.12047492220278366 0.1471207001355732
2 0.4555133189918096 0.3433201612468949 0.31374688174823095 0.22438341822512742
2 0.6489624159848116 0.3971567422852985 0.15841401400930444 0.20981387026601506
2 0.8518822933216309 0.511568605695826 0.29303164004660065 0.20864478873663206
2 0.57971043413169 0.12734141856406048 0.20916612552445368 0.23548856898725318
2 0.4502727717890261 0.19686987509344345 0.28871053164334015 0.17738342578778266
2 0.7146420871444934 0.31066310889273085 0.2366555679487079 0.1087513400153941
2 0.6989296716899409 0.3867099914553861 0.230175058613042 0.12628401321999605
2 0.17569844762234638 0.3348593220614132 0.13248967012819107 0.1510951278286703
2 0.15738263434727695 0.4538408657775199 0.10866645020978144 0.09434087334017516
2 0.11458986852560685 0.36574002622380375 0.11618295228437386 0.09048007513557321