7 0.33719839437588217 0.48880501271558696 0.2164702769872321 0.22121001193471201
7 0.2169250684815539 0.6942508285838969 0.2118041193163095 0.28912539004660065
7 0.5304478261921917 0.7765244126165016 0.2814688727662389 0.2573439777039366
7 0.8573768841253817 0.9201799315442549 0.23031261160567174 0.15964013691149015
7 0.564603813918863 0.27489757729598485 0.1863211038950341 0.1701619024941553
7 0.6062963347177275 0.37265811853141234 0.21305119926865146 0.13707763797200823
7 0.13745838017077502 0.5555923695570976 0.23212936891092 0.22434712863634232
7 0.6549732639982933 0.5353157816549512 0.42387653814779913 0.25838227698131266
7 0.4825814356675092 0.9165807889044137 0.2884972585214167 0.1668384221911725
7 0.18435486200694207 0.895614410273877 0.15541202313191327 0.1873251690908948
7 0.05052727170893107 0.5480298532167793 0.0842131331160272 0.13121595643355866