6 0.4387272400143175 0.09508030922388293 0.22901698002863502 0.19016061844776586
2 0.5251815634448245 0.7882463111157241 0.10796868336249865 0.22160249460132908
6 0.9038450783736345 0.6796050345145788 0.19230984325273104 0.29987589258028846
6 0.8603102142345423 0.4452416525355275 0.17694167836965735 0.2787175373984869
6 0.6651313375238626 0.13715624711032595 0.19844878003658928 0.2743124942206519
6 0.19177192920511185 0.27112499807355067 0.35472150670352104 0.29401352367109734
2 0.25788204835693074 0.15743191124492367 0.1144857633473857 0.11077501734957579
6 0.17176820844601753 0.819689684223883 0.18529825001988542 0.15824959708379538
6 0.35336269593408626 0.7200964181086185 0.21348288669636228 0.23226748920265816
2 0.4980630275799395 0.5573889603289948 0.12014196670113475 0.2614159662236992
6 0.6850857675743716 0.5043577893710761 0.14784934337204358 0.29441823334256223
6 0.7367847108728391 0.2440173176333499 0.18305104670590744 0.30057739820967194
6 0.5473549967178386 0.34215810649686096 0.27636924003420305 0.26947579618863116
6 0.3074060734106214 0.5500609991925056 0.2940382717019302 0.27841475362218615