9 0.20949120440154112 0.46233188714700935 0.11271064455480151 0.19791467072720592
9 0.5289995993269253 0.6393591263150595 0.12331109197337664 0.14605642928663753
9 0.5831462999458112 0.5950267099829256 0.1581453354315805 0.10937200609080877
9 0.6415386977362174 0.3441636913990385 0.12217352620247857 0.12652517928663742
9 0.7199673523684151 0.3673523644795108 0.16189930247554418 0.17382513109080877
9 0.5480836320535531 0.46203808509828204 0.16982555905263386 0.1762789038390553
9 0.5485272042074264 0.23726570018918275 0.13421428274427472 0.16621348897194566
9 0.3962114377117615 0.19643482418558403 0.14659630901734033 0.21176117365725394
9 0.9055789146919472 0.170603496112493 0.17450884190278937 0.22327906577611706
9 0.6379860829018476 0.6557249768710761 0.10688979593374803 0.13138325879014423
9 0.24214572098544002 0.6032581739687146 0.07806721043158038 0.10424036667128123
9 0.32899327360215846 0.582126048738002 0.13262169066501728 0.13886973897194577