2 0.8300719847922076 0.447265625 0.23102061002387542 0.18359375
2 0.571828559315516 0.462890625 0.19177830534962848 0.234375
2 0.3991599129900467 0.49609375 0.1726562831171098 0.24609375
2 0.2784009631290476 0.337890625 0.13717759618646852 0.125
2 0.33404955092040456 0.533203125 0.1726562831171098 0.24609375
2 0.7142764566638686 0.3193359375 0.07560765176776485 0.095703125
2 0.6101593946173933 0.330078125 0.11142113883740712 0.05859375
2 0.8308377104078998 0.2734375 0.06063988883740712 0.05859375
2 0.7835100872219983 0.31640625 0.09511409255827141 0.0390625
2 0.9175502705244425 0.3515625 0.12725075272114772 0.064453125
2 0.8822296905588384 0.20703125 0.06858879809323426 0.0625
2 0.4917286952099188 0.1826171875 0.22736236932603626 0.134765625
2 0.42098838123351084 0.2822265625 0.07633309346532069 0.060546875
2 0.4652995260825722 0.3486328125 0.04501488883740712 0.05859375
2 0.7463976007217148 0.232421875 0.0836681610699257 0.046875
2 0.7972811576635852 0.2353515625 0.11716891379107341 0.111328125