6 0.43178813714425057 0.890800650157985 0.25691897280699627 0.21839869968402992
2 0.5631930322054971 0.2116871275710619 0.1391856632537023 0.22745881529820455
6 0.9099796986141753 0.3609711124752561 0.18004060277164946 0.3164670836155702
6 0.8768516759692855 0.5875972495457147 0.2142713042790545 0.29179297122295544
6 0.6612776320782807 0.8629928069165188 0.23593761579681916 0.2740143861669624
6 0.2063251892027245 0.6859189379801409 0.3638913916445245 0.32496287596028184
2 0.2547520347356638 0.8053583347462092 0.12646087727405697 0.12158062952255566
6 0.21117299834511558 0.14160706411077995 0.20490695874611503 0.17440075333513116
6 0.38623457997196675 0.2608638547311405 0.24147590932476093 0.24840648038163837
2 0.5210564593652875 0.43646249858543285 0.15663002843134888 0.267340186849502
6 0.7056990369084042 0.5104350053692664 0.18951745709123058 0.30413417995209713
6 0.7403497210986353 0.7733308832242567 0.2250375801267599 0.31378914094251664
6 0.5565900452306665 0.6555666023562913 0.3097924927612896 0.2929023094746528
6 0.32951375697696406 0.42350163458203816 0.32587233405570126 0.30348680602595035