9 0.7535804526546119 0.49335574781973524 0.12028828283380166 0.20768907905289336
9 0.3770982389308082 0.6131634972899312 0.1297698341125637 0.1597153355326386
9 0.34031270797301955 0.5607460844129636 0.16081530103327224 0.12729310626782375
9 0.3769177339513336 0.3086468735858804 0.12379682962406846 0.13967145664479141
9 0.2929219960024841 0.3179476793116904 0.165085165396457 0.19013485885972192
9 0.42496749695514136 0.43816402868715354 0.17487351629415593 0.1948954903394673
9 0.5072493829308897 0.2201351624052672 0.13964908860105885 0.18010096701238398
9 0.6703410019053145 0.2048904291935198 0.15357094847574837 0.22426585108402752
9 0.18196381794115246 0.10837453269317138 0.18685361411769508 0.21674906538634275
9 0.2648617291239053 0.6112701343070028 0.11014768052176749 0.14238157257314787
9 0.6698510929026672 0.6246414278975707 0.08069172423787419 0.11247467813391188
9 0.5929412773285072 0.590375416587559 0.13558375731716565 0.1524154644204858