9 0.34209802649053833 0.6404854378475021 0.11686831326102898 0.09561633416315996
9 0.39909793803743365 0.8011160087426136 0.11423752083737426 0.11110492490733281
9 0.2876100584955058 0.7115264910453414 0.10407347651720877 0.05816593602359199
9 0.14828048538959215 0.7124968719411616 0.14700228788172676 0.08303573320977709
9 0.10114556191407464 0.46680305660417976 0.09295251666989945 0.08893850362819711
9 0.18548841759875825 0.38790299648763693 0.1332904742462448 0.10592759618646852
9 0.8708365664560025 0.533407614694579 0.1525028598521585 0.10270339246560423
9 0.785417301682614 0.5539185386948624 0.11236427310833808 0.0642981295352465
9 0.573981696946186 0.6031745190676576 0.13871149129059734 0.0769035396981228
9 0.494421646000355 0.5757656759400276 0.11949910568468369 0.0801277434189871
9 0.4119914931628623 0.48808277632405184 0.13089899129059734 0.07663072118646852
9 0.1830784158773509 0.8349516029991495 0.10538887272903608 0.05042164065150567
9 0.41934631057924326 0.6962145934751323 0.06764176894086338 0.04131325272114772
9 0.1820208478992905 0.45424104185972336 0.08063597651720872 0.05734748048862914