6 0.4344461836597579 0.8903065762004299 0.21998390630301123 0.20684101968198387
2 0.48692333904590834 0.17010272676879892 0.09909477018675195 0.21058669541333247
6 0.8873573594643284 0.2177672904890864 0.21860122753581335 0.279038460834608
6 0.8369077981030457 0.46068776684837676 0.16532121551250478 0.2624929788950341
6 0.657173749787955 0.8005337347855384 0.18680559051250478 0.26286799005560124
6 0.17832021314867064 0.7347186439746118 0.34466769237293693 0.2558638108743232
2 0.24990068036925142 0.8369217299126268 0.11083210639567848 0.09953130580283576
6 0.1338386395225998 0.19188131899446942 0.18048736932603632 0.13783389813191327
6 0.31871276134792736 0.2638038068204286 0.2063802359309248 0.2085555012161684
2 0.47001792582419355 0.4026780154253946 0.10833956737293704 0.2517386881080841
6 0.6594586462194468 0.42767436536582193 0.1367063867916405 0.28151285003971505
6 0.7228917719046395 0.6793426516893687 0.17193084141955417 0.2840796296660977
6 0.5301028431374416 0.6104862190581613 0.26795018034962825 0.2389092258504939
6 0.2813243448357061 0.4401305275994354 0.28384799886128265 0.24699446123999746