7 0.3318535417329515 0.49967142286156613 0.19749426002545334 0.19432046279135695
7 0.24175048759743872 0.7259238905356715 0.18268742003499838 0.2640873257680485
7 0.5583271875994272 0.75162147775767 0.260266980028635 0.21994051088459132
7 0.9008081233837761 0.8854275707164547 0.19838375323244772 0.22914485856709055
7 0.5251085941975554 0.24578380046687992 0.17153546835215816 0.14460567762848053
7 0.5798422317094867 0.3355500527345031 0.202353661680454 0.10858757667509766
7 0.14561487174766674 0.6015222160818634 0.21311926002545334 0.19486609981466563
7 0.6479984350632357 0.48825963508356446 0.40647863502545345 0.2016183579781089
7 0.5349933259567556 0.918441556541357 0.2695780716899989 0.1631168869172861
7 0.23631292429181242 0.9246372874304996 0.13658375835454445 0.1507254251390009
7 0.05104739591618937 0.6118861666280553 0.08730110001590835 0.12018850362819711