2 0.21649310707105968 0.3875402868534724 0.2657242368379741 0.23256315254479176
2 0.46891437136199143 0.46269503894236147 0.23785965902415906 0.2728968852101564
2 0.6343874708389663 0.5348502812718321 0.22055435253581335 0.2803002498093752
2 0.7753255732687572 0.4073776382005215 0.16150175634934483 0.15402738411805572
2 0.6937779786647191 0.5869725861966152 0.22055435253581335 0.2803002498093752
2 0.34868865391955406 0.28913722133728326 0.09366320916315996 0.11146613649288206
2 0.449423405280128 0.3236822177750438 0.1219370147444564 0.0828511538275174
2 0.2398220771286223 0.21732374168810784 0.07276786660488854 0.07194904160312504
2 0.2806919997683319 0.26999074396762174 0.10165551383740712 0.060912183937760545
2 0.14421196596602942 0.27364451723932304 0.1379030378840242 0.09298045473932304
2 0.1990761591399931 0.14026540665308176 0.08071677586071568 0.07603712955902786
2 0.5867962808494867 0.20588428072578174 0.2523003711401348 0.18346227061093767
2 0.6425099617684736 0.3203702071836377 0.08852927586071568 0.07621896751493062
2 0.5897662936640105 0.37476140399231817 0.05700645734906118 0.06767911569131946
2 0.3288473715936595 0.19597737818098987 0.09202629809323426 0.06459113649288206
2 0.2787698655820052 0.1870056612121096 0.1394035396981228 0.13594920473932304