9 0.7296278633235231 0.110547870023159 0.06786075668363556 0.12848020409301447
9 0.1594128440782427 0.6601188772044921 0.05330254167329518 0.05159181648562905
9 0.26693835743557115 0.4888884476757505 0.05028263168363556 0.12755897359780477
9 0.395787106590174 0.5845625049459111 0.06583945168284022 0.12251847014910222
9 0.5253297032642645 0.5366306952441156 0.04156106500636336 0.04902453782215588
9 0.5547622540877877 0.6104828838747546 0.04773861334340879 0.07667536465389246
9 0.5274766891112526 0.43609593721607176 0.0338167450071587 0.05447447704650732
9 0.8364326974260261 0.5890897592981099 0.03611077001113583 0.08387371099041951
9 0.6036840224677855 0.26908713958473496 0.040039746678067534 0.0860315538782438
9 0.17889795656631144 0.7490842711155703 0.03592895667568141 0.06824871099041951
9 0.6604844183143759 0.17434811948623236 0.04937356500636336 0.04943397359780477
2 0.06536876576426454 0.5125251639527949 0.08359939001829461 0.13906470064431198
2 0.03566007404722141 0.8822882476819365 0.05343890167488599 0.06331056648562905
2 0.01408752909176481 0.5528325814110779 0.027821010005567925 0.04244865021477073
9 0.6634809174590359 0.3367133918460128 0.02221162834181767 0.06362594838303415
9 0.6446307832889224 0.36113160687884704 0.01846446501034027 0.07709310549520976
9 0.429843849956252 0.3449893105485061 0.03570169000636336 0.048717460990419514
9 0.4632401516251724 0.33012785009501333 0.02021305000795426 0.05961733943912195
9 0.4487046632817637 0.4036300874876281 0.022120721674090627 0.05581344838303415