2 0.5601668465686512 0.23644758764380414 0.4006743000405266 0.18982445779384083
2 0.4810786021524771 0.38587656121779473 0.423656958746115 0.18101383773675672
2 0.4561133449672433 0.4824153155428461 0.2248876649085867 0.0988367132124579
2 0.4285423190660612 0.13264344981081339 0.30996904414711457 0.20952152176742034
2 0.6144316713198549 0.09680247338535089 0.33076846463952725 0.15383590171033623
2 0.3861300041372111 0.3107939778525657 0.10374573821317568 0.051013354752635465
2 0.2792994228199462 0.30247577134093007 0.10924124017764647 0.04343960598836438
2 0.13849503412212774 0.6259682979091029 0.19654864919282106 0.1600633732885699
2 0.2585372640130412 0.7273202507135517 0.20168027812176248 0.14467712452429904
2 0.39288021376424487 0.5844122029001357 0.1200129011572919 0.1491471072240933
2 0.547444608408952 0.6560909195354536 0.3380833317816443 0.18532465294606526
2 0.39197846412730775 0.8339744923012994 0.18819572477146695 0.23185149581711206
2 0.6306931596399837 0.7940316297542762 0.3641161197257603 0.2838563241437382
2 0.239888915688189 0.771942025048117 0.19723360370040843 0.21662441454332715
2 0.303948838919038 0.5266292014265563 0.06768519075629231 0.11387480484777557