7 0.3425533903040035 0.4970703125 0.21001366741927052 0.197265625
7 0.27065982065363187 0.7314453125 0.2026352043962455 0.265625
7 0.5879744285257184 0.7294921875 0.2754216572100605 0.224609375
7 0.91485929922214 0.833984375 0.1702814015557199 0.234375
7 0.5157242368379741 0.2265625 0.18291792672143137 0.1484375
7 0.5772848881522143 0.3115234375 0.20896578879107341 0.111328125
7 0.16507324760673125 0.6162109375 0.22563866741927052 0.197265625
7 0.6566530875596889 0.458984375 0.4193390655588385 0.20703125
7 0.5775794871658532 0.9072265625 0.2838231896517891 0.185546875
7 0.2804099709449889 0.9267578125 0.14964659709351769 0.146484375
7 0.07193708925795339 0.6337890625 0.09602556193064132 0.12109375