9 0.10708718481536678 0.7873046296015904 0.21417436963073355 0.2307096334770553
9 0.3615992834131715 0.27541187603571193 0.08499135430778515 0.09747969861417527
9 0.382631348231235 0.32021869442912404 0.11264218113952174 0.10461262923852765
9 0.450433250650498 0.12319919329209554 0.3454485767181652 0.23430557226887702
9 0.7769344195233483 0.6593773451755129 0.40477814761277875 0.6228436874465233
9 0.6872663196813332 0.5300912114901879 0.26433025214770667 0.28508143713693723
9 0.49470505356845973 0.4309260522667435 0.13575599417644835 0.17388168682735095
9 0.59060874392345 0.40405315421095095 0.1580592407277459 0.19050733767505645
9 0.42808858406985545 0.6425030226448898 0.212730130596409 0.2670912624059967
9 0.21332643034959664 0.558010389269151 0.22323718340079957 0.1701627584770553
9 0.11519015151576656 0.6219257824137667 0.23038030303153312 0.22099218517246655
9 0.23351751187424596 0.748983193756475 0.22403944482076033 0.25982457195929065
9 0.5580890165671587 0.9316243248581568 0.19364984170039978 0.08890204611158525
9 0.6105979110151634 0.8405284150155399 0.11201972241038005 0.12991228597964533
9 0.34783615798981615 0.5566163919062708 0.09630066853213637 0.09021300816746924
9 0.3370303334193575 0.502565669718447 0.08663740247604856 0.0917112918730576
9 0.5556309475363235 0.5138161155941858 0.18993169945688737 0.16666317307605594
9 0.619894510402893 0.12407401726933356 0.1269282098029949 0.11696815705070396
9 0.6081965230670641 0.2171658436754217 0.12013929924211686 0.13613553401517464
9 0.7075762649822346 0.10537749224907024 0.1271329276908193 0.12087440705070393
9 0.576290844075249 0.061349433934121386 0.230230811849502 0.12269886786824277
9 0.8155943344364252 0.23770567747501326 0.35448107897944325 0.29512535204552404
9 0.49665952764640553 0.2077480810611552 0.10956310775648759 0.08303728597964538
9 0.5017595156327325 0.2591420205256259 0.10688516508343393 0.10629284946188067
9 0.5673081722079814 0.3281782723353035 0.12784944029820444 0.13454628205070396
9 0.272615930292811 0.4490634496498871 0.09659944029820455 0.1330907899085867
9 0.3577774331478012 0.4226908770179473 0.06998050797125821 0.10847070254311664
9 0.42184188503632336 0.5200474413276248 0.10482968113952174 0.10424875620299856