7 0.2403753505183687 0.7527292023644967 0.35325277165249686 0.26376932608177106
7 0.535114619372661 0.8790686242633248 0.2923988198207603 0.24186275147335046
7 0.84131684616617 0.7516285090922317 0.31736630766766005 0.24251224852664954
7 0.7353251929260521 0.5935593130202262 0.33475341615728715 0.24578206568098993
7 0.5412659154500036 0.5012591175895837 0.36436567305469203 0.21525941750460098
7 0.2605401677680671 0.4488827029105471 0.31521386109161875 0.28239138630225713
7 0.835865557863873 0.3962961375591587 0.3282688842722541 0.39458324159279545
7 0.8591412143823363 0.14581962943789134 0.12158893458822417 0.08671194433854179
7 0.70640048620519 0.0788654160312506 0.29170722241038005 0.13163708539045163
7 0.27793714099930217 0.11083378621210961 0.5011867819986043 0.2203947067328997
7 0.44664306097186146 0.7243675129404084 0.14234849191517052 0.11060403922829876
7 0.6899315941578903 0.8626806111064675 0.2737030515033947 0.19754328101171903