2 0.2411360998411395 0.5063580425472611 0.2493808958981522 0.4135183806573408
2 0.40087830408199027 0.4732053997160251 0.2458496570587193 0.4349800297596417
2 0.49942588677277044 0.4775143832991242 0.13296318891886316 0.23317182962406857
2 0.17361913758354935 0.34661085870584396 0.2557615351032593 0.33153258245273887
2 0.09853684177269666 0.5169702072365505 0.1970736835453933 0.34294453283380166
2 0.35308504007957786 0.3582607799116879 0.06632818080283587 0.10779685231203429
2 0.36962557934425766 0.2497771202953165 0.0605369896502117 0.11166901346548563
2 0.7111106843561723 0.2097083482210749 0.1872756777582958 0.21200561719185512
2 0.7778556356558899 0.35774246353691685 0.1737060785293596 0.21778545154990847
2 0.6112824365899333 0.4465932577147015 0.16452990158184266 0.13961499975451042
2 0.6424620348053959 0.6182694061098348 0.23465217126382654 0.3528919650153941
2 0.8482511475279482 0.5204022904550598 0.25570323660567174 0.2163095704015885
2 0.7535784476512126 0.7416337925765626 0.334977476661273 0.39448710040671964
2 0.8257924279651098 0.3525812587901036 0.24213363737673554 0.22208940475964178
2 0.5769735420072373 0.34231128476841766 0.12057248579489288 0.08272438987982089