9 0.23075525503558988 0.46749662189391683 0.1178271988975696 0.20389643983681927
9 0.6061205639733505 0.3961550487703388 0.12641087718420163 0.1538551846503382
9 0.642933635782031 0.45372852854306256 0.16074885638263892 0.12136291597900617
9 0.6117241961931419 0.7018045420279133 0.12400315729444467 0.13417593568763442
9 0.695822219915581 0.7032856849241759 0.16415668502986125 0.18401091494170996
9 0.5611045039434891 0.5649220705535594 0.1720601040078127 0.1885091607925251
9 0.4818852101561626 0.7741418599708159 0.1366765565629342 0.17607955446385715
9 0.3186628941892355 0.7676433215850502 0.15134854032039946 0.22008429720278366
9 0.8096668144499125 0.9113835844230422 0.18287129725425366 0.17723283115391553
9 0.7182434135174476 0.4124774891258062 0.11046766076137171 0.1389993179487079
9 0.31281168431901013 0.3465374548834199 0.08053435291571187 0.10943558350815119
9 0.39002749453949626 0.3915199133915711 0.13599466422829876 0.14678267946385704