2 0.156839448052483 0.25435032103053196 0.313678896104966 0.2256743579389361
2 0.17812250304865906 0.6962087197589737 0.27618906046893366 0.28217583798464263
2 0.26085485542142306 0.4845166927742396 0.11395320312397028 0.1555758157562923
2 0.38699693486496856 0.413265036705771 0.09404694196340313 0.13318175816746913
2 0.3373654317211408 0.6292699782895055 0.09438786120028231 0.15271300816746924
2 0.482714887889651 0.5756633271322138 0.09888355925276526 0.07486091294411601
2 0.4141724431836905 0.25392480846974197 0.10124578733702039 0.09838938120299845
2 0.5742797732353202 0.09852838141126809 0.3084717035293596 0.19705676282253617
2 0.5538159380087964 0.19180199958909713 0.10494748579489288 0.08685256772076305
2 0.5507696535136213 0.422225265459656 0.11553131696340291 0.13418240901517464
2 0.7518343100676632 0.36309633142421804 0.3611961931795715 0.34468122311658256
2 0.35290025923702684 0.5778064663478881 0.06838358157389968 0.11637417080199897
2 0.5985997341774542 0.7566377008403922 0.39762372970581294 0.3073471200353466
2 0.740600514411921 0.6153678453303061 0.12865772118439622 0.10356918682735095
2 0.8452730468801488 0.7119725752212196 0.12769326197134623 0.16011884356846862
2 0.9260401709659631 0.5569666573659268 0.1127258938712048 0.08526331575629231