2 0.3539155182666309 0.22124679090428878 0.3290675015824305 0.32332513285768694
2 0.5298176614174278 0.3202282055643673 0.26963048683797397 0.24027859848423339
2 0.14595105978866374 0.5937873727955078 0.24753227018675195 0.22157452510119935
2 0.2632315736260708 0.5291544451046886 0.2077629146981228 0.14345783016686786
2 0.18863147517197917 0.7114479456416152 0.12402654900028348 0.09033062952255566
2 0.3101592621489541 0.6368446750629717 0.09768105920949355 0.061656213251697345
2 0.4334417418463681 0.7073909606806354 0.09695561751193771 0.09671010430778493
2 0.5321830842888055 0.5316304733448063 0.20101687953524627 0.11776012833513105
2 0.4642639278699602 0.6063485604658647 0.094320446232802 0.07707649536387295
2 0.6650947797303923 0.6055712142429092 0.3934710081634434 0.21362644589461355
2 0.5399955428924182 0.8382752508776405 0.3332403470935177 0.1636806775772479
2 0.32607259676563866 0.5161133338994985 0.1976314573490614 0.07664214439121908