7 0.8102005630810777 0.6104286771728165 0.3121304263767233 0.2478095552762778
7 0.6042900536295288 0.8446780336344127 0.2925991763767233 0.24769592578778266
7 0.2367611141180859 0.8474246117507026 0.3633624675263744 0.226631979895215
7 0.29806539336893706 0.655320191497516 0.33447531994010593 0.23232091066247218
7 0.4466867702351105 0.4998712793914072 0.3653566562622941 0.19931095579291402
7 0.6928961091989955 0.34596707722777464 0.3136327602270721 0.2692939302762778
7 0.1445044808063635 0.5272762234079618 0.289008961612727 0.3826774468159235
7 0.03193333399561828 0.30101987192583995 0.06386666799123655 0.08250849385167991
7 0.12838047864965113 0.14528688609849322 0.25676095729930226 0.20463627219698644
7 0.5388920077306447 0.07543020625459192 0.5003409845387106 0.14738335016123008
7 0.6238275409552055 0.6630771789553861 0.14200414264258998 0.104299668470617
7 0.4475348141471398 0.8789366106753005 0.2726037506302539 0.18510502219698655