7 0.7114796660394825 0.7044019644965842 0.17756523296937488 0.3168787169380831
7 0.31259901103435117 0.8037801812229056 0.23198002219698644 0.27318890109659777
7 0.33866638259195664 0.518178536509283 0.21344871169574442 0.4439263353256997
7 0.21555701137328429 0.5360873883659412 0.18709223604353503 0.27643187482353193
7 0.4767209301828344 0.13050066463900678 0.2614018896343312 0.26100132927801356
7 0.20104623146159634 0.17767931927120453 0.18915899053203022 0.2960768814006219
7 0.5686465257914272 0.5887396354126853 0.26462766490547773 0.5152433813300348
7 0.5683871312710649 0.12992589527832 0.09839484167521895 0.1326409538544906
7 0.8793802383463853 0.7063376488668603 0.22104531566760333 0.40727198663405884
7 0.714348159522928 0.37914977370803926 0.17884794398725323 0.2017580985151728
7 0.6437806442748726 0.25927845127181737 0.21636638514583595 0.27423197347987927
7 0.33737295972628784 0.23709917137491773 0.12769171667521895 0.13434730251083776
7 0.06064849043858679 0.5462213553216709 0.12129698087717358 0.5052135393566581
7 0.17040852849735275 0.40985441792755173 0.14395304181079216 0.2446323551275562
7 0.09376071184779061 0.16049843101114417 0.13826411104353503 0.2735879603962868