2 0.6435546875 0.6578662395152186 0.353515625 0.2887411095667818
2 0.828125 0.8253812369824058 0.205078125 0.31091076107465243
2 0.900390625 0.7291645974325214 0.12890625 0.21244971053263884
2 0.8330078125 0.6041287402222785 0.146484375 0.1710188471961802
2 0.7001953125 0.4489544645977417 0.15625 0.1445294786759257
2 0.572265625 0.4475276922130776 0.1640625 0.11786923385972192
2 0.521484375 0.31906147101840177 0.275390625 0.26432793272881894
2 0.76171875 0.2990636304201374 0.31640625 0.29526008494374945
2 0.0654296875 0.3875602934142939 0.125 0.18281108294074055
2 0.1083984375 0.2926867594251734 0.146484375 0.1417219721961802
2 0.236328125 0.2989963443098375 0.279296875 0.274435310320717
2 0.197265625 0.5377663183908561 0.23828125 0.3782687831057867
2 0.314453125 0.7443079586478003 0.158203125 0.12712222997187483
2 0.451171875 0.7474802368642353 0.1796875 0.1778299942273145
2 0.5048828125 0.8644840225028347 0.2734375 0.2446258064328699
2 0.2724609375 0.8786003546183447 0.291015625 0.24279929076331053