7 0.6221769343018136 0.775289056720652 0.3438990504559305 0.38563577074104916
7 0.7317710925509625 0.5750210421857679 0.2855516828714484 0.21856938425156947
2 0.43084657444797625 0.5501629250876697 0.342738611089757 0.2300115804263574
2 0.48145063988021186 0.43215025447582023 0.14567830476935528 0.08127728446843885
2 0.6593488148511579 0.45115911764027156 0.15153767976935528 0.08165277027962381
7 0.7402602342481717 0.4018318418466205 0.3747259384453807 0.2981700975452205
2 0.7936096553415013 0.2669672848606477 0.29568597154926035 0.2522731569998161
2 0.36463940580189774 0.23461969367155686 0.32884803281334063 0.28161949799280256
2 0.5388089703133406 0.2283630937730699 0.10329692172358351 0.05911763379014423
2 0.5045136938494557 0.07459159951780972 0.1908733313785096 0.08806225902085688
2 0.7309668422112474 0.08656516425571979 0.1305996079876639 0.08808848897194568