9 0.8173353066319334 0.3084273885658936 0.22869880669158982 0.19811253469915158
9 0.8850662774009704 0.7867537737057055 0.1781902766947714 0.21829582433554862
9 0.19575156493676427 0.4787119920173501 0.25011500169079437 0.19362994100682973
9 0.5549099774228444 0.6043434319052248 0.14625847668681735 0.15769948334256223
9 0.418013519155796 0.10692536049972422 0.18741046168840803 0.17204663402085688
9 0.7327507274924435 0.10266236986665012 0.16340479501511296 0.12171656577611706
9 0.75983243664466 0.21092253045404405 0.13606104501511274 0.11996429865725394
9 0.7826763065921625 0.5993935475729072 0.15366189668204466 0.12304388109080877
9 0.5633113182288685 0.8059790339666395 0.27580244171704305 0.388041932066721
9 0.4181778115551756 0.8438095870593396 0.24575558670829356 0.31238082588132077
9 0.3648105107714233 0.47977287457318296 0.25295446670113475 0.2699269779438913
9 0.20620761656591372 0.7559553130767817 0.40041608837920245 0.36329849822351523