2 0.41888717744364296 0.4778558561795874 0.6065032863839147 0.5554295783841653
2 0.06907794809379075 0.7950668859693608 0.1381558961875815 0.29658497806127837
2 0.7394794090644592 0.6799383056224326 0.1884559484924897 0.20812605172849485
2 0.6807270327296278 0.9222858457879997 0.24346263523146083 0.1181477409934022
2 0.6198604874733296 0.6892643187524121 0.16709074470916607 0.3283105195960414
2 0.904219254143229 0.5952569398268861 0.09610122197528082 0.15088119573096925
2 0.8524400217735069 0.15543148332441198 0.1296631500048493 0.13237288812997944
2 0.7014118291577764 0.21535780582028832 0.11045076439893542 0.13571083679719592
2 0.09219593900993499 0.44620675293624734 0.18439187801986998 0.3497739941275053
2 0.16418279942377298 0.2085819851051133 0.1014027454580721 0.09647784639736084
2 0.16071442386209345 0.03939596620156698 0.1121649022758131 0.07879193240313397