2 0.24960437090079957 0.16436660257545874 0.35007964439121897 0.20124449472169897
2 0.17174211894930572 0.5962046185055305 0.27523013059640905 0.262380817774182
2 0.305312656885033 0.42681832893474914 0.1111925457934142 0.14829124695546003
2 0.442909762973955 0.4087310430165918 0.09248847241038016 0.12650004464226872
2 0.3394549715895252 0.5942537114426922 0.0936144207934142 0.1479844196422686
2 0.4928776430334374 0.5988830524521942 0.09918332909301442 0.06807675426070814
2 0.5106328725683651 0.26746545707857694 0.10236476141996076 0.09154834618439622
2 0.707253927097107 0.16552522118027715 0.30957581411077983 0.21029418932425253
2 0.6596886787646725 0.2632375517407032 0.10370373275648759 0.0798636881080842
2 0.5968829510108817 0.47971549614056197 0.11592597241038005 0.12690914772652384
2 0.8038588690060914 0.5008903190896381 0.36022978996986255 0.32045330356907487
2 0.36845307482345707 0.5518304322216989 0.0663813348029948 0.11238497463432573
2 0.5549695563357344 0.8155897549680804 0.39704039320379425 0.27816639204283344
2 0.7273771137194663 0.7356672615618376 0.12796010430778515 0.0958977911923391
2 0.8016179754615831 0.867702807929071 0.1270222636812386 0.15247023234496337
2 0.9185233138268517 0.7526630991214103 0.11336699881257539 0.07808102272652384