2 0.5388588782084522 0.6763392088352809 0.25981918682735095 0.13581972662876396
2 0.14963580852321853 0.7854786455342542 0.16934404414711451 0.20285840448891257
2 0.20936411393930135 0.4450768539061988 0.20618589950240734 0.2821428831634434
2 0.3890408436754217 0.6064979596264961 0.12400473428423431 0.06672868693064116
2 0.2536839249926866 0.6238993914525324 0.12745614298982266 0.05709947118646852
2 0.31977447865256836 0.5864923887313845 0.07731167080199897 0.06899802586071568
2 0.35227933106115517 0.4956596716266378 0.10751822839082215 0.08955234527941913
2 0.631049099723627 0.560022852893127 0.3621576095938206 0.19789191265235617
2 0.6595594264393013 0.4293556871721209 0.34766702026387963 0.17983635525696107
2 0.6174816558123589 0.34892724592808977 0.12782001602535198 0.06491197118646852
2 0.4991489748784201 0.5032055347191633 0.15829947839082215 0.09132566560517197
2 0.3305702279799193 0.45936875216160067 0.11183114298982266 0.056553834163159955
2 0.40678758710936047 0.4557322091729714 0.047105113213175676 0.04844370644201201
2 0.3876978603199462 0.3004029716498046 0.24488452646687808 0.2756944757217148
2 0.5074270864367114 0.3254711597191633 0.09543560535529272 0.08133061751193782
2 0.6291202078173562 0.18277521167226268 0.33459451664452455 0.31782618397782547
2 0.24082268662471773 0.7325706474641867 0.06745507754311664 0.06670387772114772
2 0.3821540369140407 0.6915612040683664 0.06486517473094033 0.05296379809323426
2 0.40554874535056945 0.6497953281613171 0.049240174730940334 0.052418161069925695
2 0.4360309002820095 0.5814576508705271 0.060958924730940334 0.05282738883740712
2 0.4588129192540676 0.5319133772774347 0.0565978334365288 0.04292535458157998