9 0.23029201542964908 0.18385872182476093 0.2360181340704927 0.2254870362892316
9 0.24899547539383574 0.4605683865785546 0.259771848000567 0.1797946236547019
9 0.43943134449801546 0.6093136499667868 0.10776912114013482 0.18246472446188067
9 0.2828898983810475 0.8064561406622892 0.22447918874473993 0.17425094499481997
9 0.8116783915683664 0.4535186360072221 0.12264387023308565 0.1617080955329393
9 0.4222748932666309 0.26029287608355195 0.1850074609772585 0.1607128298171736
9 0.5155536424754157 0.4182070856571092 0.09452506011654283 0.08240050816746913
9 0.6531342434287986 0.45591583203775404 0.1438988221398514 0.10029971463952714
9 0.6962114819748486 0.5948633043803708 0.09311757213985139 0.09793453990858669
9 0.5940382104275228 0.8317077654540195 0.15157491288402425 0.09675733767505657
9 0.41254328778781324 0.8629977197054971 0.1644593645591219 0.2740045605890058
9 0.617646263393694 0.5197990591367545 0.1462611749073328 0.11210943289840936
9 0.6184801936372999 0.6919924480428428 0.14698661660488854 0.0770441511572919
9 0.9102305534393188 0.7965489676340733 0.1350694757217148 0.23833481182735072
9 0.9373573263472186 0.5239301819640142 0.09786708688430767 0.17810363316746902
9 0.7911085560446327 0.5943924524361635 0.10744668420949344 0.061552910979645326
9 0.11089400523025057 0.6898705598628803 0.10688246097725843 0.15707409946188067
9 0.4232762235797372 0.5117242798779635 0.13931052586071568 0.08058652812176259
9 0.890693121835139 0.6557634268980443 0.1518477313956783 0.10456983767505657