9 0.06144888213004697 0.7654604931363052 0.12289776426009394 0.08235427590900724
9 0.6215231960079394 0.19746612526532092 0.05504230361204665 0.060019997300664596
9 0.44780285879336 0.30382711770948806 0.12934063735728962 0.06672927590900735
9 0.5404055409704301 0.43410865206257065 0.12599147357399065 0.08015082703488408
9 0.4891352006665284 0.5630032840416219 0.050658551140588814 0.04805092342654138
9 0.5632959244783695 0.5932126436184955 0.07824105237631773 0.055662565545404386
9 0.38823092818555643 0.5643699442829468 0.05619959115961681 0.04061390923772623
9 0.535154718918136 0.8753518921534713 0.08370250865010287 0.046272426356589236
9 0.2206269515222434 0.6407704040697682 0.08776792614058876 0.05042900023071262
9 0.7098332972912385 0.21683286840162608 0.0699510499048599 0.043443167797157844
9 0.12437006354708924 0.6962860685908088 0.052930011121560705 0.05598858536360307
2 0.4756108182986309 0.10195373708010459 0.1404591860264205 0.1005582105943156
2 0.8457246825570841 0.07769519971622589 0.06636313488583179 0.05100534392303449
2 0.5178384337928131 0.050808619289868455 0.04220938117864481 0.03192527567829469
9 0.2857416272828182 0.700752553398395 0.06548771368815887 0.029520968923034463
9 0.3109913191078696 0.6818092651116657 0.0790800049429159 0.028443977482466076
9 0.3001744892119769 0.46669045824104916 0.050419799904859786 0.04219154842654138
9 0.2841333361702246 0.4999314312130868 0.061501879942915894 0.02731752004891108
9 0.35813156925003303 0.48607031635289866 0.057675213688158866 0.029020321174787922