0 0.2801555736724529 0.5584888301956448 0.5163337382710576 0.48807141039128954
0 0.6000998649673734 0.40691479699612554 0.30325208913374246 0.41608533312569285
0 0.7882483725527488 0.4977190006113899 0.16605577879045486 0.2614654322166855
0 0.7078899486724529 0.5858992944121464 0.10235427568836153 0.12905464797895938
0 0.6912740916301698 0.7792717843876908 0.12211761356159645 0.16143110541251415
0 0.49674667502012226 0.8280346921257848 0.3612040238467762 0.3439306157484303
0 0.518409599506084 0.5455634359542278 0.16514081189433405 0.22057496915374708
0 0.913078335256126 0.6058772353036198 0.17384332948774794 0.1609042277131787
0 0.8712575499709461 0.32327518699243485 0.25748490005810787 0.43083419956626123
0 0.39716634407742096 0.3132187538528987 0.35306392390488395 0.32205877930048077
0 0.8232327653651963 0.8450870787652289 0.17176519338905938 0.17627890383905553