7 0.7803107973764043 0.7715141101220415 0.19674642273873433 0.3116908695813829
7 0.39060229075073893 0.8383664223377147 0.24760755000969836 0.2670442144481868
7 0.3869361560809579 0.5549825722901446 0.23820008334949727 0.43796420950527093
7 0.26492559036173846 0.5626641088398363 0.2031639716008279 0.271073163307598
7 0.4830790895885866 0.15886791197618194 0.27865817917717317 0.28972234562683163
7 0.21320884470431695 0.20335045826954193 0.20866454357125952 0.290763580798084
7 0.6258150350612062 0.6435546004740603 0.294402028048965 0.5064396368815887
7 0.576709434854583 0.18506928550260243 0.10606621780780601 0.13085272851690644
7 0.91375265323013 0.7871871665855601 0.17249469353974 0.401252753231486
7 0.7498590865687167 0.4461596301315556 0.19140560531023043 0.1985687870718691
7 0.666572670654997 0.32012836468494354 0.23214198220674165 0.2683606694862428
7 0.3561654197067415 0.2734142373091727 0.135363092807806 0.13204648469555136
7 0.1060647672558248 0.5600842836025326 0.16174896024600813 0.5029810672050652
7 0.2065515028568893 0.4318080570813831 0.15780373864518032 0.24002544591225228
7 0.10297693693832047 0.176472622908556 0.156448403797871 0.2711162784217663