2 0.5199002352457321 0.44627926434427045 0.5243428291645773 0.5410708826447053
2 0.1620225841631599 0.10719457755512152 0.2847098498146655 0.21438915511024303
2 0.3576110969678722 0.8087463261075952 0.1969990294889128 0.16461127991961821
2 0.09551722151434754 0.8040957101303385 0.1368179868379741 0.22956282627239588
2 0.3359065919791012 0.6909913990083765 0.3225198573027277 0.1265505217030385
2 0.4574871088753467 0.954002478392274 0.147054821232802 0.07562962718420163
2 0.8855004839911806 0.8120972640841573 0.12498141379107341 0.11414661331649323
2 0.8093347905953605 0.6741080979317702 0.13015874251193793 0.09475174178342027
2 0.5111886290817217 0.0927019822146266 0.3387835081634434 0.1854039644292532
2 0.7563306257912152 0.13584113898884487 0.09095983325611057 0.08993630200390634
2 0.9318266526748142 0.09559424273654435 0.09527531102359221 0.10174597098185773