0 0.7379251869019516 0.7752614625309888 0.24238622614275585 0.17524063521015654
0 0.1423017780004733 0.7881500441685763 0.22269522160082783 0.2683542023644967
0 0.46851310811862823 0.6606684194545135 0.32354011554169126 0.3096896768132815
0 0.1391509774533413 0.5822552813929687 0.2783019549066826 0.24564568721406266
0 0.6321968357713189 0.6256680116140185 0.14871578106883487 0.2217957857613717
0 0.29480447668018944 0.6393691484623261 0.15971724735458304 0.16551883667317724
0 0.43676355283021895 0.27347397784622357 0.3054437553150797 0.32681320692352456
0 0.5357548460149025 0.195142777119878 0.21671635303926662 0.24287265838654531
0 0.6458677437366649 0.338785934058897 0.1570069000048493 0.13231571167317724
0 0.8496307948697222 0.42176693424952183 0.12814838296049658 0.16088523484956596
0 0.8471407547049086 0.7746688561483499 0.11292212462554696 0.11764372791571187
0 0.8325312888057363 0.5118379816944003 0.20332372614275585 0.1743314454306426
0 0.7197668234803667 0.11175345804144939 0.20890385303926662 0.22350691608289877
0 0.5955453045273804 0.46569441608289874 0.07816461629059734 0.07394762609210082
0 0.45561778009633364 0.44848241653363674 0.13133734924624474 0.10442644780546884
0 0.3390692982640452 0.8254826340485674 0.17972679394571256 0.1718328065629342
0 0.39628758292655253 0.7335031045796871 0.11782490644328791 0.10606135638263892
0 0.37488244050774705 0.589744665892274 0.1088963810639858 0.09220764342673604