1 0.30731893711342406 0.2032586232893202 0.330356406068835 0.222386266709089
1 0.7050989001799528 0.24253360573483407 0.32142788068953276 0.20862348504136174
1 0.7788189007537552 0.0977898732893202 0.2939246984924897 0.1955797465786404
1 0.8532381497933769 0.44764445237909645 0.25589770191105843 0.4576235116963623
1 0.6898538007343585 0.6085740932328455 0.24374059395541092 0.4282130033617033
1 0.503469503768776 0.5014717599260261 0.27072554092584245 0.4480397000318168
1 0.12755107632513307 0.1498672274825008 0.25510215265026615 0.23932804503499838
1 0.07924150889662925 0.4441648033199438 0.1584830177932585 0.37298006335533995
1 0.05807664298048501 0.7838949199852847 0.11615328596097002 0.30216757668284
1 0.1515891064093438 0.7963054649705695 0.20822586327072723 0.3517002283577262
1 0.35130579997332956 0.7042231382777866 0.3091100511573033 0.5597087250357937
1 0.5994330357616207 0.8915847257419929 0.2791767367486693 0.16910645170272565
1 0.36832494524902437 0.42401788077858205 0.1450085795564754 0.2943778033497719
1 0.2653273943031935 0.39497168329289956 0.10897593599006505 0.13980820834659036
1 0.5308319337069781 0.1344119933064217 0.31333613258604376 0.2688239866128434
1 0.8227666308403905 0.8089839407125623 0.23680577690136007 0.199833738363294
1 0.7932900319807217 0.7039583607177327 0.10901587462554696 0.11639343501352206
1 0.19872241816043779 0.5655071783000584 0.2957174242607923 0.49125844336806646
1 0.5931346581162036 0.7297026174113108 0.155691503793022 0.13840052335295372