7 0.7837867497398869 0.3387147874445464 0.21048943721406266 0.31995181006354423
7 0.44803517026067696 0.13191894937205825 0.2562734094786461 0.2638378987441165
7 0.3577546560375431 0.3988641558466701 0.2602283850195316 0.44381689123205437
7 0.24969798121783826 0.3441326785731939 0.21344103794557312 0.27900436891092006
7 0.32138638096288996 0.829011896816457 0.2906584811920141 0.32525582893474914
7 0.10127347911603711 0.6739061941971641 0.20254695823207422 0.29867198660567174
7 0.6036438383371524 0.4033576359619916 0.3185055516226567 0.5151180570190041
7 0.4179978792294264 0.8302540340939049 0.10855999525034732 0.13465346387914812
7 0.9027219905265187 0.38739938413773906 0.18519136421796922 0.40736514813191327
7 0.6566460711931419 0.6425692532513538 0.1981326213424479 0.20845322544510458
7 0.5422729769447476 0.7333967263634095 0.24273791294557312 0.2795157477662389
7 0.2442866690037755 0.6605048366495059 0.13794778922829876 0.13907109273446672
7 0.10022226158819443 0.2785177034300719 0.20044452317638886 0.5015583431398563
7 0.15646831580212636 0.4492335780246824 0.169744936121962 0.24700434658978565
7 0.033970220721744576 0.6575042405643976 0.06794044144348915 0.2748352688712048