9 0.5209307772408438 0.5751953125 0.15085623655829128 0.177734375
9 0.3681722849439335 0.482421875 0.11237695254311664 0.064453125
9 0.47059105045142946 0.7314453125 0.09311860731976362 0.0703125
9 0.41499117529663637 0.669921875 0.09470785928423431 0.0625
9 0.5133778639336648 0.7275390625 0.0864886946852339 0.095703125
9 0.6341746208093124 0.7001953125 0.09784357164970459 0.087890625
9 0.6118206622179905 0.59765625 0.12092258374611498 0.1640625
9 0.3648788691544279 0.8310546875 0.1252354983451156 0.130859375
9 0.33984673205801735 0.7548828125 0.08226136321317568 0.046875
9 0.4101698575758733 0.56640625 0.1383133870964106 0.076171875
9 0.34742104114693184 0.58203125 0.10660854580199897 0.06640625
9 0.41985783240081687 0.41796875 0.16189003205070396 0.12109375
9 0.2540803983119023 0.5908203125 0.07331445254311664 0.064453125
9 0.26419912608355195 0.4306640625 0.11233416097964533 0.10546875
9 0.21998629393884483 0.5087890625 0.13876822839082215 0.0859375
9 0.3348567959033155 0.5009765625 0.05855095843652869 0.041015625
9 0.2747406738500216 0.4892578125 0.05241867865988181 0.03515625
9 0.13801653871808175 0.4052734375 0.08884848428423431 0.0625
9 0.2254951139871414 0.3544921875 0.15017666718264377 0.205078125
9 0.32260286186787757 0.30078125 0.21581237954811394 0.23046875
9 0.21849325061917255 0.24609375 0.23656900847705536 0.21484375
9 0.27321291666478786 0.3935546875 0.06654539495429335 0.044921875
9 0.21381660773066646 0.6279296875 0.10692962727405697 0.115234375
2 0.10556000775092976 0.71484375 0.15180871071058574 0.15625
2 0.11522658679413768 0.5869140625 0.10016056968523376 0.095703125
2 0.05667024322566909 0.4619140625 0.07386026209641056 0.076171875
9 0.5833691377155831 0.322265625 0.2546983281622892 0.310546875
9 0.7094902303018163 0.451171875 0.1438570657562923 0.111328125
9 0.8013379745631973 0.5361328125 0.19014346463952725 0.140625
9 0.9267418018502043 0.30078125 0.14651639629959146 0.18359375
9 0.5076573443959108 0.0595703125 0.19890843879182163 0.119140625