2 0.35981609788716756 0.8187764742583676 0.33916511554169115 0.3284029587239501
2 0.5230609840668837 0.6856246570292133 0.2759877704629212 0.24370130000969814
2 0.12006798948163813 0.48704508636936716 0.24013597896327626 0.22436942084222355
2 0.23597109486729761 0.52947530948013 0.21169440000484918 0.14532776629544641
2 0.14259922252483748 0.3606300047412773 0.1258367772758131 0.09175661401963331
2 0.2710870838869309 0.41240730304169126 0.09837353371425195 0.06429337045807215
2 0.3840291778302189 0.31742130058350077 0.0991307560639858 0.09733706326102898
2 0.5020342916505027 0.47353135418687153 0.2039218386403312 0.121411969704317
2 0.4264202681677115 0.4123071341081016 0.09558330909355406 0.0776463810639858
2 0.6252203071849203 0.37348313771389696 0.4000711159161443 0.21890814281750437
2 0.47612446438923717 0.16469861706374914 0.3378104253841514 0.16920330190620925
2 0.2998462378599055 0.529774043384033 0.20041433030538136 0.078443219704317