9 0.4962366840885831 0.540027042821379 0.14071727502386255 0.185478132124979
9 0.6486265716005144 0.4415517929666485 0.11007952667488596 0.06819512005632156
9 0.5461536365671069 0.694610909000084 0.088686058342613 0.07450528620597252
9 0.6025108624085269 0.6311481860696349 0.09250140167488596 0.06696593781512705
9 0.5042182657344364 0.6926644762984933 0.08116900501272672 0.0993496079876639
9 0.38252294323881114 0.6689739015845662 0.09279684834499946 0.09235656281512705
9 0.4051891049192651 0.5659090677342173 0.11126131335533995 0.16975762005632156
9 0.6523709982197212 0.7906148647483398 0.11671160835056726 0.1350110974700529
9 0.6776600373965956 0.7137123546911252 0.08057811167249973 0.0485683579876639
9 0.6066450632559126 0.527427697362769 0.13560651167647686 0.08168935551582468
9 0.6699057224200604 0.541543671214011 0.10424287834181767 0.06973851764258998
9 0.5976414657761958 0.3787648017879434 0.1556604750159083 0.12797698856159634
9 0.7625427999184697 0.5467750704965955 0.06908662834181767 0.06728015316020075
9 0.7526989999403436 0.3864617128240585 0.1066732633473857 0.11089071844716702
9 0.7966890815961396 0.4633985943187836 0.13572014501113583 0.09145498051582468
9 0.6825676290977305 0.459669528886548 0.05709515833863632 0.04302319833273782
9 0.7422515749323895 0.4457383418469444 0.05116760333784076 0.03675409591900647
9 0.8789255557765936 0.35616819842883113 0.08661930000795426 0.06460308540139537
9 0.7916599141172183 0.3086031721348037 0.13715192502783946 0.21450185551582468
9 0.6946627374582406 0.25879133736366217 0.20185504336408933 0.24049323206687123
9 0.7987692557984676 0.2007715697210722 0.22313487836170331 0.2244174409172201
9 0.744341744112048 0.34996692894465575 0.06495311167249973 0.04747575155104666
9 0.8031152549132994 0.581992916100475 0.09897439668204466 0.1201100402288584
2 0.9153397149009704 0.6648918319349992 0.15409370335374906 0.16104353775701918
2 0.9021912374184696 0.537009900469328 0.09484088001272672 0.1003056386197041
2 0.9602522791017075 0.41097888963659 0.06922298834340856 0.07899890316020097
9 0.4347607524566497 0.2886746693724256 0.23601268837522538 0.3248462707446831
9 0.3073183199395482 0.423460371267653 0.13796871668124933 0.11698218132040172
9 0.21653141326187827 0.5107975457782028 0.18320876501829458 0.14746717482567662
9 0.0789417916534097 0.2785800795123361 0.1578835833068194 0.1889335909753278
9 0.5090951883255117 0.04314015221482011 0.1927471233489766 0.08628030442964021