9 0.29953417004765814 0.1419766465571374 0.1638381777582959 0.21653027948891274
9 0.7777941056199986 0.1106180752183128 0.19413360389503387 0.1629340535355298
9 0.4435117750554536 0.7769871693590147 0.15643478084255102 0.2396949609772583
9 0.5830023630245348 0.42717936207945373 0.137049783887091 0.13556549432603626
9 0.08150453631942767 0.5267733037671979 0.14753133928453738 0.17692214246560423
9 0.09162369064382778 0.21079797924388935 0.10031542004765814 0.15575398139567848
9 0.19976643871616834 0.19236418489468624 0.09983813311602718 0.12841023139567848
9 0.5878026704530477 0.19835681625384263 0.10014496042921861 0.14598835639567848
9 0.7844128814903504 0.433826160404356 0.35561943891886294 0.2446987080244426
9 0.8202410846143204 0.5830573067298254 0.2907913027582958 0.22096358030329477
9 0.45228157365644805 0.6076326290915333 0.23637653814779935 0.2346788507217148
9 0.7192603652541768 0.7878781293232013 0.3052374066533299 0.3776228080707762