9 0.3324365879873348 0.550229164428747 0.10029115193097127 0.12415286603343567
9 0.18536702112158437 0.45988641227203475 0.11590478898212181 0.12329234747005291
9 0.25451612106662613 0.5908484466118338 0.06310223628902467 0.1078860507464694
9 0.23285627146051746 0.7301143808644712 0.08873148321486468 0.15067716120597252
9 0.46398407249378976 0.8272796859243654 0.09233093359592759 0.09821593781512705
9 0.553464208130605 0.7584971989138156 0.1121008055217676 0.14059732086089882
9 0.5151029554539809 0.06106663651103837 0.11026131001026274 0.12213327302207674
9 0.4833365923823865 0.12349233876943931 0.06900706308442273 0.11610827816020089
9 0.4034181997673387 0.32447273465939186 0.08477978141946663 0.1425915095968182
9 0.4175957259911425 0.41043076652735166 0.08466615193097127 0.12306025959681821
9 0.4895040692034414 0.511891062160285 0.08278120462406846 0.13464243379224117
9 0.1191773182507842 0.6696764025299471 0.05528973628902467 0.10733974752816078
9 0.2889337793914072 0.46143695712944477 0.04335509026088369 0.06941091770069774
9 0.48893154248865844 0.7493323254648621 0.061012755902830396 0.08431197494189213