2 0.5239303657076508 0.4766655340537322 0.6056486374670218 0.5780909716927088
2 0.8820683479043561 0.7552057953818134 0.1920759330707762 0.30305585747473973
2 0.18876788442780634 0.7137721859571613 0.18893852018675195 0.21321210747473973
2 0.23153509064796188 0.9420824267437932 0.2438492202794192 0.10910714214401063
2 0.3079426117417631 0.7100225946296438 0.16770837748947964 0.3317617591180557
2 0.03885319816764042 0.6452796985421441 0.07770639633528084 0.15252722098185778
2 0.1092199631388591 0.19749047290594607 0.12963791469812275 0.13572190729444455
2 0.25696301225497664 0.2418643844993053 0.11024307395394983 0.1391735624046876
2 0.8756199818590147 0.4089579730270826 0.2310268330244427 0.35665396276527805
2 0.7958116052667726 0.17955833753098893 0.10106648139567853 0.09992922444878483
2 0.8093532940115125 0.025383276383202806 0.11176216197697508 0.05076655276640561