9 0.5911002854317702 0.781611009958949 0.16697517334635448 0.2939005118056608
9 0.4881107106069005 0.5918062846456729 0.1472588193385418 0.11802835821486468
9 0.6201837437075086 0.07852424174482785 0.17946346860703133 0.1570484834896557
9 0.8116256550407548 0.5782069666110768 0.09761405656293398 0.1665610465447771
9 0.42413001116328053 0.8235924856111585 0.21257730765503502 0.23948572257804934
9 0.622718043908463 0.5558716726494806 0.13790232973932293 0.135549668470617
9 0.748085802385156 0.3295869137952349 0.11314813758498277 0.1627457001355732
9 0.39400764936380206 0.0635611335153125 0.18073470127239588 0.127122267030625
9 0.15093205630282103 0.185620083066463 0.07712815729444455 0.12543179205628185
9 0.06293023211931419 0.20763283518796577 0.12586046423862837 0.15504682962406846
9 0.1083959879610676 0.4319694994155773 0.2167919759221352 0.36262350116884545
9 0.5893387965434025 0.26997180060089576 0.1335869443385418 0.11794881757291797
9 0.7424439266743048 0.8236934499486863 0.2504594939676217 0.27290474360619044
9 0.2109877259479593 0.9195462465869069 0.14821346860703138 0.15904398321486468
9 0.4206808055919699 0.6781244434321319 0.16665532389756954 0.1962556247545102
9 0.3213961791186195 0.3291400306188555 0.15266523247473973 0.1825042091125637
9 0.37642625831189214 0.2302004184999184 0.12822762371727436 0.13939910372636943
9 0.17015883798172687 0.6600533323592954 0.08498611678342027 0.1274303688516798
9 0.13663994609782942 0.5479588594130116 0.10224602536059035 0.11386076039132575
9 0.17570407912378433 0.46375858838487066 0.12123339451883697 0.17450990193097138
9 0.892026079028472 0.3541366805803703 0.19627041532039957 0.21009794398725312
9 0.9079619468345046 0.7182524562197512 0.11868929616215285 0.14910791398212186
9 0.9301542099655378 0.5199080021801056 0.11859837718420163 0.14520166398212186
9 0.237538384429817 0.8276073347262878 0.09865799178342027 0.1275099094936265
9 0.31098758916914004 0.6924326435677051 0.07839938995980911 0.09614628000513137
9 0.22998570977491295 0.31307252671478303 0.11900751258498277 0.16277978898212186
9 0.10356585094795931 0.9201712087736306 0.12477596860703138 0.1589076278286703