9 0.8809930179570191 0.26717841411410226 0.1906364569792891 0.18732753954332693
9 0.3377586931795714 0.34165423669130823 0.08315628348170145 0.06779564230020552
9 0.3764412393441101 0.3773858072235465 0.08363357041333241 0.09513939230020552
9 0.17340146915332988 0.3739919102182756 0.15968339894269212 0.31488086587419617
9 0.6548534354648146 0.8776594089825467 0.639265758926806 0.24468118203490663
9 0.5175479621500642 0.7461583356453128 0.23987368506354412 0.21275463317440169
9 0.46097824573517254 0.524283012023752 0.15401425426070836 0.1019106571289532
9 0.41560329037744126 0.6083105021379203 0.16412079849758754 0.12183982585516828
9 0.6768156041970166 0.5340535783731023 0.23312792004765814 0.16173463193867277
9 0.6384937479689337 0.29535617533135006 0.12446885044510458 0.1982935672050653
9 0.7291534862002823 0.17804265323039206 0.1535171966295008 0.2970639896384672
9 0.8176258918401386 0.38267642114846206 0.22168190543716149 0.17688212946721482
9 0.9519227528894296 0.7699638451976069 0.09615449422114075 0.1761725222431214
9 0.8313995358106313 0.7804159017568125 0.11279407771858074 0.08852064847885033
9 0.6105215153178686 0.42595856478008376 0.07171026887120502 0.08294313982874768
9 0.5602395408862376 0.3965854292763875 0.0773650923290774 0.0714631410644766
9 0.5279079778774413 0.6128865674893922 0.12971457081872195 0.16337606844079433
9 0.1411430326668035 0.5385750278039018 0.09360374695546003 0.1072560610264206
9 0.2332637809418388 0.5608701513303223 0.11680260348964455 0.0945391909693365
9 0.1064250349998524 0.6181574160169065 0.09750999695546003 0.10741522851690632
9 0.06670762783772614 0.4672312623572897 0.1207330600635442 0.20790002471457936
9 0.20341376775020525 0.8050729783268995 0.20401582589020917 0.389854043346201
9 0.24593488686793918 0.44818577941964466 0.06023016233702039 0.09613751235728962
9 0.29416146052850634 0.47161995617809793 0.08743754464226872 0.08943918479069146
9 0.34741931767077505 0.5596664254270372 0.11306681310808409 0.10414564847885033
9 0.5217323970150327 0.3149952131167707 0.12026565848170145 0.06930773345982233
9 0.4790996235770178 0.38839989134880337 0.09844036424482228 0.04890106226214952
9 0.5608141609140382 0.485412824903766 0.08545032771858074 0.08740647604544849