2 0.4185859355735506 0.2010076068878765 0.21033193244739823 0.24005801332783516
2 0.43136143488141265 0.4596725588870517 0.2566568187061651 0.20241626665979395
2 0.4623393719199873 0.6327694067525363 0.2651708243355486 0.1831691673261857
2 0.3030869823851033 0.7514119464234641 0.13974587253137727 0.14247949392964943
2 0.49922465299695284 0.6984159645513817 0.2651708243355486 0.1831691673261857
2 0.2889433258813207 0.31561978605797947 0.10461585248246608 0.08102333679719598
2 0.2989113057170532 0.4196184671908455 0.07158735541251415 0.11320351939818563
2 0.24457006766795816 0.1988794125261032 0.06650518198597283 0.06431856426490723
2 0.28752719964700935 0.24611335815814447 0.04910168491602085 0.09695338793212377
2 0.3234445423357325 0.11311991752404138 0.07857318784606893 0.13095213479802065
2 0.1784883405315611 0.14608069279472174 0.07091207973421942 0.07224472453146391
2 0.14954970311923083 0.536592032528165 0.1611283216362132 0.23277788499587637
2 0.2486220793535422 0.6089399670919177 0.06945960248246608 0.08000039439818551
2 0.31601650987449104 0.5649169239901033 0.06355076148947969 0.048636734131628945
2 0.2029927109057763 0.2827889925604537 0.05616321329365104 0.08546195846523719
2 0.20624692126937927 0.2320077425604537 0.1248223781607607 0.1225504329967011