2 0.35202223416921596 0.4320152810353876 0.2777572889585782 0.3704371405887755
2 0.14330343394666364 0.32689971653963074 0.27917482852935965 0.22801818307926147
2 0.18826928622013986 0.2194347264254625 0.20551143465815475 0.14499545950527087
2 0.32509031199120364 0.23086496359247174 0.16672167004765814 0.1590287846004111
2 0.5145044023926216 0.2922557325084202 0.13951428774240981 0.1657271121670092
2 0.5653950887757411 0.41240938863949494 0.11422593851347362 0.17055189847885033
2 0.6980030372336135 0.4061023333160182 0.25494332893474914 0.2933898443911027
2 0.6208402785095022 0.17850856786940614 0.28464930701900437 0.3180211005697475
2 0.8172745804529 0.8657167317948686 0.178065408887091 0.1380219120718691
2 0.8832255321580071 0.7864311210057517 0.13739070312397028 0.15588190342176622
2 0.8284626876985757 0.668071422384191 0.26673026278212486 0.29777359686256055
2 0.6327433025514821 0.8045249222420277 0.36572598315574245 0.26667611786995304
2 0.4039549421619787 0.7795886240485979 0.12392337966609768 0.1670435672050654
2 0.34804507558410747 0.6514235085544158 0.1712074827503529 0.19239107709089698
2 0.2230962134696394 0.6492598363588643 0.23534389508737324 0.28868775693867277
2 0.27288113027006283 0.8655891786120467 0.2938353693163095 0.2688216427759067