2 0.33446102539782274 0.41691574920857716 0.14875080539960917 0.25966699392964954
2 0.25869082059494786 0.8027118312056907 0.21264424258448222 0.16991600372767035
2 0.5958713424056932 0.7547374505152575 0.29127448206687134 0.20728862892552602
2 0.41842441355713056 0.568104931710639 0.07292082488378449 0.12296914439818574
2 0.4122231440729552 0.7033251977768658 0.0653814764929388 0.12664807386507215
2 0.4439172429241972 0.6387972778112163 0.07159613057393244 0.07615097453146391
2 0.5328937820624055 0.609787489113773 0.09526571844716702 0.10802610599752582
2 0.4436860649964274 0.32762527134515446 0.21626304643304461 0.3610381030612785
2 0.5731113940483671 0.3033098399155049 0.19772889080100464 0.34685475686177325
2 0.6565356262605078 0.3488313669510925 0.0712408514929388 0.12681856426490723
2 0.5118401213168292 0.46263911734680385 0.1007698143661735 0.15886418613080422
2 0.57073379211962 0.6331501941481235 0.062335745056321556 0.11096624373179376
2 0.5672921728388218 0.5559449265148451 0.05001624350527489 0.04628579819868062
2 0.7255908099074795 0.580695390852577 0.28814662315841444 0.24618063852569083
2 0.6897793600236949 0.4603972627184739 0.0846806386197041 0.09602320533113406
2 0.8224829633582191 0.3430242431224326 0.33321845855981014 0.33325474119125786
2 0.3043027218889753 0.7133152076738143 0.06896012655104655 0.06632851939818574
2 0.3326234893617077 0.5725585825748865 0.0551516757464694 0.06397758346523719
2 0.373249918815936 0.5518054847094019 0.05405906930985205 0.04835258346523719
2 0.43976552045414424 0.5234492425446595 0.05683164913731509 0.06012816359851536
2 0.48715959950608395 0.5015206767127008 0.04679287252816067 0.0559377629321236