9 0.6943359375 0.26979808009425704 0.29296875 0.27098712503977085
9 0.6513671875 0.6364855934217573 0.19921875 0.2601306200270441
9 0.3388671875 0.10843526421266833 0.240234375 0.21177975503261215
9 0.4658203125 0.13042031006323573 0.111328125 0.15949854501511296
9 0.1484375 0.20094597668681727 0.224609375 0.2545666916971577
9 0.5830078125 0.5302214100791441 0.21484375 0.26617180836249865
9 0.6796875 0.15829950509226848 0.146484375 0.12279825001988548
9 0.4892578125 0.3826461550664174 0.18359375 0.17010505669158982
9 0.3134765625 0.48313981754255486 0.146484375 0.20482950001988542
9 0.4453125 0.5256894925604518 0.189453125 0.23267323669238515
9 0.2177734375 0.7603465233628963 0.228515625 0.16672152003102125
9 0.2431640625 0.6600560325330098 0.16015625 0.10733233668840825
9 0.1650390625 0.5683266533557376 0.1875 0.15061926002545345
9 0.5419921875 0.053181650073576156 0.259765625 0.0967726467019302
9 0.7548828125 0.103510419269143 0.18359375 0.13299568169158976
9 0.203125 0.4545120108609078 0.173828125 0.18952267335693074
9 0.7607421875 0.8008442242699385 0.095703125 0.12220735667965865
9 0.732421875 0.7516865625994272 0.134765625 0.11875564001829453
9 0.923828125 0.45508565095874426 0.15234375 0.15216330502068087
9 0.26171875 0.276482873368862 0.1015625 0.10665053668045388
9 0.3544921875 0.5754139525481228 0.09765625 0.13004258334659036