9 0.5544088698657099 0.5807243560013893 0.14786712081711206 0.18100745820624997
9 0.37920626363949494 0.5668901067380645 0.11192167984777568 0.06504573138263892
9 0.5875008838387425 0.7463771216025612 0.09075563982874746 0.07235817700390634
9 0.5091984820327191 0.7162611592880213 0.09434355484777557 0.06463659598185778
9 0.6216623370232051 0.7227813299041237 0.08389814477166357 0.09561383904800369
9 0.7120300278503782 0.6419555728749572 0.09733126853593443 0.09007268047083339
9 0.6432578230501725 0.5584014299942713 0.11793357585516806 0.16470056587161475
9 0.5443629966236162 0.8848890718781688 0.1224400271860373 0.1316338193385418
9 0.48545423488419104 0.8279066841978737 0.08190855114058881 0.04678571404800369
9 0.4556931503789201 0.6242816298191409 0.13778980731923363 0.07735545473932293
9 0.4096720140195089 0.6680897473392364 0.10614188859301865 0.06686247791571187
9 0.39246530883928943 0.48524526239435795 0.16110460845982244 0.12277738411805572
9 0.33369577514106963 0.7190057427802086 0.06895292984777568 0.06404562262517377
9 0.26612397300260243 0.5691362688774741 0.10976627224312141 0.1079235624046877
9 0.26494180465640144 0.659842932655035 0.1381877260454485 0.08712107973932293
9 0.3600513748086258 0.5996159071038196 0.05831188365010287 0.042333950180295066
9 0.30319023288843416 0.6168295396790366 0.05213417366913076 0.03438507171336802
9 0.14560554353484073 0.6043809883164932 0.08840459610253265 0.06254709251493074
9 0.19573521249890619 0.5177404992633248 0.1470281682505139 0.20830574871727459
9 0.2533988383546212 0.42444591066605925 0.2124362981934298 0.23324341185347242
9 0.1382440470998642 0.4237169258164932 0.2313308782314858 0.21807300674322938
9 0.2548462568429857 0.5317995964325957 0.06628355114058881 0.04642203813619794
9 0.31728984876263033 0.7713082526349395 0.10617835722409341 0.11564514342673604
2 0.24688779529274707 0.9111368950648873 0.1995669071289532 0.15684423940859382
2 0.2132353718614668 0.7796183574747397 0.09757001977166346 0.09593205547083339
2 0.09770754267912571 0.6979028743586373 0.0851350160644766 0.07808117353697908
9 0.4853498573662568 0.32252463383211843 0.2509350654936353 0.3160929326550349
9 0.6565235147330605 0.38114437962851616 0.14117543973360736 0.11255716422829876
9 0.7749843546569484 0.41512194896705795 0.18737065465749536 0.14485273247473973
9 0.8127321047526355 0.12038272843593818 0.243729413307598 0.18714122316605922
9 0.2924232516157429 0.11315058712391518 0.19657919344079433 0.13140815491961821