9 0.8049303111914503 0.7755847300396967 0.24755171969913214 0.24033713441013083
9 0.7507371499793407 0.50507359429815 0.26994365145269117 0.1963702643530465
9 0.5437034504404084 0.38741353317604244 0.11755444196371534 0.1882096072240933
9 0.6734912613975697 0.16805506725427613 0.2346510229857639 0.1890783819386727
9 0.19480196357144147 0.6000603785650235 0.13077172207395849 0.16923544344079433
9 0.6044614252446188 0.7299913345544817 0.1932717220739586 0.1717821232885699
9 0.49267625581592933 0.5889004199154676 0.0996110080259549 0.08796356226214952
9 0.35155120143719665 0.5731460745729628 0.14889372791571187 0.10948440589322428
9 0.29084276868684933 0.442681295057631 0.09802155893776054 0.10350897851690655
9 0.36221785108693594 0.19149086212053296 0.15661530893776054 0.10589649087419617
9 0.5356360241731772 0.1374118280422992 0.18064704834635448 0.2748236560845984
9 0.3783031615675352 0.5046092977669395 0.15307273484956596 0.12136232338371022
9 0.35577076878216174 0.3344669058467479 0.15030133904800347 0.08612648963846725
9 0.0650717271790367 0.2759328001427103 0.12277901714401063 0.24500939971457936
9 0.0626242633911463 0.5487518644963038 0.10379164798576404 0.1837462710073925
9 0.19734279587621567 0.45724350232929456 0.11087516313619794 0.06890981473360736
9 0.8583359638573786 0.2563171120740566 0.11501034360703155 0.16273939847885033
9 0.5713215904002175 0.48208206948788357 0.1425797580259549 0.08971440465749514
9 0.09073755865182327 0.41271289957241597 0.15679714689366328 0.11370899087419617