9 0.42556654553547335 0.657507249573183 0.13244507127719896 0.11530707703488408
9 0.4817047227269661 0.8329872127514776 0.13168808034884227 0.12885379009782238
9 0.37023139756192 0.7131975420242718 0.1116202966541665 0.07707124460132908
9 0.23103494127065843 0.6761158939299561 0.15715219109340262 0.10912168221668539
9 0.18618920900133024 0.4188171566537472 0.10620006479745353 0.10391434685308254
9 0.27065035567893453 0.36305116825858313 0.14926620534884238 0.12998024753137727
9 0.9354459418004624 0.6953323845168904 0.12910811639907527 0.12927874190199384
9 0.8694385494233206 0.6917783842861778 0.1218985505420136 0.08355642928663753
9 0.6579516776631932 0.6830811266149887 0.14882706220555542 0.10276165946843885
9 0.5780205241523136 0.6352310610695843 0.13124893720555542 0.10163520203488408
9 0.4965275791710638 0.5251313193983032 0.14084368590960628 0.10030788672019231
9 0.26592115309924613 0.8084772121746959 0.10898366647037028 0.06913358266426739
9 0.5022014684855889 0.7342787043074024 0.07263128239872674 0.053208792797157844
9 0.2666945247412029 0.42883160857327485 0.08979416906226834 0.07178821329365093