2 0.34961933116552646 0.26835453369301554 0.26772843050115325 0.13235928424813692
2 0.38576555963872716 0.34525866779275083 0.1583825689860041 0.10634369706141322
2 0.641907516590934 0.26274952284001196 0.21165066286711753 0.1652215207826513
2 0.5362045054429024 0.125669111780004 0.22807624118878755 0.251338223560008
2 0.7051900658625045 0.3551138941814292 0.20081990664334004 0.1768720930895541
2 0.5328541931935182 0.47813301291036425 0.11642067324007965 0.14514484923787419
2 0.320789825192365 0.6101684531162899 0.3092486358974158 0.21654819232742817
2 0.5114852188636969 0.6441997711801872 0.15240664004660065 0.20782665641946663
2 0.7363020230653272 0.6272737135369169 0.2886813931584893 0.20276268783893303
2 0.33257796159681796 0.8668225834346974 0.2030107525990461 0.2315482301407048
2 0.25100758426580416 0.7452806480562002 0.2861654107925251 0.16955956283893325
2 0.5295644644522852 0.7534213713707186 0.23606357209789275 0.1009388400153941
2 0.5499848614977327 0.6771642742543471 0.22777793672493063 0.12041327527114642
2 0.07568951347323989 0.49543469896672776 0.12843542116548726 0.14911927693097127
2 0.11206120019817047 0.3761349926828344 0.10641732728437389 0.09042326039132564
2 0.04646454304489039 0.440026302815842 0.09292908608978077 0.08656246218672381