9 0.7856610259189734 0.6399159517723247 0.22170446670113475 0.25645163669636206
9 0.41903032925880257 0.6834949008891451 0.2322868833545444 0.15893174669795318
9 0.8782709295930109 0.250427285118915 0.2434581408139782 0.19813060669954397
9 0.8598549967178386 0.38690740511613103 0.14743889501113605 0.08373575001988542
9 0.7070887508453971 0.09708287759584787 0.22277125169079426 0.18030248836329407
9 0.5048648750795418 0.5917328000676105 0.236352220023067 0.1726490750318168
9 0.8896759534134053 0.6001162034531763 0.09722581168443112 0.13197298167965843
9 0.6215630675624403 0.4671312009169848 0.14051273502147632 0.15981671835215816
9 0.47825700504255486 0.31899914256442885 0.18684229501511296 0.11348715835852152
9 0.4720580983947131 0.4575801108967016 0.20685080502068087 0.15473005002783968
9 0.18500417170590727 0.29117608002465795 0.1274317533617032 0.21043888168363556
9 0.28851979670590727 0.2923805933720437 0.07789910168681724 0.1493238400103405
9 0.35671940085931697 0.19553114004812278 0.11718886835613529 0.1693096233489766
9 0.965628504187215 0.43992654763084627 0.06874299162556996 0.25279401167647686
9 0.9564090033716459 0.6595281134627213 0.08718199325670817 0.16905963001272672
9 0.4769388583605101 0.20571789256442885 0.1637684216860218 0.14446443835533995
9 0.28985272761175623 0.8265034642047142 0.11026134001034038 0.07744456834818125
9 0.3294372567731201 0.7879068608768162 0.09708945168284022 0.12025423167965843
9 0.6698271309575511 0.9195041683740321 0.12107239168920358 0.1609916632519357
9 0.6645979450290328 0.22157152758988222 0.09279684834499946 0.08700565334579485
9 0.39988269588437264 0.3805787125536907 0.11807384001034049 0.0775354750159083