1 0.6086536201270885 0.3957496875041191 0.2135186008504939 0.2634134608346079
1 0.30956980569942893 0.38631731432837163 0.2281890269872322 0.20899869622411138
1 0.6257522402582959 0.20663339463439948 0.2651763555165918 0.41326678926879895
1 0.7178527110331836 0.831476907472347 0.25220608968992675 0.2426109243083665
1 0.39770623477730016 0.510793832186103 0.24546032467404078 0.1917273985373027
1 0.15228272676467985 0.10781887479730527 0.1717529535293597 0.21563774959461054
1 0.05756826755162966 0.1640844886367381 0.09118765624794044 0.30228129464226866
1 0.4874207776946041 0.6137518831201463 0.10695890929248031 0.19907249695546003
1 0.6139477536485051 0.5871218455804312 0.20512653814779935 0.23007396813985626
1 0.8853254170031182 0.24048391741674585 0.21533535815574223 0.2556350527582959
1 0.8844286348368728 0.6927857685733415 0.18147460125588344 0.32924014813191316