1 0.19409325892743085 0.3823335587191011 0.1963629673243058 0.3123399231131875
1 0.3027945317225701 0.7810896007683027 0.18446237936840304 0.3035708299309283
1 0.16507812250403717 0.8526980111797161 0.18577907152274326 0.2763865121279716
1 0.5335384881953567 0.9147495879789769 0.4455885229857641 0.17050082404204625
1 0.6662113436765197 0.7746908930168537 0.41606435054088564 0.2035620685761086
1 0.5273089051797314 0.5859556964208751 0.4341425299196182 0.22648133334949727
1 0.10515379962907999 0.1625873492462448 0.2099439233463544 0.3095496984924896
1 0.39221689862712683 0.14215828581011225 0.36419207280546884 0.15254183145298628
1 0.7292210635921008 0.13165411839858052 0.29701301149288195 0.11391801175351851
1 0.7599961884967883 0.23943463525570646 0.341300086673177 0.1740661450884683
1 0.7032232675947485 0.4385140835488466 0.5458797903203996 0.2531470935809579
1 0.9305098533664499 0.6913035023073326 0.13898029326710026 0.2634322431871081
1 0.4256530366628476 0.44802155797019505 0.2892914304708334 0.11718653296534587
1 0.37936656048059925 0.34384839603672374 0.1328141330259549 0.09466633220189236
1 0.1495618721486116 0.6048305376945002 0.2756228215227433 0.2837203931919574
1 0.8929808609158427 0.9017146359049377 0.17928326367708358 0.19657072819012456
1 0.7797897133808167 0.8804582157483144 0.10951301149288195 0.09861252083737426
1 0.5377498904105471 0.2807499611942636 0.47556729032039957 0.2474075344874037
1 0.7702473032608078 0.6798643227557065 0.12613812025034732 0.14285672841371966