7 0.8102225667223095 0.40089676927510864 0.342054253925526 0.2812300100453389
7 0.6004350552583094 0.3037611800803372 0.1753566673261857 0.2558607433561353
2 0.6072337707831755 0.6045197034134053 0.17901469632453626 0.314477220023067
2 0.484918172917691 0.5611184625636334 0.058665609329484614 0.13735509667409063
2 0.48557759072272183 0.38247570506442885 0.05883609972931969 0.14321447167409063
7 0.4276687379582269 0.30467955755687237 0.24403612265731978 0.3347584500318167
2 0.2877466000261032 0.26009721420471416 0.2125797025927424 0.2601988000278397
2 0.3012257918473405 0.6897960775381801 0.23491652959191767 0.28974566836408955
2 0.27566009748556725 0.5157293225353962 0.041847176530639185 0.0961576583386361
2 0.12657656555096933 0.558901244181647 0.05807640752816501 0.18420737000715892
2 0.11512987265731973 0.3332584900143175 0.06786293299670107 0.1179374800087496