9 0.23001958332957567 0.7893593150262488 0.26723040736029025 0.24711781836806668
9 0.2839176977332564 0.5215773342019302 0.2847603556648791 0.20437633503738462
9 0.49162313197696406 0.41272641589749703 0.13382392111158525 0.19090763168363556
9 0.36211212546437943 0.18868383921465687 0.2492402326293499 0.19615475503261215
9 0.8408607009895488 0.6393257426101654 0.1466770817816443 0.17348859335215816
9 0.43034865565192926 0.7526490250536908 0.20740589329940895 0.17809937002704412
9 0.5430305342712844 0.6153634767365308 0.10574703990858669 0.09102553668045399
9 0.6840862872179905 0.6052924100890869 0.15761990901517464 0.11505393002068098
9 0.7444886321317572 0.4771588667647682 0.10647478597964533 0.10665053668045388
9 0.6731834142359377 0.22451257842334812 0.16525047249740998 0.11123858668840808
9 0.4980790410456153 0.1531766942333492 0.20709558209123058 0.29717181502624884
9 0.656442851527668 0.5356723892524393 0.16207196856846862 0.1268181333545444
9 0.6798240971343472 0.36709070342334815 0.1565282899085867 0.09161643002068087
9 0.9486569297969103 0.3205586559615282 0.1026861404061794 0.24934229501511296
9 0.9557524539897313 0.5939961559615282 0.0884950920205374 0.18684229501511296
9 0.8381262680911392 0.496793070944029 0.1165561073197634 0.07163064668204466
9 0.17652515146687808 0.2694871650222717 0.12873508374611503 0.16547155334977193
9 0.46274099927387435 0.5051135000596564 0.15075988316746924 0.09350137501988542
9 0.9308808576293499 0.45603948679181244 0.13823828474130018 0.1190056333545445