9 0.21062939817894508 0.3874333135754021 0.23788484899238455 0.26895304181079216
9 0.5743367587608021 0.312077617589391 0.2412343144987581 0.1732726427084912
9 0.1380102195624921 0.7843267547339849 0.25513344847574837 0.2124146833504379
9 0.1505300574563834 0.6465632645408877 0.15092468359592753 0.09267182206141311
9 0.31597120243842364 0.9121932949142536 0.23342181449875798 0.17322719091309313
9 0.4936848048439013 0.41117631099222135 0.24717323014070458 0.18697860655503973
9 0.1097650684321318 0.43587006794115246 0.10626415641946657 0.13733234923787419
9 0.383531442847709 0.5456016986277946 0.15136783860105885 0.1688436970614131
9 0.5350854679026672 0.6804575761175319 0.19212211577751992 0.12416044398725323
9 0.5329568682965585 0.5427793080408062 0.21580960065220944 0.1672655493734474
9 0.8280258105305434 0.6836359462901036 0.13993316232229702 0.21760364436831603
9 0.7244704152095701 0.6910741200791282 0.08682381001026274 0.15284371974937905
9 0.6613738603949701 0.7939767969423129 0.1279757903964569 0.17651984167521895
9 0.041588151714783056 0.6022890776253105 0.08317630342956611 0.25635934474937905
9 0.044063972361861076 0.38157458967646096 0.08812794472372215 0.17435082064707808
9 0.542238916869395 0.7936933743221337 0.17277267295911236 0.1552968144987581
9 0.6963225002454897 0.15805280226072058 0.11376985680052942 0.0846434260332723
9 0.657992259345225 0.2002665672632863 0.10424285372636932 0.12560223628902467
9 0.3109609715319486 0.09486729715850122 0.1318706774476075 0.174589442572918
9 0.35376235436939496 0.7947898988861126 0.09819030859592759 0.09236502244247591
9 0.6096962396379757 0.61264297156125 0.12158235680052965 0.08468887782867052