0 0.5373317733670137 0.2706432864075888 0.4683052032659727 0.5083269928754525
0 0.35675209774114536 0.59361576987136 0.4048472879455731 0.2962718495580867
0 0.4316031980219178 0.7803784945998037 0.25345492116215285 0.16153944482076033
0 0.5273761452813363 0.6983776614075887 0.1252289304708334 0.10019861346646808
0 0.7233932673604595 0.6783401182988078 0.15688806587161475 0.1194144815690632
0 0.8091075524804683 0.48239270197116363 0.3691471571038196 0.3548739046237551
0 0.503419943723003 0.509393456720862 0.21443788065112868 0.16144539094251664
0 0.5294388364388882 0.9038140427112814 0.1542092220739586 0.1719441386812386
0 0.24734865240581524 0.8707271886306389 0.42015407152274326 0.25854562273872217
0 0.2802888186276907 0.3921022486990041 0.3085093631258683 0.3477945273624772
0 0.7780328583325515 0.8092893946442173 0.16974330309600694 0.16885676023253615