9 0.1993854660614948 0.5265151341055256 0.28389626487982084 0.12738099432536099
9 0.41098136599370816 0.46566156464482455 0.10037069257291797 0.13375771179719598
9 0.8772738919720222 0.701159430424577 0.1376391488568114 0.1621812343294846
9 0.340550857232906 0.7831939670761237 0.16057667910743234 0.07692569592882492
9 0.2013208955371616 0.35553145140560816 0.21587777834530653 0.18398568966061868
9 0.4117824538875995 0.6033568771448246 0.11983376487982089 0.1226072631299795
9 0.5993228753096317 0.772734286916742 0.15285508269822845 0.09232337539571134
9 0.9485155493734474 0.4851326978599996 0.1029689012531052 0.16908445219703094
9 0.8930446570038892 0.22210391915843258 0.11947015051663623 0.06010726312997938
9 0.8973422776381389 0.1213759063252367 0.13941046667521895 0.13098806446276295
9 0.6725795028286704 0.10936813155709267 0.3372442391176951 0.21873626311418534
9 0.6981254809413157 0.631164075119546 0.10224427693097127 0.12014266693047437
9 0.12205019100653658 0.6645305269366597 0.23755532347574837 0.2178139461266806
9 0.1286569162263694 0.12127762627026797 0.2213621760332723 0.1197030550604537
9 0.3450517087443292 0.3816278741096494 0.17854114436831603 0.14384341712833004
9 0.7102122245768072 0.35830532668659765 0.16674285372636932 0.1298305613286599
9 0.7917100670819386 0.43211875115554604 0.1275780871867238 0.11111583366309286
9 0.42668460443353706 0.1428844684453194 0.11951560231203429 0.06791976312997944
9 0.5448088966125637 0.13261030788197914 0.10207383269822845 0.09084579193047426
9 0.6164331661036246 0.1881531955173193 0.1646079215447771 0.09852373119538149
9 0.5365962674337001 0.9034875162482885 0.18844312475451042 0.16756506779472158
9 0.1797646146728164 0.8474527655715876 0.13728689744247613 0.10163435932948461
9 0.06990734044777064 0.9356246056018145 0.129406219749379 0.08968828879637103
9 0.3647326303825497 0.9104416929767833 0.13143888539132564 0.10341699392964943
9 0.24616257879415604 0.1725553182735669 0.1176533809028304 0.0834879329967011
9 0.3580872586087559 0.2718550631767009 0.08826560231203429 0.06701048099752582
9 0.7487804363018531 0.2722077865210306 0.1528891715447771 0.09818275039571134
9 0.16621447660486663 0.033213575234268024 0.19961645320973326 0.06642715046853605