9 0.23764860393583498 0.10285924648204679 0.07791270866309286 0.1312758749294128
9 0.8245025496510101 0.6770156505142536 0.05817503859851536 0.05603331573560455
9 0.7122308561795874 0.5012449433888648 0.062287708663092634 0.13036582231269422
9 0.5853659120156698 0.5916776507436619 0.07584592339653629 0.12725586835232283
9 0.4548654826477111 0.5381006442900996 0.04634262833195879 0.051444526273065616
9 0.4272868975164946 0.6118171212879321 0.05299762519785567 0.07912954600433508
9 0.4499797345115462 0.4370596804817404 0.03870061873179387 0.056848874964706475
9 0.14456682864936057 0.5787208551099094 0.043402490597690746 0.08442013811888605
9 0.36783940320692776 0.26793501280124377 0.04742240086424743 0.08855390127306562
9 0.8082449035868451 0.7650865419746249 0.041051554664742085 0.07063450654179615
9 0.30904381210428855 0.17060168062291473 0.05421195846523719 0.053852677581424924
2 0.9147875548468039 0.5326068774062053 0.09583181446276301 0.14401843412322113
2 0.9519266372238346 0.9035579760449057 0.04875039439818574 0.06718328285015529
2 0.9673334746145977 0.5757742457761751 0.03049030779884543 0.04272197365634711
9 0.3102147011088246 0.33207576285418416 0.027266019398185626 0.06593196050216754
9 0.3300121369428452 0.3576842694136272 0.025710705331134065 0.07949007892507776
9 0.5444476257756288 0.3506093646049615 0.04048325333195857 0.05110325654179615
9 0.5106941642752163 0.3339701870058898 0.025199234131628945 0.061911953925077756
9 0.5271177217772782 0.408293061988243 0.027038698865072153 0.05811946050216754