1 0.21437900971488688 0.6643702633882322 0.2080274206581445 0.3120131374059967
1 0.2750797025927424 0.2702751514668781 0.19602451999175274 0.3017017028527029
1 0.1284173225948042 0.19030131280958626 0.19723885325913415 0.2764020461115852
1 0.48839197463039175 0.12709779983225694 0.45099551332783516 0.21605326302516936
1 0.6416032058257733 0.2980738875073134 0.4232539523948866 0.20110783240081687
1 0.5249601710538558 0.4789118088271683 0.4415140389942269 0.22536404673075772
1 0.14808054870911377 0.8606699514060882 0.22687670905880425 0.2786600971878237
1 0.4430772186747633 0.9159060982713757 0.3692693144627629 0.1556829394109942
1 0.7833471946743509 0.9448323688209216 0.299773336797196 0.11033526235815683
1 0.8017059123440415 0.8399617886646052 0.3483532407955465 0.17421353856328858
1 0.7197373637496498 0.6371952765681947 0.5534672954602886 0.2520336124870499
1 0.9212791052634639 0.3979054427686031 0.1574417894730722 0.2628639309339388
1 0.4400426778167013 0.6105149405480227 0.29207449706375266 0.11697892731458359
1 0.4049687373804539 0.7122566844998174 0.13536985599752582 0.09407646660399793
1 0.14732508445451567 0.4379174348628802 0.27748746865896917 0.2859911197257604
1 0.8501179105633403 0.1575988027254865 0.1885170711266806 0.24478817307605594
1 0.7420784186953815 0.19840301772807645 0.11210284639736079 0.09884422249740998
1 0.5728881718452787 0.7854186740048147 0.48309796532701044 0.24680563016728652
1 0.7576691323564125 0.3990531715224881 0.1309312343294846 0.14263168682735095