7 0.6823618200565372 0.2177376435478727 0.32722299286995304 0.3686016432361114
7 0.737332804514238 0.43932559555694384 0.2775692082695418 0.20353903447864607
2 0.44072143654859786 0.3807375611477861 0.3345281682505139 0.21266985965894125
2 0.4595662549893922 0.5073724697249562 0.14349001482874768 0.0735855832062502
2 0.6358034499037659 0.5384600954616314 0.14934938982874746 0.07372196167317724
7 0.7021848191051352 0.6082717245699213 0.36457776558877564 0.279712542504601
2 0.7188559956257378 0.753529509880555 0.28681421568391574 0.23887712243454873
2 0.29690805836358836 0.6656015905213539 0.3190988043720746 0.26499509925816
2 0.463358070720878 0.7203767434473954 0.09972542737631773 0.053054224448784826
2 0.3917407035152658 0.8579145807619355 0.18857105731923363 0.07853740145269117
2 0.612758840254691 0.9084871804966574 0.12623022480971957 0.08098894780546884