2 0.25240898288843416 0.5904444740219332 0.29115485304120536 0.3154509353207171
2 0.3715413432975371 0.4114542029332183 0.2129933844101306 0.2599586347787033
2 0.6016834066997284 0.792157311026795 0.19657254695770088 0.23906037441111083
2 0.5499140063672845 0.6761411546295728 0.12116004077905584 0.20327020016504616
2 0.7253304830305976 0.7480181030860547 0.0769610659693365 0.12155679795011576
2 0.6635567064624248 0.6269969531685776 0.05248897728117763 0.09411565739872674
2 0.7486254317478453 0.5019491435549204 0.08748605979069168 0.09328518072580994
2 0.5839727001416165 0.4056094373227441 0.0975633732885699 0.19731343461365736
2 0.651370423715607 0.4722361445564248 0.06795480979069168 0.09157641776631942
2 0.6735263192008223 0.27036881196921425 0.1694973703414111 0.38654610237997655
2 0.8921071819856959 0.3913917332107656 0.1282065254746072 0.3284410764609951
2 0.5443978471468873 0.6129209065734964 0.054674207033813094 0.1955072811027776