1 0.3842509373939775 0.4271312245580867 0.21805559051250478 0.2707180319986042
1 0.6835905971033293 0.4281437054766518 0.2317708609309248 0.2168494035499018
1 0.3705635876853345 0.23074395564700875 0.27254469962933103 0.43538638059640905
1 0.2674106007413379 0.8593085594746528 0.2563678396054555 0.25128083587684813
1 0.593253898602904 0.5496164744445154 0.24873514427970278 0.20019250904511154
1 0.8438708931507969 0.1528222191578904 0.17553946369840623 0.22559974417644835
1 0.9395492089413033 0.2145807913534999 0.09644101269868965 0.30528504353213637
1 0.501714326009528 0.6495025094684669 0.11040429241927052 0.20269064902734613
1 0.37561375885844767 0.6184351156141745 0.20908361183797408 0.23710547122295567
1 0.11020581874332236 0.2621032705786436 0.2197358970008505 0.26300789094251653
1 0.10320550988133095 0.7147123233262485 0.18717142286156613 0.33538417995209713