7 0.14358132366765175 0.6957945985328196 0.2871626473353035 0.21925917075727996
7 0.377533358926808 0.8899362778202807 0.25591832195929076 0.22012744435943854
7 0.7405016051526597 0.836290742681745 0.3364031115582913 0.19684547995108836
7 0.6579139200815098 0.6542432493470687 0.3036548278527029 0.20467724314056146
7 0.4946541237616549 0.5223329929288 0.34285108767505645 0.1680036312594475
7 0.23455409920577103 0.4092627267331306 0.27645022280699627 0.24789276948421435
7 0.8328203461042718 0.49404756168824754 0.30888819530440625 0.3588603615634717
7 0.908644503464562 0.25366090373221134 0.11051479580199897 0.07266286173993963
7 0.7875133470330307 0.1212667262213736 0.26872330593393867 0.16563400633003472
7 0.3494916258274422 0.08596274966471096 0.4885167483451156 0.1589572495411834
7 0.3378234555967758 0.7149162463585192 0.12704947839082215 0.09310416435665814
7 0.5356909997973669 0.9026988152414943 0.24910108767505657 0.16254331555913648