9 0.1759576574358261 0.7626953125 0.20321702853145152 0.181640625
9 0.7161727041141559 0.6748046875 0.08691521576922456 0.064453125
9 0.6754967847668398 0.640625 0.0909403262470776 0.091796875
9 0.878473785804136 0.638671875 0.18188295903260476 0.3125
9 0.37605286851980135 0.1298828125 0.6583557370396027 0.259765625
9 0.5198172917598811 0.2744140625 0.25396914004660065 0.20703125
9 0.5853692995454083 0.4951171875 0.16184482209789275 0.099609375
9 0.6267089076864418 0.4091796875 0.17309043672493063 0.119140625
9 0.36917898963864876 0.490234375 0.24621491701630238 0.15625
9 0.41743430110715807 0.7275390625 0.13784677127037792 0.1953125
9 0.3308331123134405 0.84765625 0.174543594405567 0.29296875
9 0.23543709467359927 0.6455078125 0.23568015871793263 0.171875
9 0.07835161152095463 0.2607421875 0.12059378268063642 0.173828125
9 0.20531930576338003 0.248046875 0.11784007935896634 0.0859375
9 0.43974493310600477 0.5966796875 0.07638045747085498 0.080078125
9 0.4907190430652096 0.625 0.08135183869463225 0.068359375
9 0.5142562212237382 0.4072265625 0.14299528994170996 0.16015625
9 0.9039798114743147 0.47265625 0.10174194398600411 0.10546875
9 0.811679509347277 0.453125 0.1241434512470776 0.091796875
9 0.9359977915034597 0.392578125 0.10564819398600411 0.10546875
9 0.9561030083041753 0.5419921875 0.08779398339164945 0.205078125
9 0.8319461410838969 0.205078125 0.23648304357805205 0.388671875
9 0.8035878872027443 0.5654296875 0.06779882417248517 0.095703125
9 0.7550848986130028 0.5439453125 0.09244945435896623 0.0859375
9 0.6977176947726845 0.45703125 0.12097719606059654 0.1015625
9 0.5338963755360646 0.705078125 0.12417258973192835 0.06640625
9 0.5722177274533209 0.630859375 0.10316135010489069 0.046875
9 0.4878913402621876 0.5361328125 0.09034833039626244 0.083984375