0 0.6904296875 0.9186848630285653 0.22265625 0.16263027394286933
0 0.126953125 0.690518052297516 0.1875 0.2709237772394082
0 0.4658203125 0.7034717668916548 0.287109375 0.31304539327284386
0 0.15234375 0.4784263502570192 0.3046875 0.24591520051403837
0 0.62890625 0.7373367840738484 0.12109375 0.22526457488378449
0 0.3076171875 0.611354439220904 0.138671875 0.165946882124979
0 0.5322265625 0.3194434692472785 0.267578125 0.3292577602270721
0 0.64453125 0.2862809530104657 0.1875 0.2435800272394082
0 0.712890625 0.4687954811706666 0.142578125 0.1330169087341333
0 0.8837890625 0.6321130515711688 0.109375 0.16389824505632156
0 0.79296875 0.9546944843208063 0.099609375 0.09061103135838744
0 0.845703125 0.7124576358819141 0.18359375 0.17494750063025366
0 0.841796875 0.2717547967727597 0.1796875 0.2508462240210996
0 0.6337890625 0.5697094735852912 0.068359375 0.07509265316020075
0 0.5068359375 0.49540235878777533 0.119140625 0.10403424907920733
0 0.302734375 0.8082786247094611 0.16015625 0.1733085909753278
0 0.3798828125 0.7433608689902593 0.10546875 0.10503134344716702
0 0.3955078125 0.5969925379268767 0.099609375 0.09290286603343567