2 0.8504771878554256 0.1978705929086566 0.20908182608177128 0.35156067744025055
2 0.4163135612172745 0.12752327480526113 0.26790124050069464 0.25504654961052226
2 0.5886456056459637 0.2502802275272362 0.1508923124046877 0.11411424985882568
2 0.6094740841077261 0.38890485583342793 0.12899880200390634 0.09528480251083771
2 0.42219893201367215 0.2834439148684151 0.14853005200390634 0.09642236828173589
2 0.41988539715377643 0.4361289345996845 0.07063234944878483 0.10163773019814348
2 0.7528940261667538 0.4587825039944166 0.09211672444878483 0.10288905254613134
2 0.859207042764714 0.6569687244857464 0.21598513630225735 0.3129532037486098
2 0.7602551973289068 0.606992490840237 0.08244201842673626 0.1062265196606822
2 0.5426392350143668 0.5424141551086612 0.12949885638263892 0.11676917751083771
2 0.5259281063568149 0.7487436024566491 0.32645116403767394 0.3661985720656393
2 0.46491847133728326 0.31224814846098414 0.11278282864722233 0.0689841248941192
2 0.20517884213368098 0.49655059886810865 0.28634472881718787 0.40287218394675317
2 0.28841721813046933 0.6696778324959713 0.09861253229444455 0.1305740722774007
2 0.15810417351115513 0.7427860889495337 0.15320911331649317 0.12985300643591557
2 0.2772245183055997 0.8610175726126899 0.08067073138263903 0.1139252630835923