9 0.2579420182209142 0.8437096510613041 0.18032521503022592 0.2330080985151728
9 0.7328688823798919 0.9185868615370015 0.20510222002306722 0.16282627692599694
9 0.45271455163909213 0.22963028246192604 0.17276270836647578 0.2540374472068136
9 0.5638013099240375 0.5927872330102248 0.1461902966860218 0.1509961117046461
9 0.07515985414346697 0.4371105722950476 0.15031970828693395 0.19062739459009514
9 0.05573744823165241 0.7527774045439637 0.1112385866884081 0.1665266183170293
9 0.16287523989500483 0.7834480787839034 0.10896728835136282 0.13906911173993963
9 0.5504114657264821 0.819700634336231 0.10917182835374906 0.15664723673993963
9 0.7659156574236399 0.6074907262390203 0.3702101467019303 0.2811518614928845
9 0.8135072316100593 0.4646561933006309 0.3054615750318166 0.2520072694489208
9 0.447819007449491 0.39840496009629134 0.2508877083664758 0.25858771029040595
9 0.7290476491386946 0.24865652562013435 0.3326476067194295 0.40778297995108825