1 0.604032453330784 0.3787930636997031 0.27143051237673554 0.2378503103774463
1 0.5568753393920634 0.6773824828465287 0.21890068891886294 0.24618968807678154
1 0.7873193760175927 0.38460596661590785 0.4149973031636853 0.30362775678294684
1 0.19706379819560504 0.2224598829826499 0.25450013392680604 0.2738332279438914
1 0.45134556615674326 0.5758679518849195 0.20358251623205437 0.26276651758028846
1 0.8150826212522071 0.8617826582802673 0.25882537236084957 0.18631808875507638
1 0.7261351466178815 0.9279618204480415 0.3035866730921981 0.06822822524455585
1 0.3672490300358912 0.4759063271156321 0.20314920657389968 0.12617292951735015
1 0.41719724584269857 0.35272267215762165 0.24004414468198387 0.2280352193844598
1 0.8094828647536186 0.12078419668235302 0.2636521043004234 0.23930278762919965
1 0.3655340417011356 0.08828072274132495 0.33533816659772875 0.1765614454826499