2 0.24710467496345812 0.6383759066888203 0.12221023002167541 0.2595359919151705
2 0.3223279709677932 0.5838073757640693 0.100214861704646 0.14934212036387295
2 0.22981783916129508 0.3501281257072836 0.15947188797771167 0.1972324047373264
2 0.11092698374256679 0.48656191061766374 0.22185396748513359 0.19998779115728715
2 0.31944279632197736 0.26559738664710336 0.17223371036099322 0.18232391734471176
2 0.4494122931746068 0.4077439641293379 0.1441321907003109 0.10101748501776542
2 0.5898588492739849 0.5873111459761431 0.20778719710093285 0.2912811765033947
2 0.6158829444829661 0.39123095389680174 0.20811102620247857 0.12968359622295555
2 0.5887552534826597 0.17164962474700163 0.19297775633003456 0.2710334138960093
2 0.8441912307981343 0.5165408341834268 0.22853306562972375 0.1794329517181652
2 0.7268908855009193 0.6249143564864216 0.15804901948421435 0.2730972029055898
2 0.7245465102362174 0.3475664539535874 0.0913207629424182 0.2306568577564876
2 0.6468196582560317 0.344824874210075 0.11212259847987927 0.22006405613952174
2 0.4846010830783155 0.8566680948961038 0.14872098016284974 0.11294095290559003
2 0.36436050740648906 0.8483659119186596 0.08749156570031102 0.09804907564431198
2 0.43091904036252526 0.9091341149378208 0.08208721700867017 0.10555449881257539