0 0.37379791092227643 0.7669805744318092 0.4002828997534711 0.46603885113638155
0 0.6373939346622739 0.5137574071735993 0.3768651704530477 0.24701780187642197
0 0.6154636399165982 0.3135912331584501 0.24019039772652384 0.12743087344986115
0 0.4992235531678044 0.3624764818589271 0.11461083502382907 0.08475581483681927
0 0.30336063971390353 0.32318852360719724 0.14414635348964455 0.10064767427737598
0 0.16562740158390224 0.48072334673658074 0.3312548031678045 0.31226919865964253
0 0.4715196200319197 0.5491030573251299 0.19934523234496337 0.1340885202330817
0 0.5534821793839728 0.16710570488922538 0.13146314427659433 0.15625230653844946
0 0.8233763372575902 0.22275981122369892 0.3529745900953163 0.33103131536127284
0 0.657149506903978 0.7264708947260446 0.2610413474005646 0.31626286411419513
0 0.28624991629574614 0.18303665898015944 0.14893899350553053 0.1517249222027835