9 0.5589160878851276 0.31538980860143884 0.2344441386812386 0.15962233944818682
9 0.7936632561642656 0.8407024679639994 0.1855053496716581 0.19270941207186887
9 0.718895338649197 0.6800935962911724 0.17481018911077983 0.21176315960041103
9 0.8494559418831287 0.7284740409676957 0.23844444255948227 0.1987644231934298
9 0.8189251526464055 0.26530819610089196 0.2694814196059896 0.2331613043720746
9 0.1388821997976013 0.4871537846004111 0.2100771031203605 0.17811900076002785
9 0.7508991187530929 0.1441199512816584 0.25262811227904347 0.20908713441013071
9 0.5356376279117758 0.10598928055968655 0.28419349417644835 0.1791900580792615
9 0.2505007914980011 0.4114527655887755 0.15262591163473138 0.12315628089322417
9 0.10663487463343033 0.39286825594079433 0.1534530882516973 0.10175148963846725
9 0.27936331552534716 0.3088921455316914 0.17144064902734601 0.110280243345654
9 0.2863251780883188 0.6428947548472288 0.11891099191517052 0.1120377322240933
9 0.3395962630048849 0.7468447672045184 0.12004524536387295 0.0964923159693365
9 0.4585999597203534 0.8290069806548268 0.12291960085908271 0.11415002471457925
9 0.3836688496458023 0.8582491527082147 0.11798976141996076 0.0944596072240933
9 0.3516207407586758 0.9565006626897335 0.09321329008343393 0.0869986746205329
9 0.2517388582675585 0.8920193336495559 0.17225952057864358 0.125905243345654
9 0.2468145204392165 0.7058755805602335 0.09126847014910228 0.06803439353593443
9 0.2508895699084759 0.9937940859788503 0.16128219838303415 0.012411828042299344
9 0.0739408461970998 0.8299703372145794 0.08941770409301444 0.06990793479069146
9 0.11689298606576301 0.7573432621194391 0.09825379353213637 0.08975751977166357
9 0.4343961167189577 0.618590098240453 0.15374355495209713 0.1816704471479813
9 0.6126188256184563 0.9651711586257709 0.09784435775648759 0.0696576827484583
9 0.6280155416115724 0.6401805558921304 0.13298399762515078 0.15743710969555136
9 0.5923170800842263 0.7424626328408641 0.12291960085908271 0.11415002471457925
9 0.047655254976841 0.7339704347906915 0.0909447831860289 0.1362346010454485
9 0.046664780501395685 0.4798867829846682 0.09332956100279137 0.12383606596933638
9 0.30344953852943957 0.22277392048412129 0.15735933825169734 0.10191065712895314
9 0.19385736304311263 0.1664400426326494 0.12323498275648759 0.08297960845982233
9 0.5374372144959075 0.10899855180492955 0.28450057100818493 0.1850494330792615
9 0.79896235512864 0.4034627767568125 0.0995927648686632 0.07811835351690655