9 0.63099910673942 0.19483116728396038 0.1679272246716581 0.1929153039694681
9 0.2543475569603766 0.37699336874352507 0.045630082541716965 0.05278255169541102
9 0.40428867523332856 0.6727661241190812 0.11489407790558981 0.14758137923852765
9 0.7380005427422114 0.6188038223701936 0.2442097636812388 0.16139778432476093
9 0.5802483788462021 0.7896246096951371 0.18633252628862396 0.17234061155829128
9 0.4095754218981974 0.8707594951901398 0.09381913868123859 0.15439322839082203
9 0.5245815128913136 0.5442532206342559 0.12055704008343393 0.10692962727405697
9 0.33090395253902016 0.26112760106328864 0.09969512381257539 0.08062931968523379
9 0.3301611756566839 0.38737706833993557 0.08870119148562905 0.05673697839082226
9 0.6100293299138694 0.42684368511898996 0.052103611205190026 0.064774206472058
9 0.6917839198899178 0.3425463063448416 0.09516641508343371 0.1057470399085868
9 0.8300283999049867 0.5065954882610157 0.1406000848029949 0.11760493486288026
9 0.35786453103832233 0.15763606441099418 0.20195752628862396 0.17306835762934986
2 0.1104512232880207 0.451543825733439 0.13823752402734607 0.10970146660399793
9 0.6848719930199536 0.9227394879514295 0.07542214212994103 0.1379495140608813