9 0.291974474596452 0.6561918830536346 0.16888475985700768 0.22743744706141333
9 0.8605132511112361 0.6626452084639989 0.18427077273388526 0.17676982654990847
9 0.6910696727023656 0.6577744100139074 0.2184704295516262 0.16525560962919972
9 0.7822291412590777 0.7607105246225816 0.20858498864518027 0.2354772060384036
9 0.3294832359512717 0.8902373575369984 0.24019379167474852 0.21613912616884567
9 0.31814084071194565 0.20410594177230695 0.18634339129544641 0.20216045154990847
9 0.19105050924683645 0.8881144394053145 0.2172345882658781 0.2218621457826513
9 0.09071169004574224 0.725823908324781 0.18142338009148448 0.2765837346291997
9 0.2829651049115317 0.336083916132926 0.12914491477823775 0.14716615193097127
9 0.21789373692377298 0.21249795216363257 0.10781997197528087 0.14899428449362656
9 0.194536597712064 0.40297309145903065 0.11706736174866939 0.16661786128902467
9 0.5151277011257835 0.27811950759195664 0.1166689424285039 0.1139062121867237
9 0.630700909837611 0.2852559121354101 0.10120337462554696 0.11576843359592759
9 0.7474502130544058 0.3616884838578902 0.11894093182259002 0.11782382513557321
9 0.7511369617316973 0.2806508407811645 0.0990908174285039 0.11380394564707796
9 0.8447671458252515 0.20982700808293597 0.10678382386694274 0.08847013539132564
9 0.7395174136306328 0.14796901469293397 0.13269236174866927 0.16670876487982084
9 0.5621420028326434 0.21635176669169193 0.07162757386694274 0.08826560231203417
9 0.8791457206404495 0.08761465872231694 0.10877656515753986 0.16071303449362656
9 0.620735108142874 0.026604507223722155 0.07102978371425195 0.05320901444744431
9 0.5676023138227084 0.0777139805382405 0.09359024545807193 0.09424996974937899
9 0.5404390935445891 0.4224348615638157 0.1875792325811947 0.145553915396457
9 0.9291509071800711 0.4435997717939113 0.07601212045807215 0.09414770320973331
9 0.623327896000355 0.5908177080957644 0.16254741061076272 0.12588631001026274
9 0.7093050122909523 0.518086202192934 0.11894093182259002 0.11782382513557321
9 0.5235771240517445 0.03283885953575639 0.136439501896511 0.06567771907151278
9 0.2744343541626257 0.10577424741681929 0.12966315000484918 0.12959938987982084
9 0.12057712649781208 0.4600171011431887 0.10813883636936722 0.1529005344936265
9 0.03709995444467775 0.38245456711124004 0.0741999088893555 0.11959514295398088
9 0.09457808199648146 0.7267720634526572 0.18915616399296292 0.27661782347574837
9 0.4536659444758725 0.8397338486827528 0.08203092765511533 0.09613491705628174