9 0.37885894893840366 0.17471748431048187 0.18580573206687123 0.20822633706427268
9 0.7113758164982977 0.42345730579880775 0.05265224752816078 0.05724647359780477
9 0.5018938042597827 0.6859382462673693 0.12965696195244192 0.1566345205786437
9 0.18645696948864116 0.5713927705218579 0.2599289699982137 0.18292146087684813
9 0.30602161644465575 0.7678063037078868 0.2038346482165223 0.1877655515033947
9 0.4550330988020659 0.879510644220862 0.1105354393661735 0.16147030613952174
9 0.4103696258962046 0.5370608936839354 0.1308316958608986 0.11777673846646786
9 0.6595697929912365 0.29528417853752986 0.10743525959681821 0.08930704008343393
9 0.6342273789982977 0.41941412751427626 0.09394102413731509 0.06330226141996076
9 0.3519325285960092 0.4055998226189648 0.05737795235562371 0.06916994148562916
9 0.28915222971571325 0.30821608011008206 0.10516791925174429 0.11253982219560954
9 0.11895765807929137 0.4433773342092825 0.15118240068836164 0.1305190779055898
9 0.6552261364384037 0.18920127487405675 0.21959622402109957 0.19053754805469214
2 0.8367926911831708 0.5221634095128806 0.1486829724700529 0.12260421896167761
9 0.17471190526773706 0.8795217527414189 0.08977500712497899 0.14286859170039978