9 0.8479134336188986 0.8515130057701747 0.17983203008623327 0.13497646188430767
9 0.7056562453449329 0.5394284151418358 0.20450029414711457 0.20408608779135706
9 0.6030503029337562 0.5553448198624167 0.14390524245170333 0.15907119895394972
9 0.16681861817219254 0.8394283406283388 0.09861949441617412 0.1496899925119377
9 0.2813948195782807 0.8502542488612826 0.10402402812176259 0.14012898139567853
9 0.6542329771468405 0.7960008272346448 0.13591080593393867 0.15489213044229566
9 0.36676227693125746 0.4642206566407019 0.25914500258364326 0.24694323774502336
9 0.7973968659516121 0.3739615386654279 0.3058380660658786 0.24467389881494905
9 0.6662538159110855 0.19583652210687302 0.3090701318221709 0.3559338191870355
9 0.5078126447460237 0.3735987764202628 0.21948851633493827 0.19095984981466552
9 0.8853892294743742 0.5466798034098843 0.19087121071058588 0.16266123502387542
9 0.40347292028414294 0.26855784039667074 0.18302130427905428 0.28718380262848053
9 0.8424845220735573 0.12789259787492144 0.22012529414711457 0.20463172481466557
9 0.14859039727619042 0.9689329161745307 0.07722070254311664 0.0621341676509386
9 0.23016680598177883 0.962655020302586 0.06604776209641056 0.07468995939482803
9 0.46472104993357355 0.934654074629331 0.09198419664970436 0.09095983325611057
9 0.4061433105833693 0.8282862598617079 0.11311008374611498 0.1677455499073328
9 0.06487608974084376 0.5765253027443147 0.081539002274057 0.11789435548862937
9 0.0982798544743741 0.5191933383607157 0.14753858767505645 0.15334823320977709
9 0.25905941945670075 0.3288380784891962 0.18814754807605594 0.1879154507680484
9 0.7390520771265772 0.7121900753047123 0.09880143093393867 0.15359624251193793
9 0.8803406358524289 0.7941469390726189 0.11306190705070396 0.12484500453524627
9 0.6453851124335735 0.9294131671345912 0.181196553969468 0.14117366573081758