9 0.9379972182879952 0.6602575542846909 0.12400556342400959 0.19041636941617401
9 0.6229649024872854 0.6424735491652445 0.23026873447770546 0.2228061652181732
9 0.6027165299454759 0.5385271712185383 0.18040446136936716 0.16016702026387963
9 0.7159795835246008 0.03502234543162272 0.16242791704920156 0.07004469086324544
9 0.7644685524678888 0.11829753283030613 0.1536188852314606 0.11805977615729182
9 0.8403999897927852 0.49608807537601274 0.17390735758119447 0.15208161548723265
9 0.43907322444559427 0.3471530872641536 0.2838798253890005 0.2836741216902311
9 0.5020301011670015 0.7941672032692422 0.2893404587239503 0.3267338399491133
9 0.2830610833616201 0.7416282276168564 0.4253815413002956 0.3486356498119938
9 0.4038765522927852 0.5164194812362116 0.22357225985700757 0.23611416718264389
9 0.6897293108270843 0.8118924061754217 0.19188390190136007 0.20545276829940895
9 0.271582448691839 0.45690273056356256 0.31118395909840324 0.21295495709123058
9 0.27098304681472474 0.9058967524823267 0.26972997614275573 0.181838716913584
9 0.8510441036009462 0.03106522617024172 0.087611376896511 0.06213045234048344
9 0.9026416780416913 0.26184414263239636 0.10546842765511544 0.10025153794411612
9 0.7856535488742165 0.24572689490645336 0.1817597962166766 0.12909895678164435
9 0.43881523503938497 0.03130610964729711 0.12763047007876993 0.06261221929459422
9 0.39877601136694263 0.07528755466885542 0.17470451856641045 0.15057510933771084
9 0.27901682103429915 0.29579131384529816 0.2151619697043169 0.2045912624059968
9 0.7926875678272027 0.6081011548836001 0.16697189583737426 0.11479030396946799
9 0.9158735833616202 0.7121545117389843 0.1405847390196333 0.1252354983451156
9 0.9373399231131874 0.4306957943075441 0.12532015377362526 0.19673058571058566