9 0.3851381499356765 0.6738886484080437 0.21979720127239588 0.14153323005696894
9 0.19951097062643217 0.1434427534826596 0.16411122554088559 0.1792499143213645
9 0.260100039063498 0.30570441143869587 0.14903173940859393 0.2017773617046461
9 0.13064990822174458 0.2527792271037132 0.22461264105190987 0.18082324321114873
9 0.1225979293916447 0.7184857830266234 0.2451958587832894 0.21527769055913648
9 0.8180078141639753 0.5121434514482852 0.19295350565112868 0.16142501297771172
9 0.17839912056210866 0.8409927699253841 0.2326524384967883 0.19104389451950787
9 0.38488404018142286 0.8943073819653192 0.2655373470739584 0.17930588133003478
9 0.7002512540388015 0.585318217785129 0.13912810291571187 0.11147858539628674
9 0.8411481944596783 0.6073443034461177 0.14444196404800347 0.08838235512755643
9 0.6618000076010411 0.6870320894612906 0.16220192700390634 0.09721866432136461
9 0.6861524129713972 0.3530573460560271 0.10578859944878483 0.10368534858576006
9 0.6427769771095484 0.24733218811763774 0.10928571404800369 0.08633473673993963
9 0.5316323230914061 0.16213319458884679 0.11169343393776043 0.10597974331702942
9 0.6093035447146266 0.13517887229379924 0.10728712955902786 0.08426785516284979
9 0.6498670243638021 0.03786115818544453 0.08226018047083339 0.07572231637088905
9 0.7436153913378472 0.10492560926314717 0.16061247791571187 0.11272990774427472
9 0.731484239885156 0.2909275105715064 0.08525724069131946 0.059579032814861876
9 0.9146940337677949 0.17103002719069887 0.0833950346692709 0.06337152623777209
9 0.8652513891536456 0.24217643832939925 0.08970900455902786 0.0832440459690415
9 0.5364655935375431 0.37347847420339775 0.1327703065629342 0.1735235590879276
9 0.39264549772048607 0.026439880100461888 0.08948170711414938 0.052879760200923775
9 0.3459230738280813 0.34751724375819926 0.1146466676952258 0.1490622498941192
9 0.3911875280213539 0.2463817865622234 0.11169343393776043 0.10597974331702947
9 0.930998476563498 0.2666290272083457 0.07326736678342027 0.13104836177523316
9 0.9279957007521696 0.521341204842711 0.11973323138263892 0.11620039462538867
9 0.6295718120750862 0.7727796914061826 0.1483482140480037 0.08860986828173578
9 0.7335176691944003 0.8320665237433329 0.11677999762517377 0.07311788804829877
9 0.3829991044148864 0.891491451042409 0.26567372554088564 0.18516525633003456
9 0.15521654682933977 0.5800038060817313 0.09329703813619794 0.06979968412322113