9 0.9259940786534069 0.6568269844043215 0.14801184269318624 0.1920117367046461
9 0.5966772844260775 0.6379659084324996 0.22076207195929065 0.22322321032569947
9 0.5819993734464322 0.5330659413179486 0.17302018093393867 0.16005993405263386
9 0.7211151747309403 0.032068293068726036 0.15707409946188067 0.06413658613745207
9 0.7651354448400269 0.1130890105891532 0.14767234749740998 0.11767923012755624
9 0.8209601928220795 0.49173013233590185 0.16679693289840936 0.1519061643213645
9 0.42814387691099415 0.3412886155225947 0.2702751514668781 0.2825939931758551
9 0.46850685819504584 0.7874166747516966 0.27432054642117143 0.3276296247529449
9 0.2525687965224881 0.734386454154486 0.40972294923334773 0.34915070357214173
9 0.3841183664159915 0.5103187898154747 0.21358634977146695 0.23644005901734033
9 0.6544871787077218 0.8069401157167094 0.18097182588823202 0.20532307878390332
9 0.25593447735511027 0.4492398357492226 0.30206557588823213 0.21237598656347167
9 0.22998217689804423 0.9011887435993782 0.26209339329940895 0.19056960502167541
9 0.8568359664492047 0.029073006965319243 0.0852151390608813 0.058146013930638486
9 0.8962544065328479 0.2582092179439502 0.10006960142635135 0.0993240722774007
9 0.7799284124262601 0.24148335599224904 0.1753799705329393 0.1270843222068136
9 0.4461553026776464 0.027857477156653584 0.12277935535529283 0.05571495431330717
9 0.40244010339082215 0.07178352646718038 0.1672517741928211 0.14356705293436076
9 0.27098150175620106 0.28875194761268985 0.2043183576293499 0.2047350327089812
9 0.7674151811900485 0.6035412671485962 0.16116228597964533 0.11456927616718504
9 0.884950543575782 0.7093049514659321 0.1343643455329393 0.1246954340879276
9 0.931902904258791 0.42867189232506414 0.13619419148241807 0.19648676959009503