9 0.7277492819986042 0.21732506176397282 0.20256337488642862 0.21511783835931697
9 0.32892861049790645 0.317112829209089 0.055805143317365635 0.0592073700071587
9 0.4364846103275495 0.6375055567214178 0.14315905840079957 0.16172439001829453
9 0.7740640059629786 0.6541212192671545 0.2719546443912191 0.19835787336886201
9 0.5937291320368321 0.7886582092417012 0.21726714439121908 0.1977215266947714
9 0.4144939422187685 0.8324430667170432 0.12383252628862396 0.1654033733489766
9 0.5736888907721596 0.5366255409074397 0.13926111346646808 0.12459228835136282
9 0.4214157338303409 0.21961635005567925 0.11233510430778515 0.09499996668124933
9 0.40247372229680883 0.34236777838556576 0.09928568803692661 0.06947298167965843
9 0.6749650766045939 0.4392313317552232 0.064334155924751 0.07297015167488596
9 0.7662114350115794 0.3739273251014158 0.11356341163473127 0.11843746668124933
9 0.8815578230991058 0.5636311276157333 0.16146200107385322 0.1385141566876127
9 0.4622985830786436 0.1244473017285767 0.23309686227904347 0.2018095900302259
2 0.17693481173593073 0.35926273502147626 0.15714631529820455 0.13065620335374906
9 0.6795822323022024 0.933085136706305 0.10111984396167761 0.13382972658739