9 0.8974362524796682 0.8460269243947909 0.11492438407049255 0.2173440218936631
9 0.6623017084681557 0.8857072100608502 0.08564609527941913 0.1054249235369793
9 0.5468564965838479 0.7144248164434892 0.11589783507020912 0.13345056587161475
9 0.5164000601165428 0.06616915439939193 0.06704490086071568 0.07571891313619797
9 0.45658173831438204 0.11642925330212635 0.05714286660488854 0.07158536569131949
9 0.5209139701635852 0.22341844664387978 0.07256325272114772 0.0660896666031251
9 0.42641371925653593 0.2041161271147132 0.0941158323490614 0.06854284598185773
9 0.7247644118611409 0.1834889503014317 0.07937749251193793 0.09356979507005214
9 0.5651507287805533 0.42665627885334156 0.13125001655855506 0.12600174178342027
9 0.8109778832694658 0.5812210117093309 0.07190601565150567 0.10315358211414938
9 0.79765010151293 0.367490202676258 0.08705358325611057 0.0898453830259549
9 0.7752666617453069 0.31425658981050286 0.06468254809323426 0.06395470364722233
9 0.11444388157120142 0.42248625356223946 0.07467759618646846 0.12663654160312499
9 0.34468947287492147 0.830548917530425 0.16667908507020912 0.13463251258498277
9 0.2559618061310321 0.9205761385122828 0.10088667672143126 0.150665014959809
9 0.27391812668845295 0.7070945401555988 0.09280135820977709 0.14267067700390612
9 0.5152747665487434 0.6496770212781247 0.08087799432603626 0.13653854507005203
9 0.41976073932745384 0.5453683047599823 0.10483632213985139 0.09611389342673626
9 0.5046627653040034 0.48572817000056384 0.09298116288402425 0.09193488649288206
9 0.26389200498877097 0.11211795046623241 0.06577382213985139 0.09520470364722228
9 0.28705050487293693 0.2435220228209633 0.08430681193064138 0.12295758904800358
9 0.1837487868611409 0.1960812287476995 0.06227679990733276 0.1068325346692709
9 0.13293654604746763 0.28033917719453116 0.07981152948891268 0.16188371058107642
9 0.3346974948855834 0.544416105030425 0.05001241288402425 0.0909347777354168
9 0.1586062125596889 0.4556658323047742 0.04799108325611062 0.08893619324644098
9 0.08852313565292314 0.5198478333968749 0.1437624128840242 0.0931168332062502
9 0.20873947719812275 0.12806198340203975 0.0378162304886292 0.07699014580156255
9 0.22560456510531376 0.19119759973472206 0.040631206442012124 0.04583106477951393
9 0.2332341903271703 0.4656571217236977 0.029048865697839266 0.04946455784565973
9 0.42627112839652903 0.3399719633371524 0.06718131011654283 0.07962516313619794
9 0.7005394885362386 0.3853881771250428 0.082601696232802 0.07412946404800347
9 0.762692283792491 0.5139299347002597 0.05518974160488854 0.07153990620234385
9 0.8103485255132136 0.4512472802313795 0.044469251814098554 0.04396885875746537
9 0.8425874926179603 0.47884024090776844 0.06313865086071568 0.0756279941582465
9 0.7049541617453068 0.3158931314136279 0.043675605488629365 0.07712652426848965
9 0.7182261020822887 0.24814664300182232 0.04830729718618487 0.042106652735416694
9 0.7278150753047122 0.6906658339687495 0.048511911069925695 0.047966027735416805
9 0.7965402826537736 0.7555264613435757 0.039701150860715684 0.0750824802905381
9 0.47478308086284193 0.6936231502911021 0.06718131011654283 0.07962516313619794
9 0.5067771087693242 0.5462750450005638 0.03658854718618487 0.041833895801562715
9 0.3821491227225653 0.4758740755615448 0.04878472958157998 0.055778527735416805
9 0.14313629081721704 0.964251143617361 0.060912707349061346 0.0677700346692709
9 0.16260232350042525 0.12229434389296862 0.05666543420949355 0.057913490691319514
9 0.12661832486099917 0.15538463668350683 0.036724956442012124 0.04574014580156249
9 0.3085100706634434 0.18633588395325495 0.06461434346532058 0.06200157864722228
9 0.4038907587328021 0.06292370001549447 0.059368810116542825 0.07944332518029518
9 0.6776755048729369 0.23443012502582408 0.042788945325752836 0.051735899268489594
9 0.7180059720935177 0.12989166152387094 0.03840526293035795 0.03797310529053821
9 0.729777410616401 0.027836455761935466 0.033773571232802 0.05567291152387093
9 0.5840309647114781 0.6314616469194874 0.13315974614013504 0.18068924178342027
9 0.6802146336071566 0.7269585711931419 0.0353174684653208 0.061319686312586885
9 0.7199188959681557 0.8843661551360671 0.040631206442012235 0.04583106477951393
9 0.6702722740368056 0.5541979276710932 0.10024802586071568 0.07649172444878483
9 0.8037481513142403 0.06632254701996461 0.14153646937236997 0.08525887371727442
9 0.7646361570844149 0.8774612118896261 0.048443706442012235 0.046012902735416805