9 0.2548828125 0.07765473982486264 0.130859375 0.153105067572918
9 0.4912109375 0.08195934413565482 0.09375 0.11187354654477707
9 0.544921875 0.28051401272901666 0.125 0.14135222872636943
9 0.36328125 0.9015275709860111 0.072265625 0.08049855410743234
9 0.4375 0.873639050542293 0.060546875 0.07457100141433526
9 0.41015625 0.7514096567583997 0.076171875 0.07075565500513137
9 0.494140625 0.7997498260589291 0.09765625 0.07674002244247613
9 0.2041015625 0.723843678154775 0.083984375 0.09814485680052965
9 0.4345703125 0.5454970061190187 0.138671875 0.13557239436831603
9 0.251953125 0.3217783204015884 0.080078125 0.1059346309028304
9 0.1953125 0.5275034823849523 0.091796875 0.09623718359592748
9 0.1982421875 0.5851377143082265 0.068359375 0.06875707820973331
9 0.861328125 0.6934876229426392 0.083984375 0.13134798180052965
9 0.7744140625 0.23497415921883552 0.173828125 0.1474956774476075
9 0.8916015625 0.16436687364980687 0.115234375 0.1842641639821218
9 0.802734375 0.3738107969771536 0.1015625 0.14707524834017516
9 0.5546875 0.35088332747326434 0.08984375 0.13919457064707808
9 0.6103515625 0.48011342151547565 0.109375 0.10415195013557321
9 0.51171875 0.5098130300985748 0.099609375 0.09823576039132553
9 0.6181640625 0.9391432483108737 0.072265625 0.10002980410743234
9 0.638671875 0.8074266217737938 0.091796875 0.12748718359592748
9 0.7216796875 0.8860345470998985 0.0703125 0.10978406615858294
9 0.796875 0.822018895630605 0.08984375 0.16458519564707808
9 0.69140625 0.5089052963927309 0.056640625 0.09212640051663601
9 0.830078125 0.648383940761047 0.052734375 0.09210367461893698
9 0.91796875 0.6088562109592754 0.15234375 0.10635506001026274
9 0.67578125 0.9414315803019346 0.044921875 0.07838634782353893
9 0.6806640625 0.8770068626740585 0.04296875 0.049078109874689524
9 0.76171875 0.6147831125513137 0.033203125 0.050974420130442066
9 0.5380859375 0.6720758049080433 0.072265625 0.08440480410743234
9 0.29296875 0.5417435048274284 0.0859375 0.08057809474937905
9 0.2763671875 0.40004535726220736 0.060546875 0.07457100141433526
9 0.2099609375 0.44458089200132367 0.046875 0.04714771077238855
9 0.1884765625 0.4083230870639789 0.068359375 0.08047582820973331
9 0.2666015625 0.6060432300179598 0.05078125 0.08037356167008758
9 0.2314453125 0.6654090094386684 0.048828125 0.045205948721238176
9 0.3662109375 0.24529461540928538 0.05078125 0.05107668667008758
9 0.3212890625 0.1610488925857464 0.044921875 0.07838634782353898
9 0.607421875 0.3228698145922014 0.072265625 0.08440480410743234
9 0.529296875 0.45132154663822055 0.0390625 0.045149133976990496
9 0.6240234375 0.5583179621574224 0.052734375 0.05890054961893698
9 0.9892578125 0.16298189609228297 0.021484375 0.08801561743734476
9 0.716796875 0.9612014522277746 0.060546875 0.06285225141433526
9 0.7626953125 0.9419372315257384 0.0390625 0.049055383976990496
9 0.599609375 0.8550509252968033 0.068359375 0.06680395320973331
9 0.46875 0.9402271077238853 0.064453125 0.08435935231203429
9 0.2646484375 0.6909928045691103 0.046875 0.05300708577238855
9 0.1923828125 0.7774864379616779 0.041015625 0.0393011219258399
9 0.1455078125 0.8787762271892894 0.041015625 0.0783636219258399
9 0.4833984375 0.3465623298402567 0.146484375 0.18835222116371408
9 0.4228515625 0.22511632842592155 0.0390625 0.06272725897699039
9 0.4365234375 0.0650396190678682 0.04296875 0.049078109874689496
9 0.376953125 0.39184148662795776 0.103515625 0.08458661128902467
9 0.0908203125 0.8100986896215028 0.14453125 0.09654398321486468
9 0.3916015625 0.056965771244329194 0.05078125 0.04912356167008758