9 0.92755461172214 0.8073444931775074 0.1448907765557199 0.12312130262848053
9 0.9387122499901885 0.5702103172472914 0.11049108325611057 0.0916418795352465
9 0.7420232528271703 0.49604114426989115 0.14081102767481424 0.12196182395394983
9 0.11304261659507699 0.6116040550119377 0.08051216197697494 0.07108756011654283
9 0.1447328351762317 0.5415085735004252 0.07417535458157998 0.057211071232802
9 0.26510114347867597 0.580825305803153 0.06899802586071568 0.07653770734906118
9 0.22007385003652208 0.49244484380301123 0.07365452676776496 0.09815849160488854
9 0.28404958403751435 0.7882657835706344 0.0965463897444564 0.08335194713985139
9 0.47175726802515133 0.5773128088619914 0.13347596007020923 0.13536088044229544
9 0.6886750775723354 0.7838635563627001 0.10610740086071546 0.07783359527941913
9 0.4811571020724772 0.8185578486759482 0.09479787862819711 0.08914311751193793
9 0.4232670960608229 0.8087333121524979 0.06865700272114783 0.0667720823490614
9 0.34131326100042525 0.1377418608150908 0.13156623048862925 0.0806733804422956
9 0.7956349534891962 0.27162709004916863 0.14258434800056707 0.17274307395394983
9 0.8718254146981228 0.16309535479362497 0.1833705499073326 0.11174357576804839
9 0.6586309803727952 0.23075405590917553 0.14773686751193793 0.09684401746560412
9 0.6711992181178186 0.47893734016500267 0.13958334437236997 0.08680557395394994
9 0.5448909255827139 0.409176658792491 0.10133929990733281 0.10887898139567853
9 0.5111917819783924 0.5055370208621331 0.09702382213985139 0.09702382213985139
9 0.08649558302444256 0.3541542758607157 0.09802208234906137 0.06974827676776485
9 0.21792229275696112 0.34703933824488165 0.1260478786281971 0.09023439155855484
9 0.14359812431480729 0.2576358068260363 0.10967262772114783 0.06820437953524638
9 0.21044459289596198 0.18876800861696805 0.16490576474445634 0.0857391091168263
9 0.519565393710344 0.3263610555714849 0.09161707032575284 0.05391866288402425
9 0.3845331318028695 0.17436451031523253 0.0914806610699257 0.05001241288402419
9 0.4284071281746724 0.09006392138515822 0.10088667672143137 0.15177952676776493
9 0.08546010900099225 0.2965711906746724 0.07948909255827138 0.041790685116542825
9 0.15088979650099227 0.29885604570977703 0.04830729718618498 0.042652536069925695
9 0.4162512710938012 0.2447235172339361 0.04985119441870356 0.031001990697839266
9 0.34970554173407786 0.46185830387322047 0.08441841197697486 0.07122396937236997
9 0.47087683086284193 0.7196863199782506 0.07903646937236997 0.08469123048862937
9 0.6114460308396751 0.750930138374071 0.07417535458157998 0.057211071232802
9 0.5638579937468662 0.8126674828622749 0.046490581442012235 0.046490581442012235
9 0.599832699281829 0.8373326661647191 0.08037575272114772 0.06718131011654283
9 0.4052208317698912 0.7388517376291893 0.07969370644201201 0.047650060116542825
9 0.3447545660025515 0.7669767293499119 0.044605661069925695 0.048375501814098554
9 0.7698165559091755 0.6774554576769405 0.050533240697839155 0.050533240697839155
9 0.8516338989209715 0.7300565349213968 0.07760417218618487 0.043675605488629365
9 0.7016524602920657 0.4292814665255765 0.08441841197697486 0.07122396937236997
9 0.5702846620829976 0.493945387013497 0.04426463793035795 0.038609876814098554
9 0.46709454411753504 0.387927888489905 0.058345740697839266 0.05080605920949344
9 0.8757502509070493 0.052040048305279266 0.08743800181409855 0.04596975362819708
9 0.06735804468689371 0.2530227013374071 0.06063988883740709 0.06063988883740712
9 0.08929504287279519 0.2108724068723699 0.04817088793035784 0.038746286069925695
9 0.16937939087336218 0.3814329327330856 0.0648189573490614 0.06858879809323426
9 0.07901792455983066 0.5031250082792775 0.08219246846532066 0.06334326474445628
9 0.31914692251406407 0.7319444840009922 0.052281751814098554 0.044742070325752836
9 0.23061146504916863 0.7942026563030113 0.03840526293035784 0.03840526293035795
9 0.12755157473535358 0.8315693337096353 0.07739955830244427 0.03781623048862914
9 0.6727121245366638 0.5501923003510459 0.18634674432603626 0.14110865539596196
9 0.7913102240136388 0.6226098507119033 0.06372768330244427 0.03733879809323426
9 0.9533513943857252 0.6263177098287296 0.04830729718618487 0.042652536069925695
9 0.623592594816083 0.6518664003973795 0.08160343602359221 0.10233756011654283
9 0.19405083857276068 0.8924138364307831 0.09280135820977703 0.14369420825611057
9 0.9588263508277373 0.6713759940845567 0.048580115697839155 0.050465036069925695