2 0.5587477781815257 0.47522084817988375 0.1550448527131787 0.1724804867046461
2 0.5946025399017181 0.6096259402591412 0.1288275601467337 0.18846601962538867
2 0.6361975025032309 0.43886924284056605 0.10401327883905553 0.16561656570031102
2 0.6587281481289239 0.7145442592832906 0.20499644123754246 0.34467749324644226
2 0.7479404582410492 0.3607336999659547 0.208276881552234 0.3351393814006218
2 0.8274422395487273 0.3867683380495472 0.16628619100682984 0.25680613143591546
2 0.7418727405869343 0.7670598414439729 0.2220739184892957 0.33788880244025066
2 0.8304911011674065 0.6924420321442838 0.10867050046142523 0.1775628288544906
2 0.8726286927371747 0.9322770884466001 0.08751214527962392 0.13544582310679987
2 0.8690064813353648 0.5039934531486189 0.047349417797157844 0.07086201969597594
2 0.9186743888773543 0.45921331823004374 0.10050874460132908 0.11092906570031102
2 0.6980102511881716 0.9891413220832861 0.0758953211747877 0.02171735583342782
2 0.6423214556916783 0.9712411905414898 0.12477291216777431 0.05751761891702034
2 0.8527583079434318 0.9695146674157947 0.1296804576642674 0.06097066516841054
2 0.916340147863603 0.27486088728948677 0.16731970427279408 0.2503587103609932
2 0.8759312297549844 0.44504880182261286 0.045521454734219535 0.07270138811888605