2 0.2505967910633828 0.5990754644481868 0.3200239871670093 0.14953173298412148
2 0.579920488591378 0.8572045942954155 0.18278461958138292 0.1790375370718691
2 0.2611333727171818 0.6901743200565372 0.318027747052841 0.1962475654936353
2 0.6630825272325136 0.649030967821836 0.297100458269542 0.2090440192959624
2 0.6247644849798781 0.5460757522800836 0.25377690465749536 0.15073213564585952
2 0.4343845590771399 0.3959769633546212 0.22084899952429904 0.2039871282314858
2 0.34034936948569594 0.4808649635924718 0.29869877965749525 0.15256256178644834
2 0.5461088976696117 0.7212850049893922 0.12411793231923363 0.07915294220506541
2 0.7009280083630414 0.9407280830316914 0.1522939884027381 0.11854383393661716
2 0.8292158227166349 0.9520638253794671 0.15743710969555114 0.0958723492410658
2 0.5561762414428498 0.9683553174893922 0.07011021739534584 0.04575418108350471
2 0.38514351725099477 0.8863158028984951 0.13348563859301865 0.06978523593128028
2 0.4232029558445603 0.6958032084117054 0.08848417984777568 0.06600168479069168
2 0.4763303082214249 0.4922554088868595 0.0740960511405887 0.04786647357399065
2 0.4796943830787146 0.550888950759481 0.08569210228117763 0.09318626730020574
2 0.4476021072705697 0.6246517558451072 0.06309355484777568 0.06496709610253282
2 0.0861379904449714 0.8458589692489392 0.10701730979069154 0.09015543849787844
2 0.539039150283233 0.9306092725274483 0.10151938488583179 0.05093377100739249
2 0.07650673916276612 0.3462966798477757 0.09749043602642049 0.09561689477166357
2 0.08502058179596242 0.29204689044661214 0.08394125988583173 0.050217517300205516