2 0.29075202378676257 0.7229315937578971 0.18548417359439184 0.20444712226160844
2 0.4012276967875873 0.7554677863547631 0.11848872179307224 0.24933306759686613
2 0.4861886342875873 0.7579398971523714 0.12641488205962892 0.2534666381299795
2 0.6108940333869275 0.7381111106155467 0.1344547025927425 0.26150645866309286
2 0.3924895931485358 0.5519165603551754 0.13534895552898973 0.15810449392964965
2 0.5366200965794224 0.46912268251785594 0.13105992379224762 0.27897092339653606
2 0.7001038450123709 0.46019612364659823 0.09164141379637103 0.13146360599752582
2 0.714311027316577 0.6101500724127426 0.09181190419620622 0.13732298099752582
2 0.5696063512805771 0.5111328348502271 0.179170157528165 0.18865163186177325
2 0.8162951743542265 0.7665676271764128 0.09742305819455677 0.1960303912640824
2 0.5837851185181441 0.6620633461163714 0.06562565733030934 0.10924043926490734
2 0.8378961452569481 0.8639576913423921 0.1245394876614434 0.1890135131299795
2 0.8845275032172368 0.6385602090745983 0.08411306446276301 0.14100191046441246
2 0.7276118631244944 0.8920252038788045 0.04960284639736079 0.0951139231986804
2 0.7890111901236697 0.8644900630104333 0.05953896179719598 0.10125744886507215
2 0.660004665727546 0.9881767476573198 0.050078387932123825 0.023646504685360448
2 0.6249904910607418 0.9827540488911755 0.05426878859851536 0.034491902217649084
2 0.7978136384941027 0.9867478335720621 0.05220200333195879 0.026504332855875834
2 0.7239642843604119 0.9722855618232991 0.08034137519785567 0.05542887635340188
2 0.8725830760098967 0.3772497202418148 0.09014292986259798 0.14703177586424743
2 0.8059089968501028 0.619657026176825 0.09730939792799997 0.1921241412640824
2 0.8442193192470513 0.5122815310758355 0.046683609131628945 0.06185396806540222
2 0.8325962646812369 0.5422424028428046 0.04605847766556703 0.04036959306540222
2 0.37015405845975213 0.9500414946221445 0.034282897532288636 0.038075487265731844
2 0.4713471625934429 0.9656919740526189 0.05633557386507215 0.05823186873179376
2 0.7631914034879173 0.7777285260778972 0.055519051530639185 0.09723753859851536