2 0.28435199966028496 0.5085899811460786 0.23377333850348858 0.2301402401126429
2 0.5119178313539214 0.35571285755185567 0.15384517390488384 0.3100684047112474
2 0.4373723913574941 0.6920056366328493 0.1251767295950319 0.2614179192517443
2 0.5297976970476421 0.7455728510571304 0.12527224166368933 0.290578218447167
2 0.45260059356784843 0.47423219913284925 0.07038033292955614 0.14485884994189224
2 0.6891068130810777 0.6566163888141496 0.058156343447167025 0.10901972091900625
2 0.5885003437131178 0.6358425719761369 0.04819969430985216 0.05001624350527489
2 0.5780313078222722 0.6311851550509625 0.06456202166547587 0.11724194833273782
2 0.5480988548609826 0.48385410105713056 0.07010718132040195 0.14095259994189213
2 0.5854197858662575 0.441322302637231 0.07327610396477802 0.07509265316020086
2 0.6068224883671507 0.5281953014013114 0.04315977413731509 0.06132526609154354
2 0.6777834959525261 0.4536690283546465 0.08941972804398546 0.1947795813785096
2 0.4822393630520238 0.6117293402243926 0.06401571844716714 0.10942944833273804
2 0.5008895626206813 0.5835933595632986 0.04261347091900647 0.05351276609154332
2 0.5993590301224676 0.7612317675219087 0.1471529594806027 0.21436527971124741
2 0.715077202791432 0.43959411823932415 0.04261347091900625 0.05351276609154332
2 0.7320960949490376 0.673361219417136 0.07233345792955603 0.1449954257464694
2 0.7884354342280493 0.4290224230086793 0.08860027321652231 0.1830608313785096
2 0.8616852239719233 0.6726095975192292 0.11822474815841444 0.24538319183801294
2 0.9196710751497352 0.6432988829496784 0.08991158292955603 0.1462246079876639
2 0.9156291592906229 0.9256414893862958 0.057295824883784485 0.1245081451144292
2 0.7800293299481443 0.5913366617155451 0.07091325155104666 0.06909670235562371
2 0.7462861390555124 0.4142990053079817 0.023491948332738044 0.05800638304577177
2 0.8829705176180018 0.3541819346169406 0.08804058540139548 0.09167368379224117
2 0.8782305182482557 0.16935900237574605 0.15760146350348858 0.22481378373413335
2 0.8225664557482557 0.16546659194529673 0.19080458850348858 0.22713557241194515
2 0.7150901324155179 0.2148686993027068 0.10003248701054979 0.0963993886197041
2 0.7438063327596987 0.1550524593599214 0.12655678218308664 0.08659269988378449
2 0.7932829653450739 0.07902385246290769 0.09702781930985216 0.053430638619704096
2 0.629008909339799 0.11267822358529127 0.09231549907920744 0.12501338459681824
2 0.61728346704139 0.154055819964694 0.07546131683801294 0.10634265316020092
2 0.685703982672537 0.05972514530887482 0.03874828465492608 0.02603244028696622
2 0.4909859968979069 0.1638696559717552 0.06665172247005291 0.11933164913731503
2 0.5866819746267653 0.07242760508001639 0.0336673007464694 0.06454863706865754
2 0.42496894244367855 0.13962654071384287 0.09450071195244203 0.15626338459681827
2 0.3867736533054703 0.11045954922001092 0.0434329257464694 0.06523151609154337
2 0.37159275215671234 0.17318494479483648 0.07382240718308675 0.08290515316020086
2 0.4645433742244767 0.06486817979394334 0.04011404270069774 0.04556369028696619
2 0.02672246658099361 0.19547629997094612 0.05344493316198722 0.18782759994189224
2 0.543156266648033 0.9893046585888638 0.04819969430985216 0.0213906828222723
2 0.6493556517052476 0.9785930414044375 0.06046474752816078 0.04281391719112504