2 0.5097269757440569 0.33740988631293495 0.15696696136936716 0.1582329471479812
2 0.5793820999830279 0.42606320337583686 0.17609979204920156 0.10645357709089709
2 0.6115292687293911 0.5211114240983556 0.2462528598521585 0.10736546691964488
2 0.5738820115299232 0.5888308058948648 0.17605985341371966 0.12981149334565423
2 0.41284823975641644 0.41532928046673395 0.17382780265511533 0.10246774334565412
2 0.3614493914584271 0.4845823109799442 0.22879422841371966 0.1319602544672147
2 0.28824746493879383 0.6063094077003413 0.2532282602314606 0.12127609315537358
2 0.5005006834955058 0.7008320694878836 0.10929512272903619 0.05117252224312141
2 0.3543551422073331 0.7145735585084863 0.144252001896511 0.07400982091225217
2 0.4624350376581315 0.8094477006665284 0.27148373031023054 0.20183172062683163
2 0.4690720878429334 0.930841551331963 0.08968399545807215 0.09709251730020552
2 0.5652932868971026 0.8967480940602994 0.12898580492607925 0.053921484695551136
2 0.2356932973157897 0.8566459769968506 0.09789523712312242 0.054601269771663574
2 0.14869967988971047 0.9088564111696777 0.13791433030538142 0.06791169467652325
2 0.7219017675817861 0.8144482706765893 0.09080002083737426 0.11076439230020552
2 0.8933976728895922 0.6809294866940427 0.0681200655319929 0.04754813859301876
2 0.8741651567934952 0.61844772100958 0.05448812916747481 0.023633136121560705
2 0.8637022173969842 0.6870060553726876 0.05951040454677692 0.03746417861204665
2 0.8820778257270848 0.7719089666845287 0.0609452943201656 0.05504230361204665
2 0.8781915450448258 0.7837470923023931 0.0550859193201656 0.05480355237631773
2 0.6098362283773509 0.8160946485280611 0.15931882803441733 0.11550294838371
2 0.8778900712094028 0.037376373788876434 0.16980205909355406 0.07475274757775287
2 0.9025247632392077 0.4498820929202576 0.09725750833494962 0.046788769771663574
2 0.859955238421585 0.6375197028536594 0.048788186364518094 0.025347509885831787
2 0.9237097596455353 0.3215146948214212 0.09901126250242465 0.06827314477166346