2 0.33606855047624795 0.4500860622838117 0.1680715094101306 0.24310789885681128
2 0.4540320355053369 0.7178907951597433 0.10923236169130823 0.3325880344936265
2 0.4620600240502386 0.37710457150629184 0.07902359686256055 0.2621164532097333
2 0.5383198344123182 0.7818382689359396 0.12079194420082229 0.3287499621867238
2 0.618190648432374 0.3791252230983301 0.0753992132124579 0.2210894652608837
2 0.6498982984804911 0.6552424257236407 0.07803876977166357 0.09418179205628174
2 0.6183182886411357 0.2082665559193034 0.12486400817440169 0.2369985389821218
2 0.4905146232420937 0.30176154067124805 0.16320360798412126 0.3153280720614132
2 0.7838282941554398 0.6749661947530236 0.06483775076002773 0.20150140051663623
2 0.5231225752865145 0.6276663863732843 0.04574753460041103 0.16428975897699027
2 0.5057301166834349 0.43152504220832805 0.04893753089322406 0.1467343598746894
2 0.7186340346496219 0.621647278988332 0.061856683554962544 0.08041901346548563
2 0.8582725024249817 0.4773142294921398 0.05894855361204665 0.05697015051663612
2 0.8704489024730986 0.7535450616059456 0.09448942937207461 0.25830110680052965
2 0.9079048164942483 0.8646288832056808 0.06376669344079433 0.12729401346548563
2 0.9481279272833651 0.9317617108309912 0.029890429847775568 0.06265908128389341
2 0.8437914970063647 0.3055642219294845 0.05504230361204665 0.05694742461893709
2 0.7893443663498972 0.038862346193015554 0.10490501730020552 0.07772469238603111
2 0.9092294490972618 0.13725458346399888 0.053841900950308386 0.12333094872123807
2 0.8445591304186169 0.16692075430160835 0.11047587946721471 0.21934087334017516
2 0.737205251331416 0.28568137161620827 0.058189184790691684 0.0862556625677866
2 0.8608323882130047 0.033706822920627016 0.05958522357399065 0.06741364584125403
2 0.582394492254823 0.9221735137402767 0.06033794591225217 0.1389900375677866