2 0.5319169213925645 0.38638945612714976 0.22838078267368744 0.24368135883034092
2 0.2746672178027758 0.750031765885731 0.37865765109659777 0.2496098725115794
2 0.33760206964178713 0.6112962538152722 0.41897147344458563 0.2731414263898233
2 0.687389888542409 0.44155553058403707 0.24116186824644226 0.19567210538163837
2 0.3261764313993736 0.5215590152920185 0.3142623156650174 0.14692972919421377
2 0.7650144380999909 0.6728777214759539 0.1862853814712091 0.12269827283992152
2 0.44646698760463244 0.8276034458378279 0.19076041435665814 0.1326686157277459
2 0.5704133723467396 0.7008813030006031 0.11838103277956824 0.1269282098029949
2 0.8848376025625297 0.6674028670545975 0.16844121693808312 0.18407232445688737
2 0.534497530126308 0.5775356562345351 0.10484217754613123 0.09506405613952174
2 0.6473806321064937 0.5903084124814421 0.09979836177523316 0.07532808825169734
2 0.6966445202253797 0.5517494021353346 0.1893953354315805 0.10923111572774591
2 0.7740562634188815 0.3158182553124808 0.37224875640062205 0.20643640462375512
2 0.7861102966749132 0.6974923493309441 0.08553844070031102 0.09794671670039978
2 0.27917296803218417 0.9814674242421166 0.15139517100433508 0.037065151515766726
2 0.16801547789781884 0.9753646094808388 0.17126769073560455 0.04927078103832239
2 0.38960939232506414 0.9460870427680671 0.08694204600433508 0.05518268458822417
2 0.4592297212677887 0.9448379727769498 0.08337706573560455 0.06083734170039978
2 0.46690737894147616 0.7121090209452132 0.22005728935665814 0.13420399988642862
2 0.8917418725055608 0.8852233314937195 0.06947767758142476 0.05621457909301464
2 0.9209204345290973 0.3842467689937194 0.07867451969597594 0.04696074881257539
2 0.27925782982506414 0.9403037624370283 0.051217013118886046 0.04357459859780466
2 0.7842622079371411 0.7796771377468124 0.09589211177523316 0.07512337036387295