2 0.741433603238431 0.8032768177302506 0.3331916893661735 0.16750376360573904
2 0.2730875482992182 0.5034318877085012 0.38744178281334063 0.27460942467566474
2 0.8049244602807141 0.6052702349276645 0.2723305990210996 0.18875871551250478
2 0.7393586519488693 0.46561250432320134 0.3211587240210996 0.19046383121034394
2 0.32807587904747393 0.393827464615267 0.37162575867602565 0.2156064469081832
2 0.40207638074378993 0.3041170123708107 0.3319214433890594 0.17720118397782547
2 0.6699548815193133 0.3270677454745652 0.24780049258448233 0.17231525997754193
2 0.5766833518080657 0.19718804447484867 0.26179996752637447 0.2332031581171098
2 0.20131241326659172 0.8769593066041798 0.1633108781020931 0.13429441560517197
2 0.2963598834100748 0.8922401719643285 0.10016906281512694 0.09507069713985139
2 0.3730030814276858 0.8543216345338289 0.1630787902288584 0.10311262023308565
2 0.7037774700473899 0.9367496663001762 0.08108860396477802 0.07297248048862937
2 0.8895019845878867 0.9048113970204735 0.09798384994189213 0.06382069713985139
2 0.6877155184672894 0.9030474111955713 0.09253420235562371 0.06947545825611057
2 0.33032177757912323 0.6639384539525324 0.2853606587341333 0.15219497753581335
2 0.4937013985562374 0.6484436402077924 0.08985713459681821 0.08691717400028365
2 0.5025725885280766 0.5933128101263543 0.08862795235562371 0.06933904900028365
2 0.4826043869479762 0.5597469642775764 0.13591267976935517 0.07683533507020912
2 0.6616018606539488 0.6416014797072256 0.07368583137850959 0.07855903697697508
2 0.6404250087006137 0.5767515315444909 0.0766360507464694 0.065023571232802
2 0.6497331502525534 0.5558685935909662 0.1713420813785096 0.08196926837265339
2 0.49239099878866843 0.405710503184484 0.09962275959681821 0.08725819713985139
2 0.6045385786161315 0.41354158939341046 0.09757412252816078 0.05796132213985139
2 0.9817519256012 0.423269959182783 0.0364961487976001 0.0609127073490614
2 0.9996170417799051 0.3092384582757337 0.0007659164401898622 0.03988095553496285
2 0.9786274128419479 0.5497921587060914 0.04274517431610425 0.07256325272114772
2 0.9781083337900082 0.5927268063921347 0.04378333241998367 0.07681052586071568