2 0.6626421313938098 0.2325493709461055 0.13418741681079238 0.23864637581077885
2 0.7682004827824881 0.5509868151432696 0.08485932206141311 0.15185657771858074
2 0.5224198649769088 0.33361975598979215 0.16559649809468557 0.26653559658978565
2 0.6139200011047035 0.7187020936527717 0.12856666373663206 0.27955972503971527
2 0.524348961877092 0.6733953221424163 0.11341890758831208 0.3613182396502117
2 0.4049419586801871 0.5534216629492237 0.09914479629928741 0.2575639711843962
2 0.4076059190843412 0.2633655544873797 0.12285500707167596 0.30484807426865135
2 0.27629770760478506 0.3427981508744707 0.17897293642459788 0.21599299005560113
2 0.7888680276674404 0.3553333959063904 0.0635113024476075 0.1749190665580136
2 0.7073304148413356 0.4397560232394393 0.05711786885168002 0.08301991578694978
2 0.693221066310629 0.5151899792052548 0.05107668667008758 0.051667640015885974
2 0.6394476325919567 0.5268696946066727 0.05314344115858294 0.07123298193957406
2 0.6219490482339034 0.5135046469198641 0.03783660372636932 0.1256477465500705
2 0.8710343308515167 0.6663674431878096 0.047215888465485634 0.05941195616851025
2 0.8445434531162899 0.3524086510812845 0.06519171667521895 0.12807815848170145
2 0.8332735395958459 0.2754647651234121 0.015874984874689524 0.04324148538950334