2 0.7318983102404535 0.2098728230715064 0.3726431927947218 0.20888623649288451
2 0.36765094797472153 0.2642346714102113 0.23442595886094852 0.21643451951950787
2 0.7795852536129482 0.41377576720153664 0.3946958691275051 0.22966880884087248
2 0.36209955974581426 0.42151811219875623 0.34516488205962903 0.2696798878365374
2 0.6928655176174843 0.5796863559393087 0.362934397928 0.21027057860743548
2 0.41000337341715437 0.5844623096173314 0.23966020239488672 0.19529141425077734
2 0.5294519851882471 0.7344653294721283 0.28713943339241244 0.28579844052384296
2 0.6224259714804947 0.4541262933687215 0.18012124059769086 0.0923830985151729
2 0.46378617024663893 0.4448427669015411 0.13055432386507215 0.0641485590879276
2 0.5283621134370722 0.10181383274302641 0.10700316359851536 0.05887723016284979
2 0.6060968171022267 0.043666388736523766 0.10091646806540222 0.05072346043158037
2 0.896185195137402 0.09208946796159698 0.09740802899835055 0.06416782227740075
2 0.7505637223708453 0.10447058295478792 0.07535535266556703 0.04338524992941284
2 0.820002869903134 0.06337972775664452 0.0645458847980207 0.07395271046687396