2 0.5227891551796726 0.4777108568589271 0.1194887821289532 0.16092768983681927
2 0.680884492394252 0.6065162754311739 0.1938733461025326 0.07505077334497035
2 0.7202586808921304 0.7126958817598419 0.22129667984777557 0.07907588382282338
2 0.48403834367755105 0.577970504679444 0.1548108461025326 0.0720907940908948
2 0.4325341934872706 0.6519515337237382 0.2647429323192336 0.0940506110023065
2 0.4085296375459294 0.7796143617831814 0.23221959239534584 0.06043262759904611
2 0.6646857899698173 0.8301782264160247 0.17426251235728962 0.07161765871793246
2 0.5897276105977427 0.5674817606468 0.05759562994291567 0.027729469918409633
2 0.6346428391146491 0.6662928638635793 0.10690125741437373 0.04314819398600411
2 0.5279803329360043 0.6290040448775752 0.09502333992388778 0.038353950209781384
2 0.5256010851696117 0.7378610485081121 0.09095792243340184 0.03415170228437381
2 0.8241987235247799 0.9220962684323271 0.10601918973360736 0.11707094606059654
2 0.20983976972245266 0.8969609701806365 0.11786063859301865 0.07318506379952305
2 0.9434703990010278 0.9374130078029436 0.11305920199794439 0.10484992220278344
2 0.36762009519760686 0.9549324325757457 0.15484731473360736 0.09013513484850866
2 0.48405154961779845 0.9420017056584893 0.09385940589322417 0.11599658868302143
2 0.3720104941521583 0.8868579460664021 0.13480209363107476 0.058892054463857146
2 0.8699314340771399 0.8635776711829037 0.2601371318457202 0.1040830954428631
2 0.990298151591411 0.8423321704078344 0.019403696817178018 0.048473850104890914
2 0.9589213204365512 0.7786627479486294 0.08215735912689759 0.08641294191141169
2 0.9800309958881938 0.6401983021502597 0.03993800822361249 0.030895725104890692
2 0.9630745862631772 0.5792219995045739 0.045117511121560705 0.055990352179483116