2 0.35517746080216306 0.3225909968782979 0.20270485495108836 0.34418737181921266
2 0.4745070725773962 0.262360198339293 0.17441252595542345 0.3922346010840274
2 0.6051004080442702 0.2109671575759826 0.15619038787183093 0.312913467012384
2 0.6000226222937992 0.6689014843314224 0.16635507217152012 0.22053047737997655
2 0.43048926371887697 0.6305123084358788 0.13827099314056146 0.3055162053488423
2 0.49785372430927854 0.7041321057380199 0.1914411312594475 0.35097461404351815
2 0.591828503623834 0.4051322187800336 0.2387344537486098 0.2288060253300921
2 0.5181514642848226 0.5410094253657397 0.06680348673993963 0.11271904017442114
2 0.816219997064391 0.4453762434621512 0.1048788813653283 0.23264056090960628
2 0.822461902014231 0.8100731991054382 0.11682514451950787 0.23757206868530067
2 0.8948123888071109 0.7643814951116301 0.08991898019814348 0.07587793202175908
2 0.7527837835030868 0.7087678992113989 0.06346601962538867 0.12214291258252308
2 0.9264866977715109 0.5070448811271973 0.10925942086316076 0.20776256479745348
2 0.921317671269037 0.3093033701116301 0.1382535525108377 0.13840183682858775
2 0.8618602040662521 0.2010399516973363 0.07785896046687402 0.06899329924606468
2 0.8157255330972106 0.28534217448240584 0.07069047355046632 0.14609304147037028
2 0.8719147769083502 0.7025043526163177 0.055350776273065616 0.0495355349906248
2 0.8720014612609797 0.8526873584480885 0.041223874964706475 0.04052690091898148
2 0.7640387868798657 0.802017222726966 0.06212020388978434 0.065673163878472
2 0.8496689871281691 0.3766503254013872 0.12253405912322113 0.10204945275694421