2 0.2133866022079343 0.38536634902193334 0.3190228350702092 0.1583704586478003
2 0.5459604191273466 0.11774307139438764 0.17976192762848053 0.18512986533946724
2 0.22534717990591527 0.2937770931901625 0.31480037114013487 0.2047328297599531
2 0.6264167396847675 0.32294426307667945 0.2958147581634434 0.21864906680046237
2 0.5867713888472186 0.4266914120517372 0.25282119895394994 0.15842003958553197
2 0.3953372181374416 0.5836350983148735 0.21762155353552992 0.20986088996249963
2 0.3018290458354226 0.5012731624643525 0.29774307395394994 0.16235019439236043
2 0.5100384021152671 0.25426615462957275 0.12368552586071568 0.08481308034884238
2 0.667398303767198 0.046121551719792236 0.149578392465604 0.09224310343958447
2 0.7965773722788522 0.03275557210144745 0.15293900544229566 0.0655111442028949
2 0.5235149977323769 0.015621680784404405 0.06979167218618487 0.03124336156880881
2 0.35208021631353154 0.09381507598929467 0.13304192309323426 0.0739487118285877
2 0.3882967081500881 0.28341517247841513 0.08805184346532058 0.06806543202175908
2 0.4377076425912497 0.48549100989589206 0.07181300181409855 0.049120296654166506
2 0.44268346892865684 0.42664094545196846 0.08321553788402425 0.09684967813391188
2 0.41112965960332926 0.35443596813107725 0.06266121846532069 0.06584404017442114
2 0.05286302620331201 0.14250552491747695 0.10572605240662401 0.09516481998124982
2 0.505617547302019 0.046307037405267176 0.10117808144201201 0.05363656609340259
2 0.04266799008037508 0.6431403348255789 0.08533598016075016 0.09592181090960628
2 0.04575883395111488 0.6969734533458334 0.0835999564420121 0.052098679429860795