2 0.5755500461604196 0.6818180924454759 0.17467053774240981 0.1741862833397989
2 0.6446401795825484 0.5616608051375516 0.2472869673290774 0.08844783182743932
2 0.40068706016283195 0.5524739680071553 0.2044204931001412 0.0907996984924897
2 0.7183013555165918 0.47990831972371356 0.2947074381080841 0.12352420455647539
2 0.27439156706269086 0.4680515573963926 0.41812932426865135 0.15505280797019494
2 0.718844608358437 0.3434287180192783 0.1831747615659567 0.10271781932501467
2 0.2208659172058129 0.30667975777327017 0.38883244926865135 0.15266132501454743
2 0.8122949416573013 0.4456485937803073 0.09377420657389957 0.12077456326102887
2 0.9263872372137559 0.38962540590585426 0.13218896002382907 0.08685383220189236
2 0.910306432118292 0.6974419642383793 0.13647022118439622 0.10865707159597848
2 0.9407508360373027 0.5940258634821997 0.11849832792539461 0.07676934280780601
2 0.5650349056398563 0.24700863164991116 0.07554833502382907 0.08223029848764041
2 0.6888757802344668 0.19080604226067396 0.04755683847375858 0.042888872729036076
2 0.648678361402977 0.2343329661227674 0.05807248579489288 0.08665478371425189
2 0.6102685506279417 0.2126693507804256 0.0378593973211343 0.045997961743820204
2 0.8018623062082253 0.2390358935906562 0.08894747463432573 0.06772132386694263
2 0.9166947387360259 0.33715014851916003 0.0320000223211343 0.04551966515269079
2 0.9771200740659567 0.28357851272601986 0.04575985186808662 0.0603075655319929
2 0.8215079352662389 0.3030504994625663 0.17091054078694978 0.07051122614275573
2 0.8658546834378673 0.6089735184034297 0.07359521002382907 0.08207086629059734
2 0.8341108573449634 0.18705874094039007 0.10481111810014099 0.08266865644328797
2 0.497771414872764 0.2483441583519218 0.05564207386326192 0.059151601517208774
2 0.11879698102538816 0.213508062125547 0.07856819500794304 0.031767912881726756