2 0.8161201141291494 0.2572969318746955 0.3373011000159085 0.12500653210381973
2 0.4484071640774473 0.646611771824175 0.11144312669079426 0.18028010638263892
2 0.798166314946707 0.37389427503098893 0.36294171835215816 0.14708188046050386
2 0.3868069199554566 0.3190331022048608 0.19295166335136282 0.13726752991961821
2 0.32797385577460497 0.4248663446296438 0.33618886169238515 0.19722669761484402
2 0.6507046932686393 0.46128811170416606 0.2807968350174992 0.13540695692352456
2 0.3460619624244353 0.5484351872398869 0.22545026167647686 0.07749346623220488
2 0.6241336499443207 0.39551829454982584 0.1452812300087496 0.06781712718420152
2 0.5921350382917064 0.2927754808624127 0.11394032334102233 0.059277275360590354
2 0.5355050924471048 0.37707888879822005 0.1083309416772722 0.08062527189366331
2 0.42378992993119635 0.4968348499253469 0.09227413500556791 0.04315222098185778
2 0.5118737316001167 0.47818761042144053 0.06290908000477247 0.03661095364722233
2 0.5771925224777283 0.15058376151870612 0.05932100334181767 0.0638637846692709
2 0.3123736349757398 0.17139195977491295 0.2241562100174992 0.13408863174322938
2 0.7304105649765351 0.15580425413411397 0.18064202001113605 0.08621352298576401
2 0.11324579164346697 0.16821632765043393 0.11630252834579488 0.09447898484956607
2 0.06446311997733059 0.39396218987482634 0.12892623995466118 0.12613812025034732
2 0.0936356824872733 0.09154521478467874 0.18641048834340862 0.07853740145269114
2 0.47589137914744406 0.13048671744544232 0.08857242500795426 0.06063942700390634
2 0.0743182832889225 0.32533005794097214 0.06293180667170431 0.03856407864722233
2 0.03018184665420512 0.19946796067638886 0.06036369330841024 0.03465782864722228