2 0.6004398934962245 0.6172891194855709 0.2136212428755211 0.2162779950836191
2 0.7261639792679258 0.4700478444807217 0.24900315729444467 0.14508845682743932
2 0.8099194237970924 0.3692828278108222 0.3571523841180557 0.18510722766481358
2 0.42024988957855947 0.48425679581797765 0.27553026951883686 0.19598920038900047
2 0.754638500901476 0.2221405935324662 0.21916076842673604 0.11925947387179175
2 0.41981394186840304 0.25534259032536977 0.1503922580259549 0.09610122197528082
2 0.35924678666284754 0.38552413672927266 0.3367590368534724 0.23022847349733877
2 0.4683522957809032 0.5331647980889416 0.2390556943385418 0.13647879584222355
2 0.7951337913171879 0.3225472906901244 0.3346695333865455 0.2242096663002956
2 0.6874838023593319 0.2794785329289772 0.10687799415824673 0.0691562136403312
2 0.4819981749845056 0.36278459581555306 0.15030133904800347 0.09219497197528082
2 0.11035482855190985 0.15927969526114727 0.13335964689366328 0.11810383220189236
2 0.07340782781523467 0.3374324588990538 0.13454159360703138 0.16888508220189236
2 0.18837026239435795 0.3583791128720284 0.18128021514010428 0.16685207993092832
2 0.4068896988975696 0.16246946740910717 0.09793063995980911 0.10351530265511533
2 0.5973648458865453 0.14887795319739816 0.12150451842673604 0.11128786401963331
2 0.3046696693333769 0.2265834363523951 0.18595764342673626 0.1165491265220579
2 0.14206105646762174 0.26040383730549976 0.09683961222439241 0.056640302655115216
2 0.03379818092157138 0.23303979564287405 0.05804986915824657 0.06517040871425189
2 0.21868344379249138 0.0711695689384388 0.3350770357613716 0.1423391378768776
2 0.42657760757005214 0.0414953721431107 0.06595328813619794 0.06971438750242458
2 0.6814174101200088 0.14495205622454188 0.13145198138263892 0.11989752500484918
2 0.5488151934112417 0.45908583331312847 0.0892544096692709 0.06576819886694263
2 0.5559458010766063 0.42915122952495577 0.05777711222439241 0.05345165871425195
2 0.6133576043632383 0.37358701361366076 0.09956554853697908 0.0900028598521585
2 0.7920165502704428 0.021485664379538843 0.04978277426848976 0.042971328759077686
2 0.14283223475425366 0.2094631551084566 0.059821156202343795 0.05751734091129512
2 0.09448633346636326 0.48638819412566525 0.04583106477951393 0.0427294405319929
2 0.12580370618684933 0.44469506287445304 0.04973731477951393 0.04304830492607925
2 0.1735651662218754 0.47895462764541696 0.0934788760921007 0.07975893826102887