2 0.38733430254105095 0.6384567961712928 0.2042953837315007 0.21656376712119307
2 0.4930233278414988 0.34874517662000065 0.18951124194636537 0.3599110254195629
2 0.6118363806280394 0.7971901802447319 0.221102130411851 0.40561963951053626
2 0.44985069586326626 0.4782276999591656 0.1597598489923845 0.27956604097900617
2 0.5841270629616779 0.2365605028670783 0.18543454771362256 0.3303181524941553
2 0.7020872434834454 0.37825294062930515 0.09095731898725323 0.1982142022843738
2 0.6787008767532683 0.38526601557685974 0.07856815500513137 0.08209183350815119
2 0.5999970174630016 0.44763143258735666 0.0888337497545102 0.16876932832167013
2 0.7487703755551214 0.684391291771492 0.08074853898212186 0.12130233247085487
2 0.7720992764399921 0.49971784130528935 0.0884474094936265 0.10236307832167013
2 0.8843762076689271 0.6712397196794048 0.08071445013557321 0.11544295747085509
2 0.9529444950205255 0.7322317448367408 0.09411100995894905 0.10896244813518896
2 0.9198853601843212 0.9013376840092848 0.1573408430895542 0.19732463198143035
2 0.7579350664682145 0.9136988455739766 0.10842181449875787 0.17260230885204675
2 0.7583699355946855 0.3210214730477147 0.12981528590796176 0.16601793153844946
2 0.8508700112212381 0.11328167325749618 0.12361502244247613 0.10698018465033812
2 0.7161839268631847 0.11674161983093535 0.09824712334017516 0.10896244813518899
2 0.7968535763044187 0.3922668278204384 0.12589767295911214 0.163768808613042
2 0.860369909125392 0.4039127316083113 0.07286786128902456 0.10899158662003994
2 0.9492995928440644 0.8364279344113332 0.1014008143118712 0.1388513189860041