2 0.609218650043748 0.32578813914335186 0.17392040002386255 0.17678118949875798
2 0.7978095300564747 0.420628982232906 0.2728479750159085 0.11876694989008363
2 0.8356327425306236 0.5224244226843212 0.32873451493875283 0.1347555642532683
2 0.8531376900411629 0.6572752698006926 0.2937246199176742 0.09352404322512742
2 0.4593641542508484 0.6227477101586645 0.28674711668522646 0.1383777405320301
2 0.47263762840147416 0.5046688697750358 0.3337357500198854 0.1484160763044189
2 0.529448019225395 0.4356681392660967 0.229697411680454 0.1028919650153941
2 0.7448599358986902 0.4857461886395441 0.1392854950071587 0.05354114436831603
2 0.7307121692492575 0.6126084100487479 0.14709799500715892 0.053586596163714084
2 0.6221660084142009 0.5992824538875995 0.05718606500636314 0.04720452551663623
2 0.5994564459340863 0.7456247920269805 0.10617327667488596 0.06116047423787441
2 0.4908548367878353 0.8953734104169824 0.10453832501193128 0.08849286128902456
2 0.5809251692790858 0.8314486625384853 0.0889587783457948 0.09230820769822845
2 0.8102135009547672 0.8991843775538793 0.1299516766788631 0.09059370462406857
2 0.4383697709460176 0.8325722922724701 0.07655822833784076 0.03364628000513137
2 0.791204280116131 0.8600139295398088 0.06299998667249973 0.04333236436318488
2 0.7908065634448245 0.8258342420398088 0.0706306733370452 0.027752816158582938
2 0.7173946101209034 0.8947383874835271 0.03754118167170439 0.03732527102814087
2 0.836409554274711 0.8007106463377727 0.12148010333784054 0.03390762782867052
2 0.9722165008851681 0.8396147161549382 0.05556699822966382 0.14099997731203429
2 0.9246831117222134 0.877422261408125 0.1506337765555732 0.10835363680566079
2 0.9631894925604518 0.9294016514106906 0.07362101487909634 0.06689485680052942
2 0.7386396709400519 0.7903768738952965 0.04530822833784076 0.03346447282353893
2 0.25985201011493786 0.8481341449527389 0.1860027766947714 0.20809936719185496
2 0.08196991177988115 0.8344048041074323 0.11562209669397602 0.20183092603327224
2 0.31761760512806225 0.945143357969375 0.05752696501034049 0.07650140051663623
2 0.3903591217774949 0.8186220250256568 0.0667244233370452 0.02773009026088369
2 0.5131005551300508 0.9609280903543271 0.07103975334181789 0.06290906615858294
2 0.5415231376312439 0.9682399695038892 0.06913208167568152 0.06352006099222152
2 0.3721119284591419 0.9288599580371616 0.06908662834181778 0.06289770320973331