2 0.6208521841177999 0.6820818557981343 0.1337684484924897 0.20995039462538867
2 0.6930785151720873 0.5091078164061826 0.1285468022806624 0.2174216248941192
2 0.6004648322140153 0.42030622750958946 0.1511472026599645 0.23234482224210717
2 0.536210433356771 0.5947783655931819 0.12376383636936716 0.1588278748941192
2 0.5418113354332347 0.41096673403373885 0.11116804811318737 0.1950271972774007
2 0.45399978184198686 0.6093786451194989 0.16701118978308682 0.2838086117046461
2 0.06913431025328189 0.6906668322489162 0.03686974318710817 0.14210383550216754
2 0.49248446100703713 0.5639641287120679 0.11009196136936716 0.1580315788544906
2 0.5657667483149613 0.48806792483993056 0.039301487123122314 0.05282886838761658
2 0.7193055951030157 0.6861596519436437 0.0852195715959787 0.13908837492941295
2 0.7723192182065048 0.6143875796309495 0.08462178144328791 0.10795213150650262
2 0.8844053714184505 0.4008249580430219 0.16948287235458315 0.17120990116718493
2 0.8649731621449437 0.5834797606420936 0.11933935114275585 0.17606473016284974
2 0.8846450032313422 0.259517418580483 0.1270722962166766 0.12791914462538867
2 0.9280910827878177 0.5513486028095849 0.0793601965959787 0.13874710519814348
2 0.9271939140414546 0.6485401949064891 0.0874120060639858 0.0945077696606822
2 0.968669639211709 0.4190961653801721 0.06266072157658198 0.1929603157003109
2 0.9631295315369013 0.15749117195726187 0.07374093692619743 0.13127587492941284
2 0.9646838342856298 0.26812712589998644 0.07063233142874048 0.0847421446606822
2 0.9435574564529863 0.3080900469219683 0.08517995530538136 0.0671640196606822
2 0.9720170706598461 0.36824840549689053 0.053890016669899454 0.08866765785015551
2 0.9569905055023062 0.5467221982479743 0.08601898899538751 0.15664723673993963
2 0.9278314816571849 0.7044317705606686 0.06792069469946771 0.07004646046687402
2 0.8118205596794794 0.4972858527037041 0.0567997348521585 0.1005001644272453
2 0.8109824930241275 0.7995459382058716 0.07254422841371966 0.12668708546687402
2 0.8235777977629802 0.905763737551692 0.10985297424624485 0.10747784200867017
2 0.7831601240881133 0.8914373065934883 0.04826995113790655 0.043632026273065616
2 0.7756668108270843 0.7996404315934883 0.08864752500484907 0.13345651308359252
2 0.7645854672703722 0.9042936223643865 0.12236888523146083 0.1179260064712091
2 0.7451141252235953 0.8701043032696498 0.14959281932501467 0.18948982881919685