2 0.3855640753647547 0.34152309594409486 0.20439981288657594 0.22123915041956288
2 0.674428332739326 0.6311718254487864 0.3603708871279716 0.20588331639856916
2 0.5987742094486105 0.5117072173077526 0.39891515190136007 0.2262734216899409
2 0.23539295168746316 0.43345570720282267 0.22532633636936716 0.16847563693471201
2 0.6031784030125962 0.4220854657518083 0.30584314166989945 0.10858134129367836
2 0.1785139842541102 0.6784551874941945 0.17709632386694263 0.1007665347552289
2 0.5094892780004733 0.7494570549650887 0.1817997348521585 0.11082815768063625
2 0.3753610594437613 0.6567453542424646 0.10658445303441755 0.11677494813518896
2 0.06715469648418104 0.7083463648834591 0.13430939296836208 0.16566365664334004
2 0.40045230585008884 0.5277056745221863 0.09622103788172676 0.08493295228437381
2 0.2884466745988766 0.5682201789335979 0.09267359091129512 0.06525370332167002
2 0.23615065755452413 0.5430672748893037 0.1818396734876404 0.08753865664334004
2 0.158602189009935 0.33282721524477116 0.31720437801987 0.16247056951045769
2 0.1597600870940274 0.7060803661771766 0.07521495947285628 0.08916433869463214
2 0.6926849310251925 0.8830946586947107 0.147361090911295 0.06939767427737586
2 0.8057070634118867 0.8657956558392433 0.1646999064432879 0.11535554201630238
2 0.5769720982616207 0.8501304079196412 0.08326676894086349 0.04513045747085487
2 0.5077358461778831 0.8660525591142736 0.0798388155319929 0.05069383454544729
2 0.47943469713341236 0.6420654717191643 0.20882462045807215 0.10899389315848929
2 0.07083379750301622 0.9156578902972166 0.0642138155319929 0.04950984284381699
2 0.01793757271933773 0.4348360186713319 0.03587514543867546 0.03657796265733615
2 0.6864665918231818 0.8165998399709333 0.04779165454677692 0.038560226142187126
2 0.16868893481821431 0.7869276244755463 0.08876734091129507 0.06495770539626244