2 0.6021879520694923 0.6617835776546119 0.20815471352436377 0.17106953283380166
2 0.37494604314322677 0.19515779798841365 0.13323445789498023 0.1901576278286704
2 0.5080306061046521 0.3663226136853185 0.20730181600682962 0.24916044398725323
2 0.3950300431778351 0.737235207604785 0.12887403223052885 0.3658479742378744
2 0.2775007720907169 0.2904865967774383 0.10779436690199373 0.15877127244247613
2 0.28970106704503673 0.633316849021686 0.21884294416759054 0.36832379488495226
2 0.40477692299972423 0.4167465818976175 0.08708719347545246 0.1098408809028304
2 0.4254069035275947 0.5709809606789451 0.06472668491602096 0.09604401346548563
2 0.3319611842584912 0.37809314805620026 0.05000404842654127 0.04910083577238855
2 0.21333881284606898 0.12771314037080017 0.0985061536083428 0.07476417154477705
2 0.16854323912191027 0.7092450717224801 0.14485128199981612 0.28003546667521895
2 0.13546976692275872 0.48279051973655057 0.0687580968530826 0.09801986436318477
2 0.1961912698528068 0.5156527562710649 0.05017867635658935 0.08229259782353893
2 0.5678104005975466 0.5369369774640804 0.1626070288390553 0.16104256001026274
2 0.22785759754522056 0.35427564037080017 0.0720880031607607 0.11951560231203429
2 0.1856293404854213 0.8996463518503564 0.02851967342654127 0.04897584333504379
2 0.08296960691214643 0.6696889345485848 0.08030221892303449 0.06489628000513137