2 0.5133530869792575 0.4779230225257042 0.18802650039571134 0.16303686824644226
2 0.350032314348041 0.5437334174157947 0.1940772662640825 0.1029450195548014
2 0.5466159777487007 0.5786603317018657 0.15300481113080422 0.09860300643591557
2 0.15500983628676254 0.724105279438083 0.26770681446276295 0.15402901290712445
2 0.555005585989979 0.861853825107129 0.21992253233030934 0.12004885505696894
2 0.5873324228861028 0.7258079829749313 0.29412038186177325 0.190664098409292
2 0.5828549359171544 0.644355147455117 0.2357180227301443 0.12681828267368767
2 0.2617931939502678 0.617829690523843 0.22326048099752582 0.10074511821114873
2 0.3250244710847832 0.6635758450678069 0.16840249059769075 0.09170055905263386
2 0.29166424155538107 0.8015179339114596 0.13208873746358774 0.1168829340879276
2 0.3829617389159172 0.5886929075148664 0.10108695846523719 0.05658283543158049
2 0.33728604298709247 0.7464602693959803 0.12056137833195879 0.055767276202478566
2 0.30234666328593784 0.7033401477198189 0.058402359131628945 0.06384581573560455
2 0.4916263622499379 0.6194773383318959 0.10315374373179387 0.060602842008670166
2 0.45042521765389654 0.7579409633671894 0.040426423198680395 0.04915013154179615
2 0.3871116309556285 0.8158810686888603 0.05208834306540211 0.04787954600433508
2 0.7538833551903089 0.8851757459702898 0.2547737311953815 0.17862334186749584
2 0.843002050343505 0.41103974918824754 0.27718828879637103 0.1448321707925736
2 0.8801937349072576 0.3095148642873192 0.18470945219703094 0.11604811166935236
2 0.8168249614014844 0.10039838080063095 0.18799057073096925 0.09479124982353207