2 0.3608548699818701 0.7447855374792351 0.2867080955329393 0.1352108189368777
2 0.7241816041113113 0.7224819796857679 0.3377622503095863 0.14432440430048077
2 0.6741119447865503 0.4886570934270009 0.37083161548723265 0.18538949529346715
2 0.31224070279922633 0.5422106512204681 0.2273919845938206 0.19956501195090492
2 0.5317317669541108 0.39689507248984734 0.2450129011572919 0.1598010063215214
2 0.3130968235606987 0.4344132904092831 0.18519377222835032 0.1715459862726103
2 0.31138712985770023 0.33461617250369063 0.2267552067816443 0.18589313695090492
2 0.5147289249870501 0.5155219347660563 0.11546448821317568 0.054134392349575844
2 0.4031974676875498 0.5393203086471012 0.08244329973094033 0.055912889419527545
2 0.5627491059209888 0.6632841590877616 0.08580374017764658 0.044444463293650927
2 0.9400258602129932 0.8521815401439622 0.11994827957401366 0.10596640383905531
2 0.5812262879919561 0.8707287428709842 0.08562180365988192 0.040538213293650927
2 0.09609661626119838 0.46497040889165725 0.15234913513193984 0.0934966822166855