2 0.46488908938341744 0.36667451403250906 0.14744761941617424 0.1497574582062502
2 0.3713156407692423 0.44466150253962705 0.16842897642635135 0.09756859707395849
2 0.3134201633606554 0.5332551165927955 0.2405126649085868 0.09534434816605919
2 0.33358280604089185 0.6041131304605037 0.1675674705329393 0.12096063758498277
2 0.5399880484925953 0.4544531233360248 0.1682470399085867 0.09366234707395849
2 0.5727095512845082 0.5285363113820751 0.2222549705329393 0.12223350327630222
2 0.6136716144571573 0.6565804641174918 0.245055692720763 0.10910714214401063
2 0.37597627300795256 0.7224143879404084 0.10560789495429335 0.04733122791571187
2 0.5182119207541589 0.754075972880122 0.13972070254311664 0.06763528922829876
2 0.3864615663811014 0.8331296263522139 0.25855101633493827 0.1894125645888891
2 0.3456198002009563 0.9523221766355687 0.08267341294411612 0.09535564672886254
2 0.2598669292846908 0.906437553546745 0.12513914495429335 0.047785822805468836
2 0.598075943190779 0.9074661076395405 0.09398011321317568 0.04901159598185778
2 0.6714732862948681 0.9688093402095925 0.13349745450758732 0.05968641076137171
2 0.12569798309936575 0.8065302423294707 0.08694353597964538 0.10737804853697908
2 0.011630329561063876 0.6558871406011719 0.023260659122127752 0.04614928120234385
2 0.026987665170333026 0.5959994281913195 0.05169093258882322 0.02071319671336802
2 0.02498381565497575 0.6642678842133681 0.0499676313099515 0.034566909669270895
2 0.002793090365652798 0.744595219889757 0.005586180731305596 0.05169043977951393
2 0.002520185589005833 0.756313969889757 0.005040371178011666 0.05169043977951393
2 0.23741137691663067 0.8218394754455731 0.15334978597964533 0.10892367116215285
2 0.1774373818756475 0.03150329324127619 0.164656486248705 0.05846063758498278
2 0.04569234026151796 0.42921180839171014 0.09138468052303592 0.04319768047083339
2 0.03579812345206865 0.6167345381361979 0.045922525847705536 0.022529943246440975
2 0.05187414301656096 0.2993062661472223 0.10374828603312192 0.06304714689366331