2 0.3509123149340145 0.6507682720338365 0.1900497108250283 0.23597615664334026
2 0.6792947659652998 0.3489161244639354 0.392275341223699 0.1463432956526447
2 0.7653049680001838 0.21994929095578425 0.37261892928663753 0.14291018102560682
2 0.614214334325396 0.28776383763991964 0.21897409392303446 0.0807330108974158
2 0.5807769943360083 0.4759152637296612 0.2940689774824661 0.10002884648015953
2 0.3074646562730699 0.4946819935081904 0.22122700879014423 0.1158892608974158
2 0.40286350054217335 0.29503266259327976 0.09788034392303446 0.07155707520978138
2 0.3442682535875778 0.2236707538811526 0.09397409392303446 0.07126107728437392
2 0.27119206990586825 0.39344578318767354 0.3338067531607607 0.14385645177153128
2 0.5825363886120334 0.17548944189399523 0.05939418761535631 0.04726071991840963
2 0.2109637299510888 0.0442669891025842 0.23094316779715784 0.08552725467363848