2 0.3119138928571409 0.7348712865269298 0.13423575339147342 0.21213103277956824
2 0.08196453578349834 0.4213640066829706 0.08122781847545249 0.11369774992941284
2 0.18461714219961117 0.45916646402012073 0.087788699104836 0.09462152623777209
2 0.13089722297203762 0.21497768104643775 0.26179444594407525 0.4020758879071245
2 0.1098902596783866 0.09186429616315622 0.13288520203488405 0.13032729593374792
2 0.05466950329918697 0.7888358981256951 0.10933900659837394 0.16216534200867017
2 0.10619834015088384 0.8023091547557253 0.10491564234957579 0.1189690788544906
2 0.0029720263358243995 0.5086849375176468 0.005944052671648799 0.049036374964706475
2 0.25091284219268956 0.5632990298792528 0.035755829734219424 0.07213260523343701
2 0.30408229006321413 0.401616697683277 0.07574392928663742 0.11921585519814348
2 0.3351838920842548 0.49320532271857054 0.05824150023071262 0.08900892758142498
2 0.34734220581856623 0.5615743293133072 0.05117997185308254 0.10027265127306562
2 0.407248659203118 0.4617663359433374 0.062447540097822385 0.12427893415851465
2 0.43800100536406256 0.6195336978244513 0.06688066779715784 0.07199958546687402
2 0.5592708802487063 0.6552789051792482 0.04401951148947969 0.049263888118886046