2 0.5213271498834983 0.47510242270401515 0.15341118776222684 0.12813942324007965
2 0.3931597414277925 0.5391878568357051 0.17628583039626256 0.0968602847552289
2 0.5726398122261622 0.5411229527856055 0.15722771576922479 0.0759970440908948
2 0.3003257204196413 0.6238988106760234 0.3294884356876343 0.14536557988341992
2 0.6737123010723252 0.6295886978555457 0.3182136825757458 0.1503369611071972
2 0.6626875316201183 0.7110133827623052 0.2423669439860041 0.12322862552445368
2 0.26241576709797115 0.7141574190792839 0.317444549277376 0.1658139621444934
2 0.3554246190152275 0.780902221462743 0.16909446473192857 0.07883816286711753
2 0.11415309800707635 0.8768610964685484 0.14447297303029827 0.0614371753146723
2 0.5529268117017085 0.7756459517483093 0.06682110840326061 0.036133965769224785
2 0.6063854590035773 0.8133461693298998 0.09771683350815108 0.0850809512470776
2 0.003958760623578027 0.7719720796153876 0.007917521247156055 0.061524590769224785
2 0.019036625769263935 0.7328501493764612 0.03807325153852787 0.061643451247077596
2 0.028906542004691425 0.6747149655069979 0.05781308400938285 0.10760131898600411
2 0.05111403603733542 0.8794522315850893 0.10222807207467084 0.10047053682982132
2 0.7990934079138358 0.8201046475408735 0.21789575778552717 0.23594701815848929
2 0.6136216856644123 0.7691048589044922 0.06847823547785303 0.03237571473192835