2 0.7228567351355033 0.18423821535655321 0.31713523484956596 0.12255335272508705
2 0.2307097955466142 0.44555762811150157 0.35470083776527794 0.22688724852664954
2 0.7669343435375431 0.3872032906321608 0.24954867116215285 0.15416539561093767
2 0.6886477857871958 0.5217659809577251 0.3001935426952258 0.14948796732430591
2 0.2749026856970481 0.5597009753760849 0.34747767809600716 0.1681571200597225
2 0.3400125237482633 0.6557888730064233 0.3135017417834203 0.1341811837471356
2 0.6074542702813363 0.655420298016753 0.22588387371727436 0.14385425674322927
2 0.5031187414538187 0.7769248164434892 0.22920078338654548 0.20249346623220488
2 0.19460706140789924 0.06769694635794254 0.14716790036059035 0.11664525218420152
2 0.28947000237482634 0.05963278614262128 0.08784679853697919 0.08403146751493062
2 0.36262045438389745 0.10380376306154485 0.15025587955902786 0.0815799211621529
2 0.6977185868638021 0.0481786279467008 0.07176720364722211 0.06413654160312507
2 0.8746135943437066 0.007123259048567367 0.12186656131258689 0.014246518097134734
2 0.8791310979059461 0.09568597822747321 0.08902711222439241 0.05087380200390634
2 0.6793903802957031 0.08081432584748206 0.0833950346692709 0.06050304853697924
2 0.30263774043120634 0.2906462334973522 0.2700783968936633 0.11364982498967036
2 0.4630204713631074 0.31912238815685723 0.07594621058107642 0.07594621058107642
2 0.46660768842730005 0.374672801934418 0.0794887846692709 0.06041212955902786
2 0.4434193991036889 0.4064455860576385 0.12822599069131946 0.057642366783420274
2 0.6284678527509111 0.3396723940939231 0.062183416603124986 0.07172174415824661
2 0.6016225241036889 0.40276336745060715 0.06767911569131946 0.05623312262517366
2 0.6089349697249562 0.4240659044947043 0.16338224069131946 0.058460637584982766
2 0.4388288072301211 0.5617417533021263 0.08766496058107642 0.07621896751493074
2 0.5510425757521696 0.5630340826860238 0.09084385875746537 0.04505988649288195
2 0.9487299941840707 0.5859869094349819 0.07535523722439241 0.050555585581076645
2 0.9587204670900167 0.7019023602566398 0.049555476823611055 0.03238648722439241
2 0.9563801199207459 0.7605188400011276 0.05178135875746537 0.04415069671336802
2 0.9478013407119787 0.4581481409129332 0.05814078813619794 0.06577145018029518
2 0.9556146572249562 0.4159968452015183 0.06795187262517377 0.06795187262517366