2 0.5387791283974388 0.56082722054999 0.12387004487942743 0.28779115193097127
2 0.6508159580414494 0.32121212626228896 0.2011313145888891 0.25113629488495226
2 0.15971785275091116 0.35546940110105896 0.14462543502986125 0.17269313231716565
2 0.4139374200958762 0.5952619232980454 0.1759679870337676 0.26075420154990825
2 0.23140870203489522 0.7162868445038892 0.13186438283533009 0.2956491037263693
2 0.4269112051205727 0.28963194964459393 0.15711699634244813 0.20596443501026274
2 0.5259304232768661 0.27360421606149476 0.09752477061093767 0.24662780859592748
2 0.3060212063079858 0.32213625329034834 0.08612097098185778 0.09228548180052942
2 0.4812796721847653 0.3456198561868053 0.06531848831649323 0.12145736436318466
2 0.414672937049262 0.14403323355379774 0.11392258192352456 0.27992183718672375
2 0.47002123266536455 0.03203534567273484 0.0755825346692709 0.05902554205628184
2 0.2616270145090711 0.047426754120260727 0.0639092441582465 0.0609104893631847
2 0.3385643522048608 0.39264760489521494 0.061139481382638916 0.10971588846548563
2 0.3598189802210499 0.528531829255834 0.06381995820625008 0.14097725141433526
2 0.3155562678111975 0.49995016893229494 0.0638637846692709 0.05895736436318466
2 0.18785142821714357 0.6154338777059256 0.08276186787552098 0.199673267953981
2 0.4885052813929686 0.16106658811007957 0.03311383904800358 0.08025993218159233
2 0.24543295438389748 0.11374778200388931 0.06032121058107648 0.07455963846548566
2 0.1704113147100256 0.5254764982174304 0.11214802882751745 0.11977695013557321