2 0.6914348924482228 0.39741911305367705 0.1989944277582958 0.22573739627037792
2 0.5306748731716283 0.26292265403268317 0.12189218546893366 0.27841118776222673
2 0.3925358588631143 0.6400855147727629 0.13830129971375593 0.32451705446385715
2 0.36070902089815216 0.3853215627506158 0.1750114569792891 0.1927114087179327
2 0.3548985658465225 0.22050449869467148 0.1643737631875144 0.36550354097900617
2 0.46108768211829204 0.5899096765967787 0.1905242958584371 0.299216151456859
2 0.6102169059418387 0.5062481314685876 0.09790921468992675 0.24538520020978138
2 0.5461607807391441 0.4778549727564605 0.0629333096581548 0.1413067178438172
2 0.4742679489625497 0.3366245609324447 0.07098445312397017 0.15557058869463225
2 0.41841859881942767 0.49829109231355806 0.07242619926865135 0.12642171265733615
2 0.2706117994076543 0.5456718259790454 0.06875859273446683 0.13979758973192857
2 0.24797324167715895 0.42515550258743506 0.0644432396502117 0.116064091806521
2 0.13125092532184007 0.40466456586831 0.12392337966609779 0.17128531068763442
2 0.03998025720184138 0.273703206171332 0.07211937195546003 0.10884358765733604
2 0.25918726663332475 0.8995428791433794 0.26262934658978565 0.1837463620396027
2 0.4754507741412678 0.9085796187646117 0.17385233157389957 0.1263051587179327
2 0.5123094023885024 0.8353811389918879 0.09322873579489288 0.0889872012470776
2 0.6297306031794239 0.8959111382110131 0.06766765117645335 0.07729758973192857
2 0.6599968800673681 0.7811644678264007 0.07153980925276526 0.07564046265733593
2 0.9339781397097844 0.6200561807343526 0.13204372058043123 0.18463204927737586
2 0.12854505326297316 0.5857726252564213 0.09309236810014115 0.0811747012470776
2 0.9392359633703515 0.2524986833275932 0.08932248579489288 0.08869120332167013
2 0.9664554489625496 0.29932882233109215 0.05769747463432573 0.06483884491840963
2 0.912608143767798 0.2955862938054461 0.06841767349758765 0.12026633973192857
2 0.9761506721780123 0.3618433915735176 0.04769865564397535 0.07445647095570584
2 0.6922476491412678 0.8921517339044922 0.0715057173290774 0.07368733765733593
2 0.5992234648885024 0.8287951851515698 0.0437187723211343 0.046224727179483116