2 0.29004070582577335 0.2619857913430119 0.28247936246358774 0.11587570692352456
2 0.6446106239275877 0.1892363096049474 0.33331744259686613 0.11901077863689263
2 0.6545304178208249 0.42940249537148384 0.36375092026243294 0.15875517097152814
2 0.2931918425865569 0.47103835557647544 0.22202524726160833 0.18473350327630222
2 0.5399466537173611 0.5551996694545134 0.2383531093294846 0.14217388867708358
2 0.3196697547169487 0.574985029208767 0.17837453566226813 0.16029589451883686
2 0.3430190738808663 0.6721639545745224 0.2177211863286599 0.1709707092983508
2 0.4946867335538559 0.44387236096749094 0.11257838793212371 0.045559940871614746
2 0.3815191438204126 0.4504152613280813 0.07954575333195879 0.05064650455902786
2 0.5048455905248661 0.2892345398001732 0.08506414753228864 0.039064133025954906
2 0.845692674765732 0.024315794905251417 0.1640415995314639 0.048631589810502834
2 0.47050128389736084 0.08286245239032079 0.08495048726573196 0.035157883025954934
2 0.09962017624964975 0.6025828889630207 0.15852320533113406 0.08176175911805572