2 0.3598295518023642 0.703125 0.0965326095938206 0.185546875
2 0.4484666260891884 0.75 0.10457522280699627 0.232421875
2 0.5700580089470713 0.78125 0.1176584966902312 0.26171875
2 0.3724928430027726 0.494140625 0.10738985370040843 0.208984375
2 0.47053705438600746 0.46484375 0.13632824079681893 0.28515625
2 0.5952213580458892 0.4296875 0.14727106803034928 0.2265625
2 0.7128824025560665 0.482421875 0.07432048852276196 0.169921875
2 0.5624195125129499 0.546875 0.05669418682735072 0.126953125
2 0.8694374733783288 0.3291015625 0.08026544664970459 0.087890625
2 0.9219284170813271 0.2294921875 0.0532855696852339 0.095703125
2 0.6389712711982749 0.6435546875 0.10029971463952725 0.140625
2 0.6092249400358032 0.5693359375 0.04755995450758732 0.056640625
2 0.435081118695685 0.5341796875 0.053697619416174125 0.146484375
2 0.2740766808860987 0.6572265625 0.17161286548723265 0.162109375
2 0.41488361740386337 0.6533203125 0.039249821649704475 0.087890625
2 0.5216446262439816 0.6884765625 0.05065287530958629 0.123046875
2 0.8349070861806016 0.83984375 0.23997762561917257 0.24609375
2 0.9182386727186296 0.7490234375 0.10712233405570126 0.287109375
2 0.8689049819088608 0.4873046875 0.043289831472058005 0.048828125
2 0.8447129549241267 0.56640625 0.036477982319763624 0.0703125
2 0.8114134765333045 0.65234375 0.08240050816746902 0.091796875
2 0.8505805523680602 0.083984375 0.08008889526387963 0.16796875
2 0.789008938172649 0.126953125 0.058781071649704586 0.087890625
2 0.771050929487324 0.0302734375 0.08289814102535198 0.060546875
2 0.5245023381929124 0.0400390625 0.06818282361417527 0.080078125
2 0.3887146665634712 0.041015625 0.05042276209641061 0.076171875
2 0.5949058064517947 0.0380859375 0.06800088709641061 0.076171875
2 0.7815950250737399 0.2861328125 0.04424769075629231 0.111328125
2 0.959971563017856 0.1884765625 0.04924555986288004 0.134765625
2 0.9160154802539763 0.3564453125 0.124283024192821 0.15234375