2 0.6451603384090306 0.5576171875 0.16415477502386255 0.17578125
2 0.523987729252837 0.634765625 0.07512918503340749 0.24609375
2 0.5191937708863612 0.390625 0.08048857336090776 0.203125
2 0.441911710097041 0.71484375 0.10694735170670278 0.294921875
2 0.4377065925365892 0.26953125 0.13181663172340652 0.41796875
2 0.3053065934317 0.724609375 0.091957330024658 0.181640625
2 0.2770617191975554 0.2275390625 0.1334288567194294 0.388671875
2 0.4049507426101654 0.8115234375 0.11632525501272672 0.09375
2 0.34773195595953965 0.9296875 0.07964768668443101 0.130859375
2 0.6549173367878354 0.892578125 0.10120024168522646 0.13671875
2 0.5528896242938011 0.9365234375 0.06983660835056726 0.126953125
2 0.21179385507834866 0.5771484375 0.07703548834340862 0.07421875
2 0.15274694009584788 0.7060546875 0.04158379167329518 0.048828125
2 0.19813402758988224 0.662109375 0.08464344834102233 0.056640625
2 0.1762178459181779 0.625 0.0453764083386361 0.0390625
2 0.198941508444029 0.8154296875 0.06352270001193128 0.087890625
2 0.2949294009587442 0.923828125 0.04530822833784076 0.033203125
2 0.2399471384666984 0.982421875 0.059002830004772466 0.03515625
2 0.26357644677948344 0.8310546875 0.06059369668999892 0.171875
2 0.5675487409491993 0.853515625 0.07701276167647686 0.072265625
2 0.1466275767822674 0.8515625 0.0773763883473857 0.103515625
2 0.21392810923573546 0.5087890625 0.05729969834102239 0.056640625
2 0.186092999184431 0.130859375 0.026299691677272252 0.078125