2 0.3914089915182276 0.8089734893819635 0.14936182457615677 0.31082547841371966
2 0.4317712157755202 0.29227256381058553 0.17455589714930475 0.42147593599006505
2 0.5711111009077534 0.5808770588820817 0.21086224293136535 0.193677594704317
2 0.5489596014375574 0.2040236192983443 0.13417596771944384 0.33673433864033114
2 0.6275826209358788 0.4169343747885277 0.16601385367592547 0.16868571136936716
2 0.6552588281104741 0.15993916626392685 0.168893074576157 0.3124198003841514
2 0.269231993049536 0.5366716617341218 0.16061752662604123 0.23999474318710812
2 0.633174614750578 0.31222300831070393 0.06227954276631942 0.06907665871425195
2 0.25322672626128334 0.702228798288291 0.06938286145162009 0.17243285151720866
2 0.3808274992348367 0.6318170963893555 0.053050451460995074 0.11874188333494962
2 0.3842587488813068 0.5361339407070965 0.05515054795011565 0.07625142992607925
2 0.4994701047365154 0.40280368899781205 0.055247938501504446 0.09952949772903597
2 0.5221864710184018 0.4825829189214667 0.06686929795011554 0.07720802310833819
2 0.18571686563391188 0.0769691971576582 0.21908998126782375 0.1539383943153164
2 0.07265518720555537 0.08848873749757541 0.0470936859096063 0.09498551894086338