2 0.4896666299682666 0.30155946301321357 0.24476814574468309 0.24040181646588765
2 0.6638495790765279 0.39629224851378053 0.3107512837341333 0.15308163769868977
2 0.3390296225527488 0.4599609788963872 0.2678235974700529 0.12430559051250478
2 0.8724311464475716 0.7634301714911806 0.25513770710485684 0.11683411365207252
2 0.8780916675800163 0.6180928705609646 0.20237337810209333 0.13565850816344338
2 0.7967513538195087 0.5321646636654279 0.40649729236098264 0.1383247116526396
2 0.3389881038440967 0.6265439386289058 0.33383350465313977 0.20454493397782558
2 0.2834806940439013 0.7522228734077581 0.42117782643483104 0.19980164223393615
2 0.36245906533614236 0.8368117969545168 0.24879758695244192 0.1587115896054554
2 0.603343312839715 0.5062097740368057 0.13077724752816078 0.05912080081438198
2 0.4303823987015068 0.5264726473385412 0.15517077816020086 0.07361113134934483
2 0.571621989822104 0.5401724430483181 0.07318059189612036 0.04347099160488854
2 0.6821918006257881 0.6307354531416941 0.17860827816020075 0.07442958688430767
2 0.48943317717683466 0.6882999107224236 0.1686650136197041 0.09941098411682625
2 0.6670720401081771 0.665277861490472 0.10774947494189213 0.06416172027941913
2 0.7409355110271835 0.7185144780953605 0.08513142976935528 0.07506201474445628
2 0.7318117013141496 0.7552146253278791 0.05573904270069763 0.04481027495366652
2 0.5422081609400219 0.8021733046644357 0.07636289913731509 0.061117321232802
2 0.5664923399338537 0.8429626180714849 0.06968406930985216 0.04919395734906118
2 0.3822563196741552 0.9317584480469006 0.18393473453871056 0.1364831039061989
2 0.6829898136398265 0.9347068045486016 0.1943287902288584 0.10420389427970278
2 0.8501596406803232 0.9152158798631254 0.1498710909753278 0.16499877858186363
2 0.47905874340918164 0.9917627975238756 0.08798613706865743 0.016474404952248722
2 0.9628522249541862 0.600688368631032 0.07429555009162758 0.107992321232802
2 0.9119040563204018 0.36916244689837174 0.17619188735919633 0.13524928039596196