2 0.25528152343389576 0.5149051868808274 0.32893332081872195 0.17339482423334784
2 0.35652731077091615 0.6040158056778291 0.1652557173290774 0.0760007087461152
2 0.5533887753615552 0.5156809649012735 0.10858100040538954 0.07140950423852788
2 0.25914652089815216 0.4003744696041805 0.285896386971346 0.1674872725379366
2 0.5061073970150327 0.2706119540966845 0.170662011971346 0.16212014526387963
2 0.23777924969389835 0.24010585556356256 0.26222024350553064 0.15272377843134877
2 0.27318624644666367 0.3088264110331219 0.23618187195546003 0.1144318160658786
2 0.568307730313897 0.3625185005713325 0.13513075081077908 0.13899834160399793
2 0.49801176947516995 0.7586898717971842 0.12334381696340302 0.13454628205070396
2 0.43922062854509814 0.8620958253225361 0.2071236404212755 0.12673916718264389
2 0.17035417105701267 0.9127353825482967 0.20359240158184266 0.14804160566487923
2 0.1667475877581483 0.8180997883071789 0.22271454849758754 0.1255137882537023
2 0.24486270240836 0.9258801512107684 0.12992900771063776 0.06459765508623327
2 0.45415390472155137 0.9337246725103598 0.22035232041333241 0.10198531999481997
2 0.7992653637319067 0.8277340565587479 0.08661933847375858 0.043065103390822035
2 0.8248852536485051 0.5597224860460718 0.12974866274240981 0.16606918682735095
2 0.4055918612995701 0.44730827181744753 0.11814207386326192 0.0601455955329393
2 0.4401636059219812 0.4681772647870069 0.057424739244822276 0.04755995450758732
2 0.3517203495309188 0.3286251806778291 0.13380116578694978 0.06282646660399793
2 0.4212707239228346 0.2256954642286243 0.13098585734496337 0.12514453008623327
2 0.43493765624794045 0.2807682330458892 0.08483667309219811 0.05273976013193982
2 0.48730418069942893 0.3692233708149488 0.08661933847375858 0.04306510339082226
2 0.4799860135929039 0.39790755635047814 0.055335246550070605 0.03965648624870499
2 0.47480353439176826 0.4929525077565663 0.04745456270269477 0.035386363213175676
2 0.5088639001588604 0.48452462572612565 0.06294319500794288 0.028301609284234308