2 0.7033699537839033 0.1557368814136279 0.1505585260260105 0.3077787452503473
2 0.6302938447501645 0.6639828795848519 0.1764601443430398 0.4176083401401043
2 0.5102362693783336 0.365588252756076 0.21197874982353215 0.1902292023644967
2 0.5076634696795774 0.7411564963682722 0.13445923652817804 0.33276023484956596
2 0.4421314797569736 0.5226573400706159 0.1655780393213645 0.16379300911805572
2 0.3981554499130143 0.7749976872398868 0.1700897760260105 0.3082333401401043
2 0.8077552824619261 0.4368943294097216 0.16197453267368767 0.23587679616215285
2 0.4305824533427336 0.6265821004713973 0.06246147362105359 0.0677700346692709
2 0.8344462990634718 0.2739439538636712 0.07055745378390332 0.1732842441582465
2 0.7019461740105313 0.33276745084748205 0.053586638048298774 0.1163254027354167
2 0.6937346147108423 0.42683566727031197 0.05510399992941295 0.07540069671336802
2 0.5698143909133208 0.5490220780316836 0.0544021972774007 0.09683961222439241
2 0.5523413021755488 0.4672863147100256 0.06682274992941295 0.07567345364722233
2 0.8584943609634808 0.9050988155420132 0.21981051301300525 0.15725337480937518
2 0.974534663597846 0.8994642884479593 0.04636218412322113 0.09275152426848976