2 0.7325448913090862 0.6067916859285183 0.20176941853213637 0.0882328933601122
2 0.5547980587105836 0.6603535317373264 0.2111256077564876 0.08053402669477139
2 0.4723781355991058 0.5588698908935199 0.22191482219560954 0.10017891002943058
2 0.6505855834452132 0.514097107584712 0.14728663641996076 0.09150279668602179
2 0.46637767978174016 0.5002420508931222 0.18902707909301442 0.06856528335852152
2 0.6698775462167696 0.43526826508789374 0.2748539150834337 0.10469878003658928
2 0.8832689627147707 0.0376048401197104 0.16106917542954147 0.05652836002147628
2 0.7817576421867267 0.03739961593925649 0.13382778437345344 0.05816331168443101
2 0.6227895232632767 0.46790322341459856 0.15037401486866342 0.07592325001988542
2 0.5412576103843352 0.5323443009030651 0.05026115021477073 0.027911916673295067
2 0.7298503385046957 0.7043570292607911 0.13567855042954147 0.05623291335136282
2 0.6551585156585882 0.7503343259169848 0.09897861120519025 0.06361360667965843
2 0.43335570655050504 0.8385183450528952 0.15169637607385322 0.13840052335295372
2 0.6178236601065928 0.838712890077951 0.16825921670039978 0.08198716502227166
2 0.2930419359150758 0.8241980758672711 0.11274454008343393 0.10281246668124933
2 0.5818319284239586 0.8968521067393148 0.13526911465389269 0.04842041335136282
2 0.6789722311715634 0.9067661392524392 0.08561381303692661 0.06931389501113583
2 0.4425804691011047 0.9558742425206809 0.18059212036387295 0.08825151495863826
2 0.18652883381178295 0.8961562066856241 0.1259129254295413 0.056119280016703854
2 0.18193233547934853 0.993743592506761 0.06126338760738531 0.012512814986477938
2 0.29667152589112433 0.9120773375338053 0.074099780924751 0.07308378500954493
2 0.3373330471202659 0.8871753358728391 0.0585771398686632 0.0748550966740904
2 0.3966903366667731 0.9210488975473274 0.0858268359904194 0.036133496678067534
2 0.574420559133939 0.9416603484046557 0.14708191853213637 0.08759654668602179
2 0.7349433705032999 0.9132732242599957 0.06145980042954147 0.05536930000795426
2 0.5354977908733589 0.7762690225672129 0.0974432270465071 0.03431673167965865
2 0.8377120660881296 0.807112679274711 0.1233456467660683 0.04437780334977193
2 0.946792499504394 0.8348775567910169 0.10641500099121193 0.08350848335056726
2 0.9304384766490077 0.7886723092874377 0.039156553878243905 0.03949430667170439
2 0.8397758550977101 0.7720018826085746 0.12807076831736564 0.06004825668363578
2 0.9465684206798429 0.776397440125676 0.10686315864031415 0.09538632001909009
2 0.9117234000444137 0.7535615126213013 0.1765531999111727 0.10208658169556672