2 0.7436603040781309 0.5673285669875048 0.2241447962992873 0.26233801019373204
2 0.5772860950883121 0.34263852574952547 0.08564336553203034 0.28759994573096903
2 0.5357377136945023 0.5880294136816493 0.09259228141946663 0.1393897662640824
2 0.49506735643229494 0.31279882884721627 0.11486069989008363 0.2747805227301444
2 0.35699138514583595 0.25137566574334 0.11454253732229702 0.22009302273014442
2 0.5271455494961923 0.12722518210635042 0.1519473489923846 0.25445036421270084
2 0.33192525528910627 0.4757756850425978 0.061580903345306526 0.17949610913162894
2 0.4076085234885768 0.3895749348447421 0.06323859167521895 0.12877168926490723
2 0.4336184292008758 0.4952814556121235 0.0708579215447771 0.09579588479802059
2 0.48470079734538807 0.5455616846468864 0.09631672423787419 0.10825342653063919
2 0.4793136358237022 0.7947840276133606 0.12332088797450635 0.3863359682632579
2 0.39363180217281646 0.8412298659776081 0.14217036104353498 0.2697167695960414
2 0.28123621108202024 0.8288725986411132 0.07331101629415604 0.18179021493129888
2 0.23529167068556323 0.6543984417065154 0.053018448721238065 0.05036253859851536
2 0.14041804095157837 0.7997612432371546 0.14151131001026274 0.1564355195960414
2 0.17141302570352301 0.9229038136713401 0.049407635391325644 0.10103012833195879
2 0.33457524834017516 0.09184454720940191 0.04709089602814087 0.03847329819868045
2 0.3081001128261047 0.07405706650865966 0.03541759782353893 0.045944817399010324
2 0.2783550524476075 0.1657582460744741 0.05565335065220944 0.16760686873179387
2 0.20174067354353503 0.25979991133896896 0.0970325900153941 0.23130030153063919
2 0.11889762380185309 0.2905355045032989 0.23661350092335587 0.3915852409934022
2 0.24637912592335587 0.37766185834020605 0.07115335821486468 0.1465771347980207
2 0.26441176887733675 0.4552753871407009 0.033850813084422726 0.11229423726573184
2 0.17454026260627187 0.6210039258381443 0.045535474237874185 0.10677584306540222
2 0.04637828575591555 0.7526844021345154 0.08593880220211782 0.33838119573096925
2 0.09167821513813892 0.14731886216680412 0.16382518027627785 0.29463772433360824