2 0.3276131777851131 0.6693995522806306 0.25325434679307224 0.25612130190061677
2 0.4775403548103916 0.3890365613107474 0.11289259699092802 0.32648356349787844
2 0.5198359501195461 0.7163408430596865 0.12322652332371153 0.3464127322240933
2 0.5623036791543089 0.7689127273276538 0.1324447474594641 0.26095273469555136
2 0.748514550921278 0.7866865319621843 0.15680655878812377 0.4266269360756314
2 0.6195367926071751 0.2804291947229996 0.11932027332371131 0.34625356473360747
2 0.5324372105111339 0.41767188555017254 0.06365163186177325 0.17621563735728962
2 0.6770223550082473 0.3209026445802893 0.09797045905880442 0.2829577272811775
2 0.913359286916742 0.6326482171082843 0.1159522662640824 0.0964127322240933
2 0.9483136958141029 0.5402113489047937 0.0762078046647423 0.07138355731923363
2 0.7282432168782679 0.44227161444709295 0.04218815733030934 0.10901354990485979
2 0.6812934219126183 0.47653420893388276 0.0547802597980207 0.0724612611215607
2 0.6698797230475462 0.5327769152076678 0.03881427899835055 0.0601058411596167
2 0.5701207581162471 0.6010633529455183 0.07632146493129888 0.07528980731923363
2 0.6190161634837936 0.6343427384492145 0.05549815106210332 0.16417855237631773
2 0.5765634636452369 0.4468460616907613 0.05041936873179376 0.05667709363107476
2 0.5705933640148451 0.5512188735728968 0.05087400979802048 0.07230209363107476
2 0.8845755264420205 0.34500331344866764 0.05367958679719598 0.10167855237631773
2 0.809124478342268 0.3507284017568125 0.06632851939818574 0.06707938859301865
2 0.8168024176071751 0.2884671529925415 0.07971624373179376 0.05787084980971957
2 0.8386352880049484 0.2101614279449714 0.08155570846523719 0.054044183554962544
2 0.9275308905715876 0.21280592585352742 0.07764945846523719 0.0538850160644766
2 0.9640640986253192 0.9397630213381956 0.022088605997525823 0.08868646245242973
2 0.7889217169771957 0.4066129811770042 0.05231566359851558 0.05480355237631773