2 0.6562857363557077 0.49631512676039335 0.1894388304577168 0.19735790002386255
2 0.5414070954094339 0.6855630275799395 0.1046483852270721 0.26857809834499946
2 0.30553554391202925 0.382769783378407 0.11950837873234699 0.31363633334659025
2 0.34553445262157445 0.6353933450528952 0.16785894338905938 0.1678337583545444
2 0.38532135035311244 0.7932108008931222 0.14163456901931326 0.3509729750159083
2 0.385156185463969 0.4042207525560769 0.17732373764080367 0.2752783600214763
2 0.5488977778204859 0.4246958434118146 0.08306849815841466 0.2390539566756814
2 0.4963821060969023 0.4768620517385194 0.05434560551582457 0.13528833833943155
2 0.46655991471928593 0.6377789609026673 0.06325071195244192 0.1510042450071587
2 0.37017345572366767 0.5066689083883498 0.06678829827463018 0.11786930000795426
2 0.21582882468933887 0.519533302534203 0.06202152971124747 0.13342612000715892
2 0.2278689373055544 0.640865682536987 0.058429495056321445 0.109965893340227
2 0.12368427285221922 0.7051363100234649 0.11625823856159634 0.1555241150143174
2 0.07251428227917998 0.8638501008513628 0.06946536603343562 0.10033662834181767
2 0.11232521936795982 0.14487283418204475 0.22465043873591964 0.2350581683640895
2 0.3071735436214904 0.07980814170908895 0.16944340471124753 0.13467608668840808
2 0.3655968013521352 0.15281238338437264 0.08917425557393244 0.07519599667806764
2 0.4597493814947251 0.050308095062838024 0.06337390316020097 0.06904117500795418
2 0.5204399795704439 0.14679529007198533 0.06896012655104666 0.0652031050087496
2 0.917402369886464 0.14457286595914193 0.06792196844716702 0.10617327667488596
2 0.8342512892834777 0.1875863851149379 0.1479179659753278 0.1617471166852264
2 0.07097666704585576 0.5364175800147152 0.09058107735562373 0.06740622334499946
2 0.9260834456664531 0.5375714342973803 0.07954520637850959 0.07703548834340879
2 0.9416946060969023 0.4820437317989712 0.05460537252816078 0.055278393340226994
2 0.8940206831373991 0.5069002801260738 0.0624723208608986 0.1119644716740904
2 0.9413187951479489 0.4175337901316417 0.05724137655104666 0.0650667450071587
2 0.5185957512359196 0.0334004067373263 0.06827724752816078 0.05543748000874961
2 0.44967668842079267 0.12447002839550851 0.04179401609154332 0.039517033338636126