2 0.4354010898469351 0.584672166819581 0.1212860006753812 0.2903414407562923
2 0.30851309937095245 0.35280941945670075 0.20006823774502336 0.2569617643704676
2 0.8014849525919585 0.35327248319504584 0.14265255262848053 0.17628965312176248
2 0.5626146287538427 0.6111384002763731 0.17501863588459132 0.2655448020049973
2 0.7525637723581642 0.7178005079057229 0.13139264881494905 0.30056190705070396
2 0.5302175960804459 0.306402723580962 0.15553078130301135 0.21003858767505645
2 0.43077873265022987 0.29688052987796354 0.09453128311710979 0.25009635339082215
2 0.6526506294292238 0.3297118488905482 0.08516866288402425 0.09366441687305749
2 0.4802175878011685 0.3656974387383451 0.0647073573027277 0.12196064102535198
2 0.5323691533600069 0.16075845869263847 0.1110429432799862 0.2762147244618807
2 0.47065661808129644 0.05126570952008071 0.07431176383740712 0.0619595755786459
2 0.6797774023371236 0.057093063220489126 0.062320195325752836 0.05360126602535198
2 0.624702330882465 0.40177144902507805 0.06039187953524627 0.11005995450758732
2 0.6130238648006014 0.54012493511899 0.06343627858186363 0.14140092276646965
2 0.6542224059751321 0.5087866594260775 0.06259301383740712 0.06141376602535198
2 0.78941584495154 0.6148547808067224 0.08117562204718398 0.20267554383752806
2 0.46123819782504405 0.1809211013728749 0.032093264744456285 0.08144264888323482
2 0.7001580986857596 0.11770951069763583 0.061117321232802 0.07499467276646965
2 0.801410524963478 0.5234672629716928 0.1115823573027277 0.12414387923852788