2 0.5523781209378673 0.5390625 0.16147594967404078 0.1875
2 0.521983143767798 0.3642578125 0.10099725852141672 0.19140625
2 0.44901590959446297 0.5478515625 0.09640917004765814 0.15234375
2 0.386073221387091 0.130859375 0.15105269277418198 0.26171875
2 0.17155778053644935 0.4853515625 0.11713363737673554 0.220703125
2 0.2967232974799948 0.55078125 0.18675441355318878 0.29296875
2 0.3770912038313422 0.5673828125 0.12319756391886305 0.232421875
2 0.467424850850494 0.259765625 0.0995896043004234 0.22265625
2 0.4106770074045361 0.3095703125 0.0888694054371616 0.16796875
2 0.2825647569991466 0.2431640625 0.11556540888709099 0.130859375
2 0.4715769049283652 0.3857421875 0.05450715503177206 0.1015625
2 0.3275328272097844 0.3017578125 0.054813982344963375 0.119140625
2 0.3769284116255293 0.2783203125 0.06352275771063776 0.05859375
2 0.4195876095746054 0.484375 0.06040062195546003 0.103515625
2 0.29327507051262025 0.4091796875 0.047522746550070494 0.037109375
2 0.24995329798879123 0.3330078125 0.04779548193957395 0.052734375
2 0.10844140117233411 0.673828125 0.17627285815574234 0.251953125
2 0.5513207645029705 0.8701171875 0.1432061008504939 0.259765625
2 0.6421020424043885 0.923828125 0.11398729504765814 0.15234375
2 0.8578030331714808 0.9169921875 0.09274156351347362 0.166015625