2 0.5102522904808482 0.29586590959978254 0.2030172747534711 0.44595219889756965
2 0.38399804991645065 0.3388598388832028 0.19802996854524568 0.27207861440859393
2 0.20117086139885793 0.7788390140583332 0.18740216010325927 0.33430585747473973
2 0.423349824467227 0.7463128823151038 0.21663085125588344 0.3310814998093752
2 0.617040740154889 0.48095655668407067 0.17367198660567174 0.21879872554088564
2 0.5506829033026883 0.7091555982871958 0.1492018435452458 0.27094212718420163
2 0.7087765919195688 0.5872638576911886 0.2031052293004234 0.22729311787552087
2 0.14262159547290515 0.27902166852721344 0.0862586485373027 0.2440967985369792
2 0.029283758111908087 0.7261760943437066 0.03504408887914795 0.10624156131258689
2 0.10750387327091618 0.6178669427957031 0.061252920047658144 0.1537075346692709
2 0.11695107447134608 0.1516374948949218 0.14447738737673552 0.22397620820625008