2 0.36309001154537107 0.34329908346091614 0.24025650848275426 0.21024442195770077
2 0.6541955030035316 0.7196968273779585 0.17028576107465243 0.2112856571289532
2 0.4984811510361702 0.597594987596234 0.2565154327288188 0.28486109068391574
2 0.5563502246699078 0.20308529515331813 0.20238837123032338 0.37801753583614006
2 0.7369700202043994 0.5966350413039678 0.14003711404351815 0.17696835969555136
2 0.6741366773677668 0.2693207898303883 0.2919877591898139 0.4011300543720746
2 0.5932068278741329 0.5158887190602994 0.10825058034884227 0.12507293726214952
2 0.5501876112743642 0.3736256057997247 0.08522831868530067 0.1066193910644766
2 0.6697939412105913 0.5302834942505799 0.05964291258252308 0.05886896986680368
2 0.8232997393960664 0.7332410621691968 0.11137593461365736 0.09406168849787844
2 0.7822531242929402 0.15690337319561734 0.20141269439236043 0.30013128707186904
2 0.8477828593304406 0.3644187721501688 0.08930544498124982 0.10873168355496254
2 0.7836347440500586 0.35243639011580896 0.06628318331770822 0.09027813735728962
2 0.41576462452829954 0.4530570911131405 0.19379674681921255 0.19083587081711206
2 0.7759461963943877 0.5181734720074584 0.09704445923668947 0.13045480979069168
2 0.7378053639844329 0.0018785696300469678 0.03610802203113428 0.0037571392600939356
2 0.8718773027212967 0.16687460404181834 0.09047767424606468 0.07764085104544854