2 0.37317263879822005 0.5625059864752378 0.2746210797393229 0.15057778921548381
2 0.43730509783645777 0.7060790258848362 0.17587543502986125 0.18188557878390332
2 0.6596918569545134 0.5625697625188951 0.2501851040078127 0.19011457871331627
2 0.36899526489032075 0.4898990917439683 0.2502305634967883 0.19206770371331627
2 0.3584138186276907 0.3983393614928845 0.1888654176952258 0.15338499982353215
2 0.7153819152509111 0.3966389993117751 0.21580003229444467 0.13739946690278948
2 0.578549516528472 0.3935588514154883 0.13490363649288195 0.09757919724210717
2 0.46585842337217853 0.40361941073282415 0.10510670711414938 0.07438847358576006
2 0.4522328243741317 0.3588209239046506 0.06345464926848954 0.044655835466874017
2 0.47298984755052054 0.3913222462526385 0.06549869324644098 0.0486758420439638
2 0.511391551934418 0.5060158218715245 0.05159952080156249 0.03811392100433508
2 0.6334139554065099 0.6412259303052725 0.2351949038275174 0.13267765767368767
2 0.5190441272100256 0.5553558514684287 0.08766496058107642 0.07922403939195166
2 0.4510695248403641 0.6188709403473751 0.0694504027354168 0.05085648019814348
2 0.5063471816840707 0.6387145652944347 0.047647811312586885 0.03593328285015551
2 0.5549285455466142 0.4841044040675003 0.05764073375746537 0.04626769073560455
2 0.897519328577734 0.5539302491353072 0.1863229523644967 0.21175123666935236
2 0.7910318226406681 0.38148737752973283 0.2727588737172746 0.15437028263839392
2 0.4531655604111109 0.27673279561610564 0.10497032864722233 0.06852909858576006
2 0.9053830036575519 0.25808868992385203 0.1835060970739586 0.1745281050922627
2 0.9580702861426214 0.3472113740823668 0.07240363649288195 0.09393898677523316
2 0.7391871737276041 0.1721337492941283 0.17787238649288195 0.100081841938083
2 0.75308716268546 0.12111535454521208 0.16029426149288195 0.09905803274427472
2 0.9169434619591145 0.22355810109784605 0.10306266313619794 0.07036846700867022
2 0.6571542907016492 0.25145410463344603 0.0694504027354168 0.05085648019814337
2 0.6815675366886716 0.29492512763561357 0.07540069671336802 0.05510399992941284
2 0.719905134403993 0.2023030618117751 0.11673453813619794 0.07116476304829888
2 0.7811330852256508 0.21858170649010417 0.06940494324644098 0.04890335519814337
2 0.7300782617788193 0.269391851274314 0.08580275455902786 0.08301653281486188
2 0.8086334938981334 0.3394855584349963 0.2728497926952258 0.15827653263839392
2 0.9643826230064233 0.41211952539072605 0.05614220364722233 0.06568518415851465
2 0.8617745547599822 0.4511260583820559 0.06772457518029507 0.06050834862105359
2 0.9166203464584197 0.4895243708291155 0.0672699802905381 0.04097709862105359
2 0.8555052278462236 0.5104119794393314 0.08389508904800369 0.08485590123777209
2 0.33375626104214406 0.07126706547090264 0.13849167007005214 0.0841348353962868
2 0.4382703617736544 0.11842554563375246 0.10092770018029518 0.06244221043158038
2 0.2434579161523871 0.08556551292477133 0.1509377718936633 0.11606737485882568
2 0.32421630046106764 0.1450307891625434 0.0795342441582465 0.06509713808359247
2 0.3668668340382377 0.16120530885851925 0.06854284598185778 0.09566459862105359