2 0.550356017415288 0.5882897044688985 0.14210223335056726 0.13596478446843885
2 0.6268012965965373 0.47604909489202496 0.1416477000119314 0.09690228446843885
2 0.6402920424391505 0.4068761673011242 0.1909530850174992 0.14104695789498023
2 0.6875540799550588 0.2867473617801754 0.17721303001670385 0.13431144933554862
2 0.6478452383036377 0.17707107495847008 0.182822411680454 0.11320256014673358
2 0.4029766757837523 0.3391381111226457 0.27296160835056726 0.14435063425156958
2 0.43268126243238947 0.46994802012965925 0.21657097668681735 0.16220531307678165
2 0.4729469074236399 0.5317727444513646 0.16551700668363556 0.1355136027131787
2 0.5726819632698325 0.4307255041297512 0.07265197833784076 0.037834116671281115
2 0.5413630990909694 0.5225092641542068 0.05112215000397713 0.03255108536360307
2 0.4866669724697741 0.19130318476605632 0.08282668334261323 0.07361617635658935
2 0.5541286441259679 0.2640709544688985 0.035747143340226994 0.05303416486710977
2 0.5867863291196045 0.3088182015388504 0.03765481500636314 0.04925307680417146
2 0.5865249724498887 0.3312791390388504 0.10408379167329507 0.05546170766426761
2 0.5063104874482979 0.3481295284583782 0.06290908000477247 0.03916143198597277
2 0.44180328249323897 0.03703816991971155 0.08904968501352206 0.0740763398394231
2 0.7782855383215346 0.06751396225544404 0.34967892335693085 0.13502792451088808
2 0.877735826653012 0.0750216118551577 0.16445022169397605 0.1500432237103154
2 0.6838544224916481 0.043750442437245504 0.26119740501670385 0.08750088487449101
2 0.8359809007996606 0.19428982303202072 0.08080537834181767 0.06763163941952771
2 0.8690022124642062 0.20778707010197264 0.06724713667647686 0.07652113086009615
2 0.943163461618809 0.2918355230250991 0.076762768340227 0.055662565545404386
2 0.8618587807825592 0.3185141184131576 0.08852697167409063 0.06031978716777431
2 0.8272479707889225 0.27389203328026734 0.0668607833386361 0.043318005860096154
2 0.8260654999304009 0.4593763273117365 0.07882952667488596 0.06555335248246608
2 0.9195200532602874 0.47875917933277723 0.04156106500636336 0.04950340067829462
2 0.9132409191001167 0.43134568361249304 0.04151561167249973 0.04559715067829462
2 0.8912785999164812 0.5576598839516403 0.035792596674090404 0.05694041486710977
2 0.9625562990830152 0.5540680357488901 0.06093322833784076 0.03708314504891108
2 0.9390392557487539 0.5624059164936299 0.0530525483370452 0.03072312230066454
2 0.9543467665897762 0.5048265769656675 0.04916902500397713 0.03242592342654138
2 0.8456749249085269 0.6191323585040583 0.07265197833784076 0.037834116671281004
2 0.9101962299093224 0.6091426395810238 0.025754251670908834 0.032877105181801536
2 0.8992267757400043 0.629362280234863 0.05507385333784076 0.03670765923772623
2 0.8896877332312547 0.6943786339516403 0.0432641966701135 0.02814418761535631
2 0.862548523233641 0.6785527760705035 0.0608650483370452 0.03122377004891108
2 0.8158312415460283 0.8357283756229215 0.0297514083386361 0.040939929055924695
2 0.6628284182050059 0.9021316317137302 0.05146305000795426 0.06184796036360307
2 0.4750897882022219 0.9346549901716488 0.031659080004772466 0.037158840992986386
2 0.8566650532105738 0.8487249749446268 0.029660501670908834 0.03312742905592492
2 0.932542165718528 0.7853124903677532 0.03733664166931794 0.02190932680417146
2 0.9167587632280729 0.7160638668327772 0.029524141669317938 0.021408679055924695
2 0.8728702673954025 0.7139971979166644 0.027775556671704393 0.03886164211886323
2 0.8415420924172765 0.5549921383467125 0.0512357833386361 0.04231671036360285
2 0.8207288382698325 0.41482993812292146 0.0452173216701135 0.028269349552418
2 0.8085107857754004 0.37462786571382223 0.04558094834102233 0.059519349552418