2 0.4999110192038767 0.32252463383211843 0.21069136663541643 0.18032719889756965
2 0.3470041737162607 0.45735518201367215 0.2750966820217591 0.09216544998967036
2 0.709196861275346 0.6538780740623704 0.3210438147974535 0.10492976823611144
2 0.4510426086834478 0.6439711715175784 0.1796857286759257 0.1601140565629342
2 0.2845510976678808 0.6235282821991321 0.3598619527569442 0.12532474852664954
2 0.6665707495292814 0.57881832351632 0.28727847997187483 0.1645674534565975
2 0.5991042702053812 0.4203416250694883 0.24409104406226834 0.07195230765503491
2 0.5631294959358787 0.4770041633009987 0.13869577980682868 0.048058579739322926
2 0.4143374052785291 0.5251934059164065 0.1550042849906249 0.056234755651128676
2 0.5695245189685174 0.6057967645785595 0.122313788878472 0.06132131933854179
2 0.6004309950525448 0.7585496499793407 0.1374261599906248 0.05582562025034732
2 0.47781131079241757 0.7605685146738719 0.11381778369467588 0.053326981382638916
2 0.4445825096615146 0.8708965309164065 0.16352419498124982 0.10906004962907989
2 0.3034439951116301 0.9397299644987416 0.10507741647037028 0.06481843393776066
2 0.936409666235011 0.830663515384723 0.12718066752997803 0.24459848594166678
2 0.9659150460652772 0.6176600581752612 0.06816990786944555 0.16279290036059058
2 0.9171568641616887 0.5690575975941847 0.08156643072581016 0.08571183558107642
2 0.9770118242226269 0.46356775087565183 0.04597635155474622 0.06018483211414938
2 0.8803055749296866 0.41519177122647644 0.0700920427663192 0.06595328813619794
2 0.7710691366635416 0.03548916365642425 0.1085445233270832 0.03761106240468759
2 0.7513661247055554 0.11104733555525235 0.17211759071643495 0.14044642809600708
2 0.6247945909527761 0.9033536569131948 0.07392480702175908 0.08748312262517377
2 0.38122503239872674 0.05760180637230934 0.08122467813391188 0.08180558558107645
2 0.43118864379126154 0.03829867033016529 0.05930115999062491 0.054007240691319486
2 0.4220449906339119 0.08973826640733543 0.11611266128657394 0.05727869087161469
2 0.49521457805138885 0.03491602096636326 0.06855415610277771 0.04837516313619797
2 0.9805400215894673 0.4022716108205303 0.038919956821065416 0.06590782864722233
2 0.9212716189919552 0.48241629202803893 0.04248002591898148 0.03997168977951393