2 0.2889650709979304 0.6731466347901447 0.29838880000969836 0.26911339182450433
2 0.41360546210615035 0.4185755107880231 0.20009449887664088 0.35270649458138303
2 0.4990646655150208 0.4279365705787146 0.10690299508361911 0.21264522728117763
2 0.5828308285718512 0.7341112809397006 0.22688007501454743 0.39467712452429904
2 0.6825996357688944 0.736216926947093 0.2773827216008278 0.27409734562683163
2 0.5812348948769959 0.2735352310348407 0.24768646024600827 0.5064827519957569
2 0.6969074666602011 0.20084348326844814 0.18431006667959782 0.35011669961943914
2 0.7744148683622117 0.2716086049412752 0.14193942917717317 0.28415148345982233
2 0.6668738221455353 0.38872316767912574 0.09829333409840313 0.20256126730020552
2 0.4279965548897105 0.9273198400660512 0.10128292955162621 0.14536031986789766
2 0.48930000754967495 0.7156030317954155 0.1541764144037847 0.26713044467652325
2 0.529617834635837 0.6418004348371679 0.11734628750727372 0.19749772975263546
2 0.6753448261136608 0.6330411944851491 0.10754072387179181 0.22045772728117763
2 0.8354221658773509 0.8805972740475041 0.20830606288657583 0.2148304570338131
2 0.8732084024387938 0.657760298999934 0.0731024022758131 0.08473709733826151
2 0.8584799264953875 0.5621185234296396 0.05990882386694274 0.0900393861215607
2 0.7951634408822001 0.7496218466711864 0.26578378750727394 0.20354609439110272
2 0.8297798746134241 0.24153080356283588 0.08418310114275562 0.17278688982874763
2 0.8889912229114134 0.1763365440570181 0.10742155265511522 0.09976189600739249
2 0.8238401388251331 0.050225694865163005 0.043725972349733855 0.03487438365010277
2 0.8352801242389711 0.1261372610723499 0.10295712879302199 0.1404591860264205
2 0.9294097024484922 0.4013803064143078 0.06385501250242465 0.06684063735728962
2 0.924109629517682 0.7783914576024666 0.0392216098521585 0.09892958992388778