2 0.8440278781377291 0.7180616479275228 0.3119442437245419 0.15053948025696107
2 0.494617793384033 0.32451940642865684 0.13803350152205796 0.18789064155855484
2 0.8284329932867829 0.6001704039391771 0.34313401342643424 0.1768167654198376
2 0.43303348089615595 0.6498542396847675 0.21101673258119458 0.15148812204718398
2 0.37348346005878164 0.5442056850105202 0.3590155522806622 0.22287330988487475
2 0.6979015808913067 0.5113311371489542 0.2972730969752808 0.1583953756753811
2 0.3918392602435835 0.4211464054057735 0.23357751666989945 0.09384923683797408
2 0.6709362808937314 0.576909638509528 0.1525427984876404 0.07933409709351769
2 0.6391876926399762 0.6798703333817562 0.12049563750242465 0.06847719804690078
2 0.5822882723715552 0.5946954888935523 0.11818370947285617 0.08787203879107341
2 0.4705221117607923 0.47324212954505784 0.09757637272903619 0.05014882213985139
2 0.5593493606253104 0.493644523602904 0.06764176894086349 0.04131325272114772
2 0.6242199072285628 0.8204395333585894 0.06792069469946771 0.06858879809323426
2 0.35783768487882883 0.7964440331269214 0.2421073003841514 0.1506262710938011
2 0.7777793680241275 0.8180151575673742 0.19124649545807215 0.10016123502387542
2 0.15822035438622095 0.7985180926741055 0.12711223485215845 0.1018167323027277
2 0.11222303733217015 0.5709573324648954 0.14154133220189236 0.13542908507020912
2 0.15256002787386136 0.8731460704415869 0.16928382386694263 0.09355160911682625
2 0.5230360184034297 0.8406218388240518 0.09510501250242465 0.06759053788402425
2 0.11893915892572424 0.6412357301509386 0.06780120113790655 0.04326637772114772
2 0.08495835874092232 0.7648406467789939 0.04811051894086338 0.040631206442012235