2 0.5866653908170822 0.3255958270619162 0.2575557506191726 0.2661822068274393
2 0.7501473673982268 0.4681146887984627 0.37737055986288026 0.16505774243820215
2 0.4142794398753736 0.5180776802884093 0.3257278039694681 0.18419057311803666
2 0.31154781533975295 0.71173562801987 0.39267986352276196 0.20133001781750437
2 0.8047732278729662 0.5730455565989949 0.39045354425406753 0.21169343297019494
2 0.3572723940198981 0.830537580480485 0.3475760520049973 0.19375682728551147
2 0.7172306100047234 0.6874425096334124 0.1851455955329393 0.1318552621279716
2 0.27318104011121996 0.9403308079459493 0.2460081668730575 0.10180084243335297
2 0.4475308863168084 0.9162960013105855 0.07376929383752828 0.07995830909355406
2 0.5217737246645139 0.9318016689214668 0.07304154776646965 0.06433330909355428
2 0.7761053424792801 0.8149737778132469 0.06840755169541124 0.04838944469946771
2 0.6174072771873672 0.9014488376678298 0.07581338709641061 0.08207086629059734
2 0.8867084139741914 0.8324127622788293 0.09698206575629253 0.11882143826102887
2 0.9636722223904569 0.780057320798581 0.06409463709641061 0.08111427310833808
2 0.9792462083830522 0.7702718876532824 0.041507583233895584 0.04755234507877004
2 0.471653196078372 0.6133823859682438 0.21316891490858692 0.10690299508361911
2 0.5227875488500217 0.44844317005694867 0.10401864298982266 0.06102484924624485
2 0.6466371275301667 0.5608678346358369 0.1493953592842343 0.07445741477823775
2 0.5201656247382538 0.6447122632392077 0.08271620450758732 0.06317734507877004