2 0.3157292284442987 0.3062773582396332 0.1456390245024074 0.2831260722421072
2 0.4388456759214454 0.29092620680774645 0.11261783602017195 0.2850984604315804
2 0.5166068028859161 0.3032889698913389 0.14972721102017195 0.28725983539628674
2 0.6632972027513863 0.2863732098845298 0.1720303003501129 0.3060892827442747
2 0.6033788831196291 0.7529049566312784 0.1368740503501129 0.3040416643566579
2 0.5229154893023642 0.7354887461820514 0.11298170905570126 0.2929109604315805
2 0.41911364144189134 0.588436499576477 0.10026230820799575 0.27074404596904156
2 0.7633478114699246 0.8503511341068226 0.13028154414711457 0.20431853277956824
2 0.8403651817135409 0.7735623182476905 0.08135706575629253 0.11576463150650262
2 0.7605867424038634 0.6993917262213736 0.08362588709641061 0.0808358946606822
2 0.9051902574469799 0.643185953060385 0.07527296267505657 0.15241898019814348
2 0.9402181327565663 0.5218454267167321 0.055693535979645326 0.10842642100433508
2 0.759299868695685 0.5798529532015593 0.03961369468523368 0.09775074338761658
2 0.7798531653251262 0.5800708347610022 0.03892874017764636 0.041223874964706475
2 0.6265328528251262 0.5711409434594521 0.052964488213175676 0.04983267100433508
2 0.6668876116652445 0.608742959866883 0.034567648883234714 0.031230736810526682
2 0.5071193230484792 0.5700611672569735 0.05573632754311664 0.06752455258142476
2 0.5665317873784201 0.555895739569668 0.0884899963806447 0.1434496512377721
2 0.5462353848758301 0.4450419040675004 0.08612482164970459 0.09266840123777209
2 0.5071461039621546 0.5064139698913388 0.034433889060881295 0.07017948023343701
2 0.4649692873784201 0.5499803975609977 0.06941358767505645 0.15207771046687402
2 0.39107431141644805 0.4546098219774053 0.032614523883234825 0.031116980233437008
2 0.37826932744180003 0.3931528943606868 0.03211689102535198 0.06225322365634711
2 0.7964843460507953 0.11787238081827775 0.14944353597964533 0.11388673670464605
2 0.8870317537741483 0.12902143665295396 0.18060256772076322 0.113753716938083
2 0.7722414498046802 0.2809679499130143 0.05946602615729191 0.14760267758142498
2 0.8576169848555668 0.5503276537675049 0.06264453008623327 0.13220519073560455
2 0.943418177213267 0.20085038725419319 0.104430692720763 0.10931721043158038
2 0.9519075540229447 0.27086886421673206 0.08017447839082203 0.09037400650650262
2 0.6341150948659267 0.9553501510083637 0.06841293682735072 0.08929969798327253
2 0.6729073826552496 0.9201842694136272 0.07959126240599668 0.15963146117274563
2 0.4844281275892798 0.9599634750976815 0.08871472446188067 0.08007304980463692
2 0.43005901649536793 0.9631328449442793 0.052964488213175676 0.04983267100433508
2 0.30707902140654464 0.975554308876166 0.0387468036598817 0.037317624964706475
2 0.7564797079243093 0.9723874766272498 0.149079662944116 0.05522504674550044