2 0.17726893893041576 0.5315282793940619 0.32196284122369906 0.12633715145781466
2 0.382495461909375 0.44357495298845384 0.18404193784606893 0.13402096199505165
2 0.39503075840946694 0.5838485219545156 0.1510891367201923 0.13696109972931958
2 0.628913734772978 0.39986905458160854 0.19257917951735015 0.20640024726160833
2 0.5815425778885182 0.6352594823825157 0.20978181870616508 0.20105234346111356
2 0.7712793838708922 0.4226007568775674 0.11730966802787046 0.15742253233030934
2 0.8351853890388504 0.616223382075423 0.13626457433554862 0.17941837852981446
2 0.5309460768849195 0.4782243107508869 0.06933444054540439 0.07804726939818551
2 0.5673670612310804 0.49004627078317553 0.08440932680417124 0.03949624059769086
2 0.5364940439968608 0.5595915639839177 0.08142867635658924 0.08424762519785567
2 0.6876094106681421 0.49158819897979417 0.04742511374123293 0.04036959306540211
2 0.7112856165213165 0.5343475932790518 0.05794171036360285 0.05237249373179376
2 0.8319398027870051 0.4683930487091138 0.06650518198597277 0.06431856426490712
2 0.8375372358919331 0.5184534718088664 0.039487451804171236 0.038189147532288636