2 0.5967356290388015 0.644740956716124 0.20939840947864607 0.2754415838609485
2 0.3893382535880636 0.7804037702885362 0.16388719414791697 0.33267141066226813
2 0.5031033603261281 0.4270272849855672 0.18387303903767394 0.35277096199505165
2 0.2885039219246522 0.7041780007914229 0.08584984707395849 0.16644936559769086
2 0.2117394405420132 0.8113934557268454 0.16970110965894125 0.3308887760621033
2 0.19978209453433143 0.23350622649422692 0.1996815100195316 0.4449656479280001
2 0.7060139944700079 0.9340964142910104 0.18123475565112868 0.13180717141797915
2 0.8356029533176208 0.8643133503228868 0.23338142334635448 0.2713732993542264
2 0.35003062547656205 0.5378857397231342 0.09606843393776043 0.10233722139736079
2 0.24181484244544232 0.4848985647595465 0.057596907294444555 0.12659124373179376
2 0.16371093916397522 0.5656900020616908 0.07517503229444455 0.12710271493129888
2 0.08281862592730002 0.3884132037640825 0.07176883667317721 0.1484734296647423
2 0.10050386754591954 0.7202066829967011 0.10928898009991342 0.25105887206375255
2 0.041918282675694196 0.6879441908319588 0.08383656535138839 0.18838838166391758