2 0.6318359375 0.53515625 0.11328125 0.130859375
2 0.5400390625 0.6279296875 0.07421875 0.134765625
2 0.4736328125 0.65234375 0.111328125 0.1796875
2 0.3671875 0.7177734375 0.107421875 0.16796875
2 0.2490234375 0.697265625 0.083984375 0.173828125
2 0.3505859375 0.431640625 0.1015625 0.265625
2 0.4873046875 0.439453125 0.12890625 0.203125
2 0.5576171875 0.46875 0.111328125 0.154296875
2 0.4814453125 0.5830078125 0.025390625 0.0703125
2 0.564453125 0.537109375 0.025390625 0.048828125
2 0.224609375 0.5380859375 0.060546875 0.076171875
2 0.3125 0.591796875 0.048828125 0.03125
2 0.3642578125 0.6162109375 0.044921875 0.033203125
2 0.38671875 0.6123046875 0.0390625 0.1015625
2 0.384765625 0.53125 0.029296875 0.05859375
2 0.046875 0.5224609375 0.09375 0.080078125
2 0.1328125 0.83984375 0.16015625 0.3203125
2 0.171875 0.9345703125 0.1875 0.130859375
2 0.0771484375 0.7626953125 0.14453125 0.24609375
2 0.310546875 0.876953125 0.0546875 0.078125
2 0.3310546875 0.9072265625 0.06640625 0.060546875
2 0.431640625 0.96484375 0.04296875 0.0703125
2 0.439453125 0.8818359375 0.044921875 0.083984375
2 0.3876953125 0.85546875 0.033203125 0.064453125
2 0.5703125 0.8251953125 0.052734375 0.07421875
2 0.611328125 0.912109375 0.044921875 0.037109375
2 0.5634765625 0.9140625 0.041015625 0.037109375
2 0.6826171875 0.873046875 0.052734375 0.03125
2 0.6962890625 0.9443359375 0.02734375 0.05859375
2 0.6982421875 0.91796875 0.021484375 0.05078125
2 0.6455078125 0.9423828125 0.025390625 0.044921875
2 0.7333984375 0.818359375 0.025390625 0.0703125
2 0.73828125 0.8828125 0.029296875 0.0234375
2 0.7548828125 0.8681640625 0.029296875 0.05078125
2 0.8173828125 0.8486328125 0.021484375 0.041015625
2 0.7958984375 0.8251953125 0.021484375 0.05859375
2 0.939453125 0.7529296875 0.03515625 0.02734375
2 0.96875 0.59375 0.0546875 0.046875
2 0.9560546875 0.40625 0.03125 0.029296875
2 0.9619140625 0.7919921875 0.02734375 0.025390625
2 0.91796875 0.875 0.017578125 0.03515625
2 0.845703125 0.8720703125 0.015625 0.02734375
2 0.8330078125 0.8291015625 0.03515625 0.025390625
2 0.6689453125 0.82421875 0.03515625 0.048828125
2 0.525390625 0.826171875 0.021484375 0.04296875
2 0.4814453125 0.8212890625 0.052734375 0.041015625