2 0.7265673543234107 0.7869760966839949 0.4102656558932243 0.14883650541185123
2 0.6569263748086258 0.5881152795727549 0.2841083683456542 0.16762916373663206
2 0.6062578539433967 0.6870662546405415 0.15074542861204665 0.05750420911256349
2 0.7188825815581119 0.38262808841417206 0.2306942082695418 0.19856100116884545
2 0.4963572950084202 0.5069987469551414 0.2510710573192336 0.07566184450388924
2 0.7739215619286118 0.48682483924408443 0.26781022975263546 0.10309649809468546
2 0.19982380565427987 0.7568296049245163 0.2179475160644766 0.0774217993734474
2 0.11472858146242478 0.6821115362761963 0.14432232091225225 0.13947864436831603
2 0.32315254700417706 0.7150867511981469 0.2975846072240933 0.11498569232742839
2 0.42366554724202765 0.6168225834346974 0.13750794096933627 0.11600705552176738
2 0.08021564790746222 0.6022152184577887 0.11315855114058876 0.045569563084422615
2 0.5091288680121164 0.556740938236469 0.0724612611215607 0.053143441158582716
2 0.4538743120707752 0.6869760021508042 0.14855355237631773 0.051633471163714084
2 0.4602261006162238 0.7709433327275299 0.10701730979069146 0.08653973628902456
2 0.10406435959986421 0.42039278627619625 0.17294605731923357 0.07520732654990847