2 0.22216102021603962 0.6543230359445857 0.17869761941617412 0.15649495378390332
2 0.22162328836065542 0.5397239537133163 0.2411922342842343 0.07637830240495713
2 0.24311304849259527 0.45676338790712456 0.24350923231976357 0.0843045589820468
2 0.29735378489609343 0.3433963648343698 0.25168560535529283 0.09257208529040606
2 0.4143431929825093 0.6067636739222974 0.13967791097964533 0.11331795381919707
2 0.535172115903772 0.49335812447059624 0.2688998573197636 0.08578339448421435
2 0.5893245766143578 0.3398382823207517 0.12018945254311664 0.07127851962538867
2 0.44906614221585706 0.2817293646931955 0.1279109842842343 0.06978042093374792
2 0.503924808469742 0.44943207516006944 0.1629816511572919 0.15363177616718482
2 0.32745874870817837 0.13853612139381283 0.188093986248705 0.0654943748235321
2 0.36264432744180003 0.3922428417439683 0.10356380169541113 0.048884092008670166
2 0.2406383470330306 0.08941488463622642 0.17587760339082215 0.0959480787839034
2 0.46976666149750135 0.11059378244427925 0.133406486248705 0.06230919066501733
2 0.18224254420059105 0.18687251626625662 0.09120827388323482 0.03452967754613134
2 0.22575979631985488 0.13555046688514266 0.09547839691876414 0.042569690700310914
2 0.040373462055883914 0.21355390127306567 0.08074692411176783 0.03648280254613134
2 0.04057679435538418 0.24876702956161056 0.08115358871076836 0.04050280912322113
2 0.032973011786824276 0.1475554308876166 0.06594602357364855 0.10761086177523321
2 0.09969495812694248 0.08806034858576 0.04301692669541107 0.045357638118886046
2 0.09233191428941426 0.16205158543158038 0.07145229580199897 0.07038773019814337
2 0.7173319142894142 0.19845369010032 0.13758564102535198 0.06839607881919696
2 0.465991478753885 0.19164846994427925 0.184187736248705 0.06526686166935247
2 0.579818538307179 0.1865276014154883 0.05632492865988192 0.038341434158514764
2 0.5474100392894143 0.1885568678935064 0.03306936517764658 0.04088260523343701
2 0.026107456061155186 0.5116898552157901 0.032614523883234825 0.031116980233437008
2 0.039626868023035916 0.41063925981269433 0.0489672699542934 0.04765203285015551
2 0.30174704223612037 0.18599916746873507 0.0914811786598817 0.04038905254613134