2 0.5325366213514949 0.6229454259692855 0.09818195007943031 0.25827272642635135
2 0.40539599077121136 0.6277746766419345 0.11442060470581294 0.29415672249741
2 0.31781219308440267 0.6061029799922301 0.09845468546893366 0.27389772642635135
2 0.5827355839110677 0.43469897668246116 0.12368473620028242 0.15407753205070396
2 0.38049919186411524 0.20635182537037625 0.08254706472964202 0.36878213709641056
2 0.2653549893482292 0.2518114322257604 0.07447171468992686 0.24155610731976362
2 0.6839450613872387 0.5156466852737831 0.19537079849758765 0.12424023262934991
2 0.5511397219992942 0.39706518791090284 0.12248163352141672 0.19695531379182163
2 0.45795002080298347 0.5285773513728749 0.04107392349758754 0.11705374017764658
2 0.42989255834269857 0.4002142183601989 0.037235857344963375 0.1207780536598817
2 0.34269365716624534 0.46847723996937674 0.04268612926070836 0.09761345843652869
2 0.32299910815986144 0.3649375266216712 0.04093755580283587 0.10924124017764636
2 0.2863428135175927 0.4492375979617894 0.03607673193957395 0.05437180365988181
2 0.045959967535891204 0.502547111248705 0.08341913352141665 0.19513594861417527
2 0.11637252536979344 0.6680677959567921 0.11714352272652381 0.11474212727405697
2 0.18204307427277044 0.48933815524102636 0.08719890117645324 0.07626822839082215
2 0.19952386617660084 0.5517257912004084 0.16772022118439622 0.1053885520049973
2 0.17198000050879636 0.22596058079940895 0.08174862926070836 0.09943282361417516
2 0.04091113129177468 0.17587491082485224 0.06924576501588606 0.05396513906088124
2 0.0143757021104966 0.06318226194161741 0.0287514042209932 0.06386452388323482
2 0.05726416497617093 0.07890092276646965 0.047931849634325674 0.06273011321317573
2 0.09985074320354806 0.21478225522076305 0.062319655031772114 0.10438251602535198
2 0.14004645089844736 0.8235927424517033 0.1412628612002823 0.1548962463806447
2 0.18234768364880022 0.6398652326293499 0.08003414772652384 0.11301373035529272
2 0.26557265777844863 0.9601509517156743 0.046524195413332414 0.07969809656865134
2 0.31835817066398053 0.9622418753869828 0.05611936079489288 0.0755162492260344
2 0.4471962368166047 0.9649026969592908 0.08555260348964455 0.07019460608141848
2 0.5126259243166047 0.9713440140341429 0.040323901176453125 0.05731197193171411
2 0.11475588373234959 0.980516926695411 0.09254689732113433 0.038966146609177965
2 0.07145831778242016 0.9424978691065878 0.08407676542127548 0.11500426178682432
2 0.058258787039156976 0.861809747208087 0.05272448965021173 0.11369329973094056
2 0.21791525467021688 0.4499599589009082 0.05803839387120491 0.08271620450758732