2 0.6407397529430043 0.35350514295017416 0.17801341651222113 0.17978168502986125
2 0.8177176954317753 0.47569237022452326 0.2755084480469008 0.12155324396762168
2 0.8392624963089801 0.5837734078146708 0.3214750073820398 0.14067699159279545
2 0.8476594442930581 0.7183799246032558 0.30008061751193793 0.09870671732430569
2 0.4579055883509041 0.6224648832860681 0.28993057395394994 0.1433558353904516
2 0.4841890551179603 0.5089116928651913 0.3371465970935177 0.1542124881258684
2 0.5494234218386829 0.44895660773485285 0.23206226565150567 0.10688126021015643
2 0.7582062944552257 0.5318775838217888 0.14051339995366652 0.055961998717274586
2 0.7293341633277373 0.655128210009202 0.14832589995366652 0.05614383667317724
2 0.6218998837229905 0.6243303553600266 0.058277536069925695 0.048193325180295066
2 0.5819569465606811 0.7658629121135856 0.1075830934653208 0.0630016874046877
2 0.4567461510727607 0.8966289185967018 0.10658483325611068 0.09029997791571187
2 0.553571540933051 0.8471668102899744 0.09109624251193793 0.09384255200390634
2 0.7747211075147729 0.9489152308107645 0.13009053788402403 0.09279861678342005
2 0.4122985969678722 0.8253390395837243 0.0773313536745307 0.03497604507005203
2 0.7605934978285878 0.9076041191324224 0.06400050181409833 0.04442345364722211
2 0.7633402691540572 0.8744919131103739 0.07126736479078999 0.028980291603124986
2 0.6833551579914643 0.9311763645733946 0.03840526293035795 0.0379731052905381
2 0.8115204501888782 0.8570737128347663 0.12225322867453059 0.036021613316493006
2 0.9568592447746551 0.9210982387414071 0.08628151045068977 0.1428070554708334
2 0.8966550107589457 0.946126346289627 0.1658606295352465 0.10774730742074601
2 0.943399741710911 0.9864953983411896 0.11320051657817798 0.0270092033176208
2 0.7159754321539153 0.831431427619445 0.04608135367453059 0.034248693246440975
2 0.2323382784562179 0.8133442665979602 0.18887031555883838 0.21125898247473973
2 0.06987547571190328 0.7715079212574654 0.09296257667509769 0.20317209251493074
2 0.2789218737356371 0.9178600003554256 0.059300605488629254 0.07749020018029507
2 0.3657181131887365 0.8047394915927955 0.06736111479078999 0.02888937262517377
2 0.47081796073577886 0.9642844880305559 0.07249504809323426 0.06413654160312499
2 0.499581603317217 0.9718201485318144 0.0706783323490614 0.05635970293637116
2 0.335255577910026 0.9103892630357208 0.07054192309323426 0.06409108211414938