2 0.31891769789692964 0.518982556825361 0.23168363769891143 0.21919876979389707
2 0.41137068272617894 0.36379142888911353 0.13781044649115248 0.2983316829967011
2 0.48062358280887485 0.6991113120211548 0.1115048545950319 0.2566340963973608
2 0.7759431655439855 0.21164529204519622 0.10255868442249483 0.26806869573096914
2 0.6302510212050794 0.19083829968259822 0.12625595143483093 0.18884302273014436
2 0.5445250772103543 0.23317440361843322 0.11639390442070852 0.4380474008642474
2 0.6475747065729551 0.7312572082831755 0.19163742792776972 0.3154910965952167
2 0.7749031875491761 0.8037963582076084 0.1803417899383195 0.39240728358478316
2 0.859195085595841 0.7471604876772375 0.14892844494010582 0.23433319906292782
2 0.5222341770069772 0.44400869358614453 0.051709601492938795 0.1262502629321237
2 0.5463130373212108 0.6211074868858146 0.06688381034328783 0.14813244886507215
2 0.5570556797939433 0.48205576578523734 0.03993640316020097 0.06938231739901024
2 0.6459983024673734 0.3881607548158766 0.06670617080279095 0.17346624373179387
2 0.7079854607411105 0.5917015305811961 0.0910041893661735 0.15858003546441246
2 0.6816803238177223 0.4106396571482477 0.05774661603343567 0.10108695846523719
2 0.7327008089620985 0.34585306594668075 0.07159613057393255 0.07615097453146391
2 0.7698579399964274 0.36155286091233024 0.0424768951144292 0.04996472766556703
2 0.8197849087587215 0.5598698433779797 0.05765110396477802 0.07184691359851558
2 0.860547914017527 0.5435135662434643 0.0453860507464694 0.06369343279884543
2 0.9455334119937899 0.7443131097409901 0.10893317601242014 0.16982324392964943
2 0.9511022221795141 0.44479257290738183 0.09473279982567662 0.18402749059769086
2 0.9238995315651269 0.27358156967435093 0.15220093686974612 0.13138587539571145
2 0.6101600833899525 0.09864361374964975 0.10606950155104666 0.06740829193047426
2 0.37946593781512694 0.10265143045616511 0.127389621607368 0.17718110286342273