2 0.6579512748740568 0.7132272941025058 0.17492085312036032 0.18250178682982132
2 0.8287722686271497 0.6133399502271979 0.2751609919151705 0.12784573185312165
2 0.8421647854473068 0.5103131831118102 0.31567042910538645 0.14654957158505022
2 0.8464555560259504 0.3753995591491065 0.299220950644312 0.10437909336827078
2 0.4606455789226575 0.4191159535897024 0.28790333135429236 0.14826497562934426
2 0.4930519441134767 0.5363483145862034 0.33529012607385333 0.16158257573423507
2 0.5608317347906229 0.6047088428554281 0.22952260430778515 0.11076988071093474
2 0.7660800083378279 0.5492556693647326 0.14112848965389269 0.05738292635196851
2 0.7302321609274478 0.42203568492417587 0.14904334859780466 0.05992804720278344
2 0.6250663352263501 0.43838380395681986 0.05899488070998027 0.04921384491840963
2 0.5775550698207603 0.29277170022139243 0.10648403437345344 0.06448457002330032
2 0.4452875848029948 0.1446278916083505 0.10606629353213637 0.09363344606059654
2 0.5448333227325362 0.2066413402621876 0.09054365247604856 0.09440257935896634
2 0.7608791157845315 0.13449803554771472 0.12960615247604856 0.09736255861304188
2 0.40394827283992146 0.20958329046616353 0.07575413415868282 0.034920835582743615
2 0.7483290366347315 0.17342710582743637 0.06464953782215588 0.045751591806521
2 0.7540265681531948 0.20790279125284394 0.06979240021477073 0.032523713694632306
2 0.6697475739199608 0.14023739680063707 0.03905419493433149 0.03992135529137186
2 0.8029017200923165 0.23106001583908656 0.1206760091586827 0.038324811724930574
2 0.9514028571627753 0.1878424354486295 0.09505575107385322 0.14337870332167013
2 0.8833588640601803 0.15156047071670098 0.16558127402734613 0.11565153994170996
2 0.9292697591586829 0.09959638228429549 0.11635201831736586 0.06717768983681921
2 0.7082733640033947 0.24431587916660136 0.046764335990419514 0.038560226142186904
2 0.22436313178383366 0.1979205108974158 0.18437109622295555 0.21434378268063636
2 0.0569532034425165 0.21441547562353883 0.10223748727904336 0.20617470124707765
2 0.2658642872284437 0.09893342350230652 0.0566240148686632 0.07821472199300206
2 0.35897106583513116 0.22368343984262473 0.06578379127085854 0.030274590769224785
2 0.4564046387380243 0.07835507132862884 0.07153250226127783 0.0657268386946323
2 0.4831342350745511 0.06870830680648177 0.06978409514910222 0.06948508973192852
2 0.32209132391996076 0.11389358143936423 0.06957937726127783 0.06557883973192852