2 0.4758108103272596 0.2924893853068045 0.1997753298171736 0.1908356445548015
2 0.32024845740081687 0.4004502371281691 0.244782787944116 0.1116483089820468
2 0.21596498733225694 0.4740896613681087 0.35302337727405697 0.13548304572198644
2 0.6173562631799625 0.4722539380646974 0.266588244416174 0.16161399975294488
2 0.23412108793116618 0.6326436876941147 0.21643838709641056 0.08857134190278937
2 0.5631370673042236 0.6957344676086612 0.1477151390608813 0.07677736170464611
2 0.6520202654540195 0.5857819644083502 0.32813577026387963 0.186624828642729
2 0.582173232266287 0.41065435908667924 0.23474425816746902 0.10522015109659777
2 0.21926124043375614 0.5238374705795638 0.3259097404872327 0.18065169706563933
2 0.311767158289049 0.5967865463219774 0.10392767473094033 0.056696592008670166
2 0.5289947862357551 0.5723839379764635 0.14753320254311664 0.07287111170464611
2 0.837904377321897 0.8765526356244467 0.12741335142635135 0.10091666435665814
2 0.9263258580163327 0.7146716850585011 0.14734828396733457 0.1528354801275562
2 0.8092067289565181 0.6598598856068 0.17033930986288026 0.14432117747554418
2 0.553786184601134 0.7893042011482898 0.09198419664970459 0.09300967096904156
2 0.3678272598701936 0.7492160693947321 0.1155126649085868 0.0963278748941192
2 0.6658393631062227 0.7563391321770807 0.18155504187305738 0.09238309851517279
2 0.8299714355833694 0.7693013954900816 0.09547839691876403 0.042569690700311025
2 0.9305841539970447 0.827090129135591 0.06114086124870499 0.058100197312694224
2 0.7090463040173081 0.9271430762894641 0.3313088890608813 0.08747047995108836
2 0.506146032098544 0.9017506287297147 0.06327592276646965 0.06212020388978412
2 0.2866120316341646 0.7294660265554143 0.12368903794411601 0.10459540120247857
2 0.4875403305911393 0.4602306221526249 0.086258581472058 0.053719657814861876
2 0.47411996458605066 0.48745098398079845 0.05473567669541102 0.04604017758142498
2 0.40539940911649125 0.5257259082560317 0.09320957557864595 0.07749842754613123
2 0.15073877687778092 0.8186543093173358 0.04860339691876414 0.03983953285015551
2 0.8185737670554274 0.8189258165297102 0.054917613213175676 0.04994642758142498
2 0.9299767049184902 0.5617591521730521 0.04256208540099937 0.035592013118886046
2 0.8903256038017251 0.5934449152919381 0.04646833540099937 0.035819526273065616
2 0.851918584829667 0.5467212869680996 0.08893945254311664 0.06945841439195166