2 0.3825414757470871 0.548286105883975 0.17487508928453743 0.17387494668999892
2 0.46886114751971 0.6830524150620425 0.1275811008504939 0.26119740501670385
2 0.5802816629409855 0.8015126084102238 0.10701720779006796 0.313681786680454
2 0.6463810856277941 0.7847071900859052 0.10315493506354434 0.20428406001352206
2 0.5173169860968754 0.43854884756920137 0.09215211546099056 0.24516332501193128
2 0.6275371235770179 0.37636770508431433 0.14436522625588344 0.32778546835215827
2 0.7180044135531887 0.3012639834301092 0.10300868201900437 0.30777695834659036
2 0.616473787539715 0.13410066175005297 0.07547026582666483 0.18443463667647686
2 0.5750540021303541 0.05453320257795096 0.05156536424482239 0.04551276834022695
2 0.688420481939574 0.06073416175999571 0.11861936079489288 0.08339485001590836
2 0.7265526146502117 0.11975971843170002 0.030217356939573836 0.053075275003977074
2 0.7946563002225522 0.10590671427431322 0.13149723620028242 0.1499374600174992
2 0.8949425710214167 0.20178097345436946 0.1767501450873734 0.2812968216899989
2 0.6687600248568779 0.16497635592374582 0.07356111810014099 0.07505963667647686
2 0.46612219713829717 0.07865113422976983 0.06447733157389957 0.11400850334181778
2 0.5364687890619851 0.08142241923931484 0.0617400923290774 0.06906390167488599
2 0.3536811419435455 0.06953185088119097 0.07123298193957395 0.053552535009545016
2 0.37418401176865135 0.12542318005050904 0.06362503348170157 0.06518037834181778
2 0.42375499847773 0.05667813589073599 0.033748595779006796 0.031636353337840706
2 0.4628977856120557 0.11766818089590621 0.05810657771858074 0.08464344834102236
2 0.5612084359736109 0.6597178692413035 0.06906542004765814 0.15311645667568152
2 0.5704896134299242 0.5202057917428942 0.04666056310808431 0.10013208833943166
2 0.5870812905801359 0.6317043667448827 0.03974433847375858 0.0395170333386361
2 0.7225287540538945 0.6723350067631774 0.0578338423290774 0.06901844834102233
2 0.6753128348170152 0.652258316756814 0.03974433847375858 0.0395170333386361
2 0.6722467796222635 0.6444117267564163 0.05049862926070836 0.09627129167329507
2 0.6563248376588605 0.5153463900878937 0.04463925426070836 0.09620311167249973
2 0.6783255341890735 0.48924055925760945 0.04755683847375858 0.03960794000636336
2 0.7148163118877967 0.5101688150958479 0.034328158481701454 0.06483947833784076
2 0.7423525101429744 0.46557647676635905 0.07636654119233932 0.12391048834340856
2 0.9425895819792891 0.4308534017941987 0.11482083604142179 0.12250280334977193
2 0.9275683512558834 0.33689886179181244 0.1128281696422686 0.08723292001511296
2 0.8706280595547478 0.43094362428385824 0.1391051846581548 0.13830961668522646
2 0.944963406549923 0.6622305342934033 0.0773650923290774 0.06924571501034049
2 0.7996161683185743 0.781608420940052 0.0422088423290774 0.0688366350055678
2 0.9224216751150263 0.9874785583923269 0.07287927962638263 0.0250428832153462
2 0.2720871306754523 0.9326646933680666 0.05382531655801359 0.0631136200071587
2 0.16046478844978182 0.5788983908537491 0.06965486810014115 0.07501418334261323
2 0.09530511160155264 0.81734940667767 0.03679266233702039 0.09415908000477247
2 0.0193086388948864 0.7705759925007953 0.013730173497587574 0.11537073500159067
2 0.06008783836623248 0.9253160375059657 0.03624719155801359 0.06290908000477247
2 0.05535622158566659 0.7661136233390338 0.05362076501588604 0.05139487000715892
2 0.027401034896445485 0.8985738600015909 0.02527846387914795 0.10574147000318179
2 0.0433135983106313 0.747422575837443 0.06255829849758758 0.11593890167488596
2 0.1481032345746054 0.4859999566856241 0.07739918425276532 0.07119884001034049
2 0.12868636363261898 0.5482613266828402 0.05214492694751699 0.078715893340227
2 0.04986026125985498 0.33937853750596564 0.0655440665580136 0.0632499800087496
2 0.15662450435999614 0.41482452752028315 0.04467334618439622 0.09815623667249973
2 0.11422321377574104 0.3908984041812493 0.07335656655801359 0.06334088667647686
2 0.19689504971375593 0.31668033835931697 0.06208101156595658 0.08859515167488596
2 0.2483509775754587 0.24405177086647575 0.034464526176453236 0.0726519783378407
2 0.20524313514297443 0.4593266433601124 0.04655828733702039 0.09427271333943144
2 0.144642904320281 0.2877577691856241 0.03429406655801359 0.06288635333784076
2 0.08276371955871933 0.43446872667687453 0.037927581168510194 0.04730680667170428
2 0.19159597351744515 0.18090406085891927 0.051565364244822276 0.04551276834022694
2 0.1411996200278006 0.09049214418562412 0.04772729809219811 0.04937356500636336
2 0.1680100025357436 0.1161895791892035 0.055948901176453236 0.07290197167409057
2 0.07727491984496342 0.12001560167687453 0.040221625405389455 0.0668607833386361
2 0.07747452871219683 0.18738705084340862 0.042174750405389455 0.06688351000556791
2 0.28764990310411265 0.09024351920550958 0.021995753855318823 0.029546868336249865
2 0.2643438281239702 0.15343599836886201 0.028707426947517045 0.07844317333704531
2 0.09590767654212755 0.012832356679658492 0.0355653530842551 0.023846580004772508
2 0.5243480965897858 0.1701305200707922 0.0736633938712048 0.08091901167647686
2 0.5023402394475169 0.08395439006800824 0.05988924310014099 0.07490055000795418
2 0.8336330636127613 0.493000454278688 0.0953864123370205 0.09484088001272672
2 0.984710976561985 0.19991943930016431 0.03057804687602994 0.0765582283378407