2 0.5941720669895395 0.4677342211837111 0.2627204917834203 0.13451153272602068
2 0.5668258674506071 0.5944211603496905 0.29833133667317724 0.15506572512503114
2 0.5239691331470915 0.6747161556485359 0.2783909512723959 0.13691929879224762
2 0.4265004366938365 0.3759987552789276 0.16338387371727436 0.1433319459288248
2 0.17039430055638002 0.5202759130049484 0.34078860111276005 0.1352294239901033
2 0.17043159491558105 0.6440151998385566 0.2425982684267362 0.10855260639323716
2 0.5298813162528643 0.29491858834845336 0.14344512134244813 0.209113064462763
2 0.38207779955959165 0.3977852457776906 0.2044904176952258 0.14843162872767013
2 0.485636434509635 0.5187114410140203 0.11846036569131946 0.0580973079967011
2 0.35491343797656205 0.51665968494367 0.12227569671336813 0.05430471826325789
2 0.397448689805338 0.6178916543782679 0.10088224069131946 0.05758583679719598
2 0.29409217301675294 0.6140677139420205 0.11060240620234385 0.05591686246358751
2 0.3650167430919699 0.6695821865107214 0.05759527426848965 0.04266369886507215
2 0.3553598677365444 0.9167661592772782 0.19967497791571187 0.10925546846111356
2 0.5317320910932284 0.8862608222822266 0.12604720127239588 0.13248654839653629
2 0.3770739897203552 0.7804840855111339 0.08421330547083339 0.09613686559769086
2 0.4415498444648431 0.7776321286129483 0.12123339451883697 0.1772379329967011
2 0.12255566964513828 0.7303116454705978 0.10565222098185773 0.09480887206375277
2 0.040794727040060055 0.846871078368371 0.06027575109210076 0.07397052899835055
2 0.09268973451996461 0.797541932403134 0.10914933558107645 0.07734440733030934
2 0.6865963931924471 0.8993209516865976 0.16769925911805572 0.1610237311953815
2 0.5216726124408413 0.8153127405818966 0.11927863649288195 0.0932535579967011
2 0.865308963718402 0.8101934496249068 0.1126919096692709 0.06183306759686591
2 0.8694660574207459 0.7573738294249893 0.08743766313619794 0.06695365086424743
2 0.9152987552262146 0.6330766914928656 0.105743139959809 0.09871512206375277
2 0.931401896373437 0.5701504654932779 0.07730836222439241 0.05104450019785567
2 0.8494996762235669 0.9443519079912162 0.08539361915824673 0.06299057073096925
2 0.7905649800562491 0.9607052494895667 0.13158672682361106 0.035057618929649426
2 0.7045365610782978 0.9671120253538141 0.1157798888677084 0.0267904778634227
2 0.34882268296679625 0.7364146625103092 0.08748312262517366 0.06890677586424765