2 0.6062154887788718 0.6190628429707866 0.23116447477146695 0.24262521326587816
2 0.6780556012180818 0.35146507099793045 0.30937505789840936 0.16729011554169126
2 0.3839391224641968 0.5401598454411001 0.26122650227405697 0.13611999281265508
2 0.30337937525610975 0.4732152297243052 0.28857025227405697 0.13835204357125952
2 0.5845838911266685 0.44928043085008884 0.14558007754311664 0.0760916753841514
2 0.3361168886978184 0.29213277858639863 0.10801586124870499 0.0632968386403312
2 0.3881984752358464 0.379047002258841 0.049058238213175676 0.050701372729036076
2 0.39646581653025803 0.38817489847066833 0.11796342276646965 0.06800024962554696
2 0.5452885853475229 0.36328302289686587 0.14176479580199897 0.07772593599006505
2 0.573333300504906 0.3129602613426968 0.07554048231976362 0.07621149129059723
2 0.4836714870226707 0.3242003924066825 0.06245720843652869 0.0459580231083383
2 0.532266806243525 0.231028535586517 0.19327379187305738 0.09749617311318742
2 0.444368248291639 0.469548611537197 0.10819779776646965 0.06720308864033109
2 0.46569208255561 0.4433010787712006 0.05455374017764636 0.0433671693201656
2 0.2662432193424343 0.4125287306725607 0.2134899963806448 0.15557168788657594
2 0.5333771285658786 0.19172688729095225 0.05455374017764636 0.043367169320165544
2 0.3070902259084955 0.2582320168450031 0.14567104580199897 0.0780448003841514
2 0.5201547097283503 0.11830529827616809 0.18155504187305738 0.09653957993092838
2 0.2671340539694681 0.13699864279325852 0.24337547249740998 0.12882572803926662
2 0.2694001827436164 0.060427623197102334 0.1477633157562923 0.12085524639420467
2 0.033417227563379934 0.1492148528399172 0.05755569272076305 0.1078202943201656
2 0.3692905402181731 0.18355510074405687 0.0695901390608813 0.07378006969946777
2 0.5482502941471146 0.1532623386160853 0.0576412758477054 0.02610790871425195
2 0.5609134406014993 0.024893245539562462 0.09180226013193993 0.049786491079124924
2 0.7516374286598818 0.009647098473092933 0.2532748573197636 0.019294196946185865
2 0.7737826698197636 0.04400618748787709 0.25850283963952725 0.08801237497575418
2 0.7453098942816443 0.11168934561620364 0.0962543196852339 0.10319643826102898
2 0.7940443584567921 0.0641952967662331 0.08580912530958629 0.1283905935324662
2 0.8570847828781463 0.01774891182167368 0.07077272642635135 0.03549782364334736
2 0.8699728021597906 0.15738889580100557 0.12518732164970459 0.09777542121667648
2 0.834840640507496 0.18182276644630418 0.10492832557864595 0.08055609924624485
2 0.9191139309339388 0.07593578898084 0.06236624017764636 0.04400489810833824
2 0.8660532340759646 0.304750147884743 0.11814535928423431 0.07190649962554696
2 0.9220276077841429 0.18058740867788317 0.06590861714211727 0.03651126250242459
2 0.9106380169541108 0.3569864181483149 0.15643732164970459 0.10032633636936716
2 0.9500429942079045 0.38219780280597304 0.06636345843652869 0.046276887502424646
2 0.8949033454794628 0.41904789902022493 0.0833529823197634 0.07684922007876993
2 0.9675247658170822 0.29450654863849823 0.04674124017764658 0.0427294405319929
2 0.9502891180708759 0.7872320920104083 0.09942176385824819 0.136160253793022
2 0.055086376393138216 0.5513194545443525 0.04905823821317572 0.05070137272903619
2 0.04329266878405168 0.44543215473400355 0.04765092276646965 0.0622606905319929