2 0.623209019947633 0.8212289315758414 0.32570104616548745 0.16675230891145976
2 0.5448555251457251 0.3668893130470506 0.20665014315848929 0.2123200195548015
2 0.6434266008683491 0.5030970697300211 0.2596199325757458 0.14151396686749584
2 0.14864911902103303 0.5659434146566535 0.275186655606044 0.19297775633003478
2 0.2743005451107746 0.5372354970114506 0.3183325430535986 0.1721566576031004
2 0.3937674597902578 0.4874982306746068 0.24728004824007976 0.15829579582786713
2 0.6742168814685876 0.5586666388424045 0.3544665088228234 0.2384298878365374
2 0.5397158093706949 0.6656701913532422 0.11076757417248517 0.10173222358576006
2 0.30430481663176845 0.6929928556040197 0.0938105835081513 0.08324404596904156
2 0.34906527669586396 0.6155224115622234 0.09816083039626256 0.08933093412322113
2 0.5518214325583293 0.5444058064876076 0.09895910217948312 0.0485428222774007
2 0.4120192297495018 0.8753361945359064 0.14829180757574567 0.13502984197337664
2 0.5745871708800385 0.8726734578489073 0.09804196991840963 0.062100940700311025
2 0.674983708228508 0.7025153493798657 0.3116748962703779 0.21260349971765136
2 0.7440201879954262 0.8948894415650037 0.18646631379952305 0.1255862235151728
2 0.862973719382345 0.5953131784990582 0.1436747012470776 0.09975983539628697
2 0.8767982064219477 0.33588882323032754 0.20170790041956277 0.19842063140062194