2 0.5136995936518935 0.3783044755454327 0.2090452086155703 0.1967787624059968
2 0.6057772812086792 0.48929820098954874 0.2578899437469069 0.12501615539581945
2 0.363239829970655 0.5220544176470232 0.2167719598029948 0.12115269695929065
2 0.6949681556717526 0.5619785682864591 0.3126714976251508 0.166534798385642
2 0.25249959435917724 0.6177280691673779 0.43807262833513116 0.2171876736952285
2 0.7221874349857238 0.6963830128168997 0.1996032705786437 0.1281464826293499
2 0.2301783885985972 0.7821303538552016 0.41052416044730683 0.2120078680708759
2 0.7964324492606747 0.5872622143777809 0.11798145635429247 0.1321383157562923
2 0.9097731837982992 0.6287621541518379 0.12436093113952174 0.10515843879182163
2 0.846179001300996 0.3291795021671039 0.15673687952255566 0.12809830593393878
2 0.9027892094932108 0.42579500232189704 0.13947413641996054 0.09612055986288026
2 0.5862142653229484 0.8065445611012252 0.09054365247604856 0.09189322839082203
2 0.7219647578886168 0.8500671983524289 0.05724647359780466 0.05137523624870499
2 0.6731283278229485 0.8105926486214886 0.07512337036387295 0.09507173231976362
2 0.6385433570801339 0.8354133757204891 0.04748084859780466 0.050920394954293347
2 0.825877361065763 0.7912755011848684 0.0995927648686632 0.0786761946852339
2 0.9216067503407139 0.6831553535934554 0.04162147359780466 0.05064749017764658
2 0.8332126356868214 0.7260277502026332 0.18223816853213637 0.09421561155829128
2 0.8178794514651668 0.42086132056051606 0.08859052747604856 0.09180226013193993
2 0.8674684178557827 0.8382441620097207 0.12004524536387295 0.09716400227405697
2 0.5183708375753436 0.8121952186697852 0.06783097014910222 0.06745507754311664
2 0.14554944312733895 0.8839148893704676 0.0821253038782438 0.04279219861417527