2 0.6730717752815455 0.7371652550436165 0.3860677359309248 0.20728253707680722
2 0.21093758279277447 0.6163365810384036 0.2879340535355298 0.1930425146343313
2 0.7437190754205463 0.5794052850487479 0.4520647581634434 0.1959501273376909
2 0.2512432408038618 0.45644736033636746 0.37146580534962836 0.2364885084860111
2 0.6316809834316336 0.418629754336449 0.3139137109772585 0.1541390959182245
2 0.32597041401293003 0.3875602593159235 0.33789684800056696 0.16990045130441878
2 0.5464193067102023 0.2697263734336186 0.28827507667509766 0.2028081396343312
2 0.2957001294096008 0.7789061554668093 0.16127233325611068 0.08881102385681139
2 0.3732515716765152 0.623139080792914 0.14496528697697497 0.06918887026601528
2 0.5152623619439967 0.6356816445845044 0.1271143434653208 0.06127410372636932
2 0.564493491710911 0.479749807152291 0.17453498048862937 0.07717181449875787
2 0.05612610297952644 0.8243778312838933 0.057006457349061374 0.0667244125677866
2 0.529377608421822 0.9560111890077786 0.07013269532575284 0.05117895320973331