2 0.5339233700498268 0.1776196917451075 0.14052403566247218 0.32724587253137727
2 0.5824838146508042 0.3882952498500354 0.13973999219185496 0.19248024753137716
2 0.4419042664462023 0.38949440931847434 0.1414999470614131 0.15940228446843885
2 0.5810350386724901 0.6373186873500354 0.21009794398725323 0.2047985772655967
2 0.3568972260497453 0.5706576226121254 0.20824708552689886 0.22225154032853522
2 0.5323937512274484 0.7761273423080459 0.16083802693097127 0.12745077883905553
2 0.32905853667373214 0.8252769962624575 0.182424668470617 0.1464056851467337
2 0.5220896883592138 0.5337142514304157 0.08047582820973331 0.07349101441952777
2 0.5033361492543472 0.5690829773325015 0.04345735680052942 0.08673793761535631
2 0.4400982086801871 0.5321351152870051 0.0883565059028304 0.08571041216777431
2 0.4792111908489511 0.6887489830772413 0.04128833577238855 0.04950340067829462
2 0.43321616828373016 0.7082918510981902 0.05306390051663612 0.06001999730066476
2 0.47544064513408646 0.8334679759828337 0.06679259026088369 0.07066175586009615
2 0.42564163910851116 0.8356830428779058 0.039289758976990496 0.04156573874123293