2 0.6024961261905051 0.35137676586038036 0.26164393713693723 0.26456084186749584
2 0.34503403639618474 0.5390781180699743 0.32726887923852777 0.1261917102198189
2 0.6751817338733315 0.5357851638096076 0.34929906379182163 0.13916178256780665
2 0.7332965542312143 0.5705047394108468 0.2618632800862333 0.1438083615987653
2 0.7659430994140406 0.7525811275297328 0.40934830593393867 0.1738244798805011
2 0.25838210840895204 0.6965803516978369 0.34716400227405697 0.13514177599071697
2 0.3818223299241267 0.5901813746117706 0.17664814102535198 0.07067121036099322
2 0.30595807356633514 0.7473327069136272 0.2837543196852338 0.11197031552384296
2 0.6476532100435731 0.9376170092127034 0.09911712727405697 0.12069469070031102
2 0.561076239665427 0.9731798681493848 0.07208907361417527 0.05364026370123032
2 0.4326596895714238 0.7811509502130098 0.10924124017764647 0.04531911173993963
2 0.46055194169068764 0.7289188482151774 0.07481273624870499 0.058896493352323054
2 0.5152635300383932 0.7105627790851472 0.06032214691876403 0.040522072312694224
2 0.5683002832946855 0.6020216902238475 0.07776651209641061 0.08049462492941295
2 0.6083366532287156 0.6464596441312784 0.16660961124870521 0.06424305247554418
2 0.4171578238759214 0.630428687076477 0.056961706472058005 0.052013309158514875
2 0.5189718328708328 0.6099199632966023 0.07267767473094033 0.05487648677523316
2 0.3582027486603383 0.9501347890919563 0.10206551798982266 0.05853596043158049
2 0.35389252662730775 0.8744844502835969 0.06745507754311664 0.06820709204396369
2 0.2934125315384845 0.8905461246823577 0.05841719861417516 0.08326330915851465
2 0.21941850961972037 0.9234465063300348 0.05646407361417516 0.08314955258142476
2 0.23376726142939797 0.9849332400108377 0.052873519954293347 0.030133519978324586
2 0.9380775413608381 0.9654841179640936 0.042337357319763624 0.06903176407181277
2 0.4071058312694249 0.846248999576477 0.05714364298982266 0.055919559158514875