2 0.26059017934636813 0.736439779320281 0.3275421905588384 0.21262232548481963
2 0.618880128300318 0.6058916675077954 0.30048984527941913 0.10869759740056462
2 0.2292968253243353 0.3733680235373027 0.3710069591631599 0.11578428165332988
2 0.23810140392936557 0.2611485658465225 0.2916790850702091 0.13587088778212497
2 0.7810949217424719 0.5217560967883613 0.40664064155855484 0.1300698112797125
2 0.8320963017312428 0.4044102404568715 0.24401043874473993 0.16822171468992686
2 0.6327969424985824 0.4312233477025471 0.16254341197697508 0.07115491274240981
2 0.712713890429649 0.1853973904171564 0.22472719804690056 0.11908676237673554
2 0.6871961492782852 0.2445585998329013 0.18018974160488854 0.07341486505560113
2 0.7044270281381504 0.4227020779171564 0.08314733325611057 0.08928839387120502
2 0.5700706309056318 0.4086309851826896 0.08521205830244405 0.03662220271858074
2 0.4781280535453414 0.35523676034566914 0.10871776293035773 0.03898443080283587
2 0.4059151170682247 0.4643951055165918 0.20719246846532058 0.06412652698723209
2 0.5693048638935523 0.5424882315300654 0.13256449069783915 0.05111228388709099
2 0.43469734585858943 0.5635904347574425 0.06266121846532058 0.06160372463432573
2 0.43411449502104055 0.6642275101429744 0.08157862681409855 0.044366518871204796
2 0.39129455888161446 0.6312338793599961 0.04762525090704928 0.022302581168510027
2 0.38377350499858254 0.4268766274323367 0.092367321232802 0.07383385348964455
2 0.470954204406057 0.28084755072722956 0.06197917218618498 0.04207247463432573
2 0.4339905317663474 0.3319917086008469 0.04035838793035773 0.03779121347375858
2 0.32283914133669833 0.15709463067957138 0.22538443511654283 0.08201147930042346
2 0.07342199217424719 0.14000146002382907 0.14684398434849438 0.07680973620028231
2 0.352774667197414 0.08335316761120234 0.21423613134934483 0.15403846083460798
2 0.688733864906624 0.1165777744473694 0.11621404900028343 0.08596170657389965
2 0.37013266220864305 0.20189224127176952 0.221273571232802 0.07608392045304757