2 0.5663649017345423 0.4869531266639753 0.16358660835056726 0.13072626258498277
2 0.46096296337920245 0.3272531045796871 0.0784445416931806 0.19708542007005214
2 0.3608308750397709 0.2846496635174476 0.08462209003022592 0.2245655485369793
2 0.46031730590584896 0.5236103563131507 0.0760368833545444 0.15797746058107642
2 0.3778662967456782 0.5733939470946178 0.10076980336965735 0.2698510994487848
2 0.24623489924806446 0.5940405876004772 0.06520447336488489 0.23387657864722233
2 0.23445728004653194 0.33740921780086786 0.07626415002386255 0.17750871058107642
2 0.4864451792249973 0.41848173596749094 0.02802555000795426 0.05923018284565984
2 0.3940801375517022 0.3717902069493486 0.046171841681249326 0.10846744324644098
2 0.41583791673295145 0.47873475731510384 0.04017610667965843 0.09661231477951393
2 0.3064288267325538 0.4783508011977428 0.03622440334579491 0.0926151458015626
2 0.16616471669119204 0.17684546542604151 0.11848292001511296 0.11405569433854179
2 0.09807148760738142 0.7889472182516059 0.07562780334977195 0.12282121058107642
2 0.17256816334142008 0.05818379808624127 0.10685507668284017 0.11636759617248255
2 0.058121963418973334 0.629677428286632 0.1034260866884081 0.16252014342673604
2 0.07925339090346269 0.5148968316634114 0.1476434350135221 0.10301883667317724
2 0.13331727591897335 0.6279272379610676 0.062137741685226455 0.13812799415824673
2 0.2349665775182946 0.132674488507118 0.11055815503658922 0.265348977014236
2 0.27263138750198856 0.0117617599500433 0.04916902500397713 0.0235235199000866
2 0.3335646158398292 0.04448756031579849 0.08900423167965843 0.08897512063159697
2 0.47306533000477247 0.02446639603984356 0.03181816667329507 0.04893279207968712
2 0.5319318000079541 0.04622876899861067 0.05523294000636336 0.048147865691319486
2 0.05916328502943046 0.21547854981970482 0.04040337334897655 0.11614356477951393