2 0.44246782925880257 0.704021775902483 0.20571584003022592 0.23448693401734033
2 0.4887960208963039 0.4920219403297283 0.12154965169477139 0.21397040120247846
2 0.5796411125974388 0.7510472362987698 0.11605390336568044 0.2448791314712091
2 0.5238379533835773 0.4003764370058898 0.17894025670352098 0.281722466938083
2 0.6679180909352793 0.7893694072678114 0.18366466671306592 0.3522624800922627
2 0.6044260600334075 0.2811307757436619 0.22783656170431632 0.2904257563653283
2 0.7773612709360749 0.8015991505848408 0.21922999671783838 0.38946634847987927
2 0.7518535917110776 0.37071720652539775 0.10363062669079426 0.18364971700867017
2 0.8799330550803373 0.6426460649591457 0.12152692502783946 0.21201727620247857
2 0.6826774250576678 0.46427821975016453 0.08527979501511296 0.11621965781486188
2 0.7045374742401103 0.5816836013096076 0.06924571501034049 0.08015335519814348
2 0.6000573342516438 0.6605016836467578 0.06767894334818125 0.11324272362105359
2 0.5509217150699968 0.5473630850080573 0.04982809834499946 0.08878141442724541
2 0.6402307042190316 0.4227699533427336 0.08584796168840825 0.16504778281486177
2 0.9779956483728391 0.6759051569678158 0.04400870325432171 0.07717642100433508
2 0.8442613500059657 0.0930881538027985 0.1377414500119314 0.0958535853962868