2 0.5639124110865985 0.6233486394833812 0.27063363937046736 0.19902148785929907
2 0.7608704174443901 0.45670330405538107 0.33076846463952725 0.15005880212420641
2 0.3893218261499784 0.4772666543782678 0.3511184289694681 0.16820522845698982
2 0.7223832004773293 0.340794482054144 0.16556616883752828 0.0789356510621031
2 0.8358035954316227 0.29263328945727796 0.305650744416174 0.15517938539158782
2 0.3067449113427082 0.1354100136088246 0.44337014526387963 0.18064186972107238
2 0.8138320683455721 0.8062483343239997 0.1525364567816443 0.1760804298625982
2 0.7297058558253088 0.895492432288412 0.345531958746115 0.17389411305715474
2 0.5450795784240354 0.3576563591158348 0.09979669664970459 0.09067530153063919
2 0.5300753455864159 0.24008901301525748 0.127274206472058 0.05246525352981446
2 0.6330719419467974 0.1854044486514224 0.12613979580199897 0.06998654839653612
2 0.4915694254035895 0.061765436213937916 0.14735126602535198 0.064752304862598
2 0.7999062812767384 0.16299576232276253 0.25036925816746924 0.09895747179307224
2 0.7951198221675604 0.0773139979225151 0.18700775227405697 0.1205195773948867
2 0.861857489665427 0.9267558181588449 0.06300301798982266 0.054496109131628945