2 0.4927415544696625 0.4033878156234996 0.13944331483681927 0.12319718050115325
2 0.4069240682167402 0.4881547398950701 0.14038958558274373 0.08443067842656093
2 0.38754197044866867 0.5527110028612728 0.18812344087411548 0.12494402956874784
2 0.33017822641602473 0.6541983501106963 0.1761086929487079 0.12014978579252489
2 0.3596399761596034 0.7739164017190858 0.18019208039626256 0.09715628268063625
2 0.6175690300990069 0.6924817606468 0.27332094606059654 0.12169035892771407
2 0.5993966027097422 0.5551710147959849 0.21289293153844957 0.14429814212119307
2 0.5647717650524061 0.48263853035542814 0.16273281587411548 0.1230200430535986
2 0.4562859120978536 0.550152466037257 0.07223648651514913 0.030718587657335927
2 0.4958943936829429 0.4706226291607959 0.050752111515149134 0.02909059906759448
2 0.5206696506934007 0.8103923796794439 0.08075984284381721 0.06631883454544729
2 0.4602987598717305 0.7184317832050899 0.03494997406759448 0.05119610840326061
2 0.43196272486008036 0.6648239836712928 0.036607101142186904 0.0474378573659644
2 0.4341669867889869 0.6426590440967004 0.10452247925407565 0.04675844606059654
2 0.5153696732516907 0.6507541260489071 0.0608137344405566 0.0337368438811132
2 0.5497625562994446 0.9697008838228234 0.08718207520978138 0.06059823235435324
2 0.2258677894404783 0.87932341494171 0.33244841494170996 0.18442807988341992
2 0.12705668622369892 0.8310558407692248 0.14311415041956288 0.19726793153844957
2 0.307234197377536 0.9296219384090856 0.25704567324007965 0.14075612318182884
2 0.1752905088344343 0.6987770596503382 0.08031584595570584 0.06045945954544729
2 0.14346308222604465 0.6759752632284295 0.06557883973192852 0.07099421784381699
2 0.07709938668409619 0.5689962318473161 0.07161535217948317 0.04814871369463214
2 0.16063976479598485 0.5695008122435787 0.08738835114218696 0.051285830396262444
2 0.19092892480763501 0.6232566107400797 0.06696910736596429 0.03808709076922456
2 0.2073644592948316 0.4429334071619883 0.07821472199300206 0.058358335582743615
2 0.11734241857805221 0.39533182832167013 0.04051335114218693 0.04773385529137175
2 0.11901526816429481 0.44303539185896634 0.04021735321677938 0.04382760529137175
2 0.15100295643936423 0.32700274507574567 0.035245971993002057 0.05510235840326039
2 0.07867790120043779 0.30792890793705774 0.06066573547785292 0.03178371888111342
2 0.10489708973773401 0.30797376893355877 0.05240923858974156 0.02533234803029827
2 0.08447899923073607 0.3588581568997615 0.048798986515149134 0.028942600104890692
2 0.20184248340906596 0.2803654660314515 0.07223648651514913 0.03071858765733615
2 0.13701936100230652 0.2705986877622268 0.02565748444055671 0.031072862552445346
2 0.15040980731932438 0.25510711748250514 0.05300123444055671 0.03314484803029827
2 0.1652050905128034 0.19408710710954294 0.04264361358974156 0.024592353216779383
2 0.19027057910254502 0.2173474696619883 0.06022173858974156 0.02592434388111342
2 0.2516582803438172 0.07926874378202817 0.030007731328667964 0.03722823547785292
2 0.4086179834032605 0.06203378424238624 0.049065845955705845 0.058091476142186946
2 0.597079976660835 0.08893699716194911 0.03166485840326061 0.03346998444055671
2 0.2108937922727237 0.05384782702795257 0.027462610477852922 0.029267736515149134
2 0.13121595643355877 0.09150318361304191 0.03648824066433398 0.02024210632866802
2 0.13962160555359862 0.1639908070570976 0.02852774170163025 0.017696985477852922
2 0.1835523488111732 0.17994209673658074 0.02805460632866802 0.037080236515149134
2 0.2008670741782907 0.3443745941433402 0.051492106328668075 0.03885622406759448
2 0.2097918729370185 0.4877812826806365 0.04459673858974156 0.024740352179483116
2 0.21800466209785357 0.532096592587396 0.045011596993002057 0.05584235321677955