2 0.6011479474402797 0.3996346664461312 0.26935090503177195 0.11246547309828947
2 0.48792772067559986 0.2957725024249816 0.1570242288950341 0.16253711587419617
2 0.3394363580523354 0.5226831595539349 0.2369659862002823 0.1579875494291587
2 0.6325634643838252 0.4638308058948649 0.23700007812397006 0.1599406744291587
2 0.675970466716874 0.5431744428721406 0.17594182426865146 0.12817670332662612
2 0.3522873021460926 0.6990430533277199 0.2087699381080842 0.10804525199575687
2 0.4773774746302065 0.643128651759547 0.1282486181001412 0.07939169344079433
2 0.5770258842287886 0.585319151379533 0.10059804078694978 0.06069939600739249
2 0.6059768973170152 0.6202979995735097 0.06112643770269477 0.035670221102532595
2 0.574334840194604 0.5991104019973976 0.0631477465500705 0.03965605484777557
2 0.49657769074311564 0.5113938555618741 0.04933950385531882 0.03128646863107476
2 0.3340812012955986 0.4398345145444208 0.23008385348964455 0.0991550481934298
2 0.4704199974601373 0.468483131750033 0.08123725040538932 0.06966918355496254
2 0.5079824528178686 0.38095395684517325 0.06708808847375858 0.041768347338261624
2 0.4504164032034005 0.38623136482984144 0.04539916193163096 0.029174176140588814
2 0.46499887479318613 0.5498163623583835 0.055335246550070494 0.03933771986680368
2 0.11181922635517128 0.6394561246199861 0.19457679890297702 0.1894398320338131
2 0.28860124542907095 0.7456146294207385 0.2655128388791479 0.11621255560780352
2 0.6366033573408443 0.6952761183948649 0.10241479809219811 0.052966479752635465
2 0.18817093952282815 0.9265903804186169 0.267909158887091 0.1416827643530465
2 0.12058851815559472 0.8619134152568786 0.12824861810014113 0.07939169344079433
2 0.4156759100991402 0.9153657490978087 0.1730682173290774 0.07536274458138292
2 0.4213087449202746 0.9581355397347012 0.15713639001588597 0.05714794961943914
2 0.23345077972155137 0.9452677667780283 0.09857673193957395 0.05671356226214952
2 0.4597163377581483 0.8070502185845985 0.06708808847375847 0.04176834733826151
2 0.4211019754409855 0.7783286641168368 0.0730156473211343 0.04591334857399065
2 0.4218811470109136 0.8789543934894581 0.11416764001588597 0.0553971072240933
2 0.35955160662935326 0.8912666983372339 0.0651008715500705 0.03973563859301876
2 0.3866957477621198 0.8227299215312105 0.07739918425276526 0.0734162660644766
2 0.2884428890975811 0.79252942129336 0.26753414772652384 0.1201983893530465
2 0.09414104352126905 0.8024011289450375 0.10632104809219814 0.05312564724312141
2 0.19812679484084433 0.713142669201916 0.06335229809219811 0.05137480484777557
2 0.13343502637502883 0.7020970577949346 0.06496450385531888 0.03192313859301876
2 0.1814960830920505 0.6561621516638599 0.07548015117645324 0.07528980731923363
2 0.8236964721937508 0.8322867044694024 0.13386934963432573 0.06595856967652347
2 0.7103640843082188 0.8339728741934958 0.09844036424482239 0.04890106226214952
2 0.8999755656397086 0.7793384590323043 0.14222732041333241 0.09752690465749536
2 0.8038803835172976 0.7607771250492108 0.07513923193957384 0.055758557319233626
2 0.7589755544791414 0.7635841136897996 0.058140669642268605 0.08824542861204687