2 0.8044858371444934 0.6992601999216903 0.3910283257110132 0.22890169338828903
2 0.6958845835197621 0.5297900303517523 0.314960011934712 0.2215856353915877
2 0.6808830243938777 0.6418001169510925 0.16051283143355866 0.08652083052898973
2 0.6862926361596426 0.31279424988527804 0.2695650015617499 0.23975296219290732
2 0.5185639136537978 0.5016732022801648 0.26098106172493063 0.12647171219290732
2 0.771832153537257 0.3954535669875048 0.28468542116548745 0.15639371865896923
2 0.32265061490668107 0.8352434448406185 0.22928706483681927 0.11970305506045387
2 0.21851270230179032 0.7912951967044535 0.17229216494170996 0.16481632092882492
2 0.4243745298425855 0.7569224750103092 0.31711941286711753 0.17292800079142268
2 0.4872422207108955 0.6307963225790101 0.1607505523892645 0.14109467026243294
2 0.15781667506986183 0.7265086055028865 0.12807883973192852 0.06998654839653606
2 0.5464559517773367 0.5468612631141854 0.08300896576922479 0.06672633033113406
2 0.5376546265733608 0.6890311269469689 0.1561625845454473 0.08054779526243294
2 0.5709923345628639 0.7673370675810719 0.12293032106059654 0.1049154778634227
2 0.1262526480943546 0.5424497642023918 0.1779138189860041 0.11041297159521646