2 0.3546416720828436 0.733711744105682 0.29366490969786985 0.2754502692959626
2 0.613540170965963 0.6260129441051351 0.2914489346581548 0.1484971442959624
2 0.38364604099376365 0.5277150827938408 0.15240204849758754 0.12136232338371022
2 0.6617106640661041 0.5537042039909669 0.2860327546660977 0.17364901806023347
2 0.7546787677584434 0.4343579731447659 0.23114070312397006 0.1597019231934298
2 0.8450536673133389 0.6315373679164293 0.29250578429248053 0.2090440192959624
2 0.5410282350875208 0.357244386168037 0.18519607041333241 0.09927774705284098
2 0.6078023356360324 0.45085012975154165 0.1362656696422686 0.09142877842176622
2 0.49736554332681254 0.45123646064531275 0.10501566964226872 0.09015543849787844
2 0.437113392353054 0.48787165641540153 0.1230369896502117 0.11626231720506541
2 0.19543812677666816 0.42514952138740647 0.39087625355333633 0.20740258279384083
2 0.1701390366296484 0.33040472457186904 0.2864418577503529 0.19708651806023347
2 0.20814690493248428 0.22445514885886436 0.18735374695546003 0.11107608079808395
2 0.38995798955092387 0.22209081216646234 0.05965059963432573 0.06293438735728968
2 0.27000137631957527 0.09602307808877553 0.17669184658978565 0.17114545332662606
2 0.14296302151035545 0.09573294714798121 0.10659378348170151 0.06875064724312144
2 0.9156411206400039 0.45068925712731245 0.045842356939573836 0.054564801140588814
2 0.939470677762415 0.42918332457022834 0.0495781473211343 0.04495834363107476
2 0.8572810714309251 0.3789260153974013 0.1714219196422686 0.09286128583614006
2 0.7837051253061016 0.2830886037055462 0.2406676846581548 0.14642796691964466
2 0.7725269034102142 0.1956572468614668 0.4212316893242525 0.3157794627367567
2 0.6573876435692223 0.2974867021373734 0.1539801623370205 0.0999575321289532
2 0.5772754266455344 0.29617689358241084 0.11420173193957384 0.05735023222409341
2 0.43679395495234186 0.17025009267967262 0.11046594155801359 0.06695668973360741
2 0.3372428784499294 0.050877362927037165 0.3450454931001412 0.08822548916276612
2 0.8808401111009945 0.20495695722245266 0.2362060785293596 0.22626734068391574