2 0.6651900967723345 0.6368566692967901 0.20146867095791854 0.19964070789498023
2 0.5082445789613335 0.3428139217654128 0.1780281770487273 0.34985670496493215
2 0.4691730972337599 0.7954645039682551 0.20704849822351523 0.4081244351467337
2 0.5749738548703407 0.47352190487726237 0.15153732456626123 0.2703549236572539
2 0.39771988548588094 0.2268053391011453 0.17407246105574092 0.31848154302787046
2 0.30450538729697396 0.36574214990540865 0.08245320789498023 0.19395895473421954
2 0.3292949356081589 0.37316604911867923 0.07872457973421954 0.0750686536083427
2 0.41904987468853927 0.43824348684939196 0.08252890383905542 0.164787241671281
2 0.31133533697859156 0.6696160973145079 0.07744673041251415 0.11583395473421954
2 0.256726526831858 0.4852219096991516 0.085835574104836 0.09497538941952777
2 0.17307679576181412 0.6520031182516615 0.0788992076642675 0.10814661667128123
2 0.10878518371631782 0.7110990129545036 0.10561714797895927 0.10013325879014401
2 0.17814286030361984 0.8828226210663532 0.15396786127261025 0.18687119640550054
2 0.34283116998892804 0.9031018487795319 0.10451392658730208 0.17397652297895938
2 0.23837569112218604 0.30509634291943577 0.1266998072166855 0.15594721622369911
2 0.10490402432862697 0.07382865225867505 0.11983913672019231 0.13994673041251415
2 0.2458040811992435 0.10230898075858312 0.0959766849160209 0.10146057410483597
2 0.21273324529346715 0.37542195789498023 0.1227935572166855 0.15569689234957584
2 0.1501328163528987 0.3850260699404765 0.07083638379014423 0.10373971892303446
2 0.11755963428617781 0.8176694873915653 0.13874457703488405 0.13143272478313062