2 0.4416067490396216 0.36740104934314277 0.1464041753841514 0.14571482973932304
2 0.3515042037712006 0.45238308356167567 0.16928382386694252 0.09166376258498277
2 0.29697645831312847 0.545042055826259 0.2410711522758131 0.08748638867708358
2 0.3188197975151391 0.6130613011719187 0.1672907602314606 0.11501034360703133
2 0.52092781286233 0.4504559543580734 0.16896495947285617 0.08775751258498277
2 0.556203878768776 0.521723103626563 0.22181882803441755 0.11433008429835079
2 0.6008471503550563 0.6460428443178825 0.24609342765511544 0.1012491826550348
2 0.36613363898811374 0.7286374388522139 0.10491057613790655 0.04337951842673626
2 0.5091502831162036 0.7505561285364155 0.139548590911295 0.061730454739322926
2 0.37966637345369625 0.8385352229754344 0.26044264773388526 0.18150914561093767
2 0.3432549575399766 0.9561151861696182 0.08398405265511522 0.08776962766076357
2 0.25562328898083997 0.9197920286368926 0.12444182613790655 0.043834113316493006
2 0.5950085505350091 0.8973603529852002 0.0935106905319929 0.04701301149288195
2 0.6706225740178003 0.9539116920332038 0.1332109193201656 0.05573470127239588
2 0.11810705565073945 0.8304905264526912 0.08462178144328797 0.10528854507005203
2 0.004515233604878864 0.6882728113125869 0.009030467209757727 0.042424869158246725
2 0.01875502536717927 0.6274312661472223 0.03751005073435854 0.01876007171336802
2 0.017220530763749357 0.6957906411472223 0.03444106152749871 0.03252286569131968
2 0.23001316265813151 0.8379872595687936 0.15266229204920162 0.10297337718420163
2 0.14371428086948554 0.049330628917665056 0.16493921591129507 0.062321428096007075
2 0.03479825283264347 0.4593943269137587 0.06959650566528694 0.03924597098185778
2 0.022392253681224217 0.6472352730810764 0.044784507362448434 0.020576818246440975
2 0.038504970827675976 0.33028350921336813 0.07700994165535195 0.05900451842673626