2 0.6544559554645464 0.5533960127865144 0.19597234562683163 0.26341983079808395
2 0.5781448524233409 0.2650066513795331 0.14845402918179418 0.34142877842176633
2 0.5204646103598921 0.6018958330809022 0.1104327643530465 0.2696837710073925
2 0.5035530644957569 0.1868567705809022 0.1581400704365512 0.33987357214798125
2 0.3675455398276538 0.5699776358372339 0.10094900570294374 0.22834981102642038
2 0.3757361061305278 0.290861485884804 0.08812272975263546 0.10498460104544849
2 0.3421631794185509 0.7392595176337431 0.1525260931553737 0.2499502384027381
2 0.4812578539433967 0.6719662586036265 0.1989169442008223 0.33568545579808395
2 0.2467138037542101 0.24525317932559831 0.0884344182505139 0.20834105855496254
2 0.49620809724257453 0.34268729429760314 0.065358368345654 0.16840313735728962
2 0.48565157613949494 0.5397324023774115 0.06659523963846725 0.15090459610253282
2 0.30317038046509326 0.31044743883141607 0.07186105979069146 0.0887229310835046
2 0.14555748707132216 0.4274044521865842 0.06504667984777568 0.06504667984777568
2 0.17339867899206063 0.1504221522817244 0.12394547186256055 0.2663346072240934
2 0.1525393861215607 0.05042644638795331 0.07851627224312141 0.10085289277590662
2 0.1340061691527052 0.6000354977663926 0.06114042984777568 0.06488751235728962
2 0.14664175033080315 0.886128518393771 0.11781752347885038 0.1159439822240933
2 0.05322005503641539 0.7539675994297057 0.0500948184407943 0.1287835511405886
2 0.11418640631971447 0.7377888364545515 0.13423171444818677 0.23165585969555114
2 0.23638274092067246 0.6398822473863786 0.06819356102642049 0.09442313859301876
2 0.0749149772319667 0.8782911375951402 0.07241814600739246 0.10239480608350471
2 0.48114188859301865 0.055420369914920706 0.0755650271860373 0.11084073982984141