2 0.3199929572747142 0.45382880246937674 0.1498300272394082 0.1938677781217626
2 0.5411874821875525 0.37301499844643216 0.08898232149115248 0.2981057640608813
2 0.6591194568143178 0.40985954636769495 0.1085546352270721 0.2717626649085867
2 0.5880089438002796 0.7122273557661958 0.14789028683622663 0.2774882800862333
2 0.49493513052475624 0.7402238942281678 0.10179367792776972 0.31427657361417527
2 0.3986307990009772 0.660298232266287 0.06998399011264289 0.221297111248705
2 0.43384773465939186 0.4228811807256691 0.06453434252637447 0.22688358147205812
2 0.4564184787703325 0.5904887502561098 0.035033058792241056 0.08339577388323471
2 0.480169739142674 0.47500555882716833 0.041124521665475866 0.11482771040099937
2 0.6004850980511307 0.5197990591367545 0.036713032183086636 0.07958049214211727
2 0.7803511475370923 0.8338562898016337 0.04126109747005291 0.11678083540099937
2 0.8818176804957023 0.7278712037279851 0.09608517327463018 0.12128107164970459
2 0.8918845912166905 0.9691996732815074 0.07731892976935528 0.061600653436985287
2 0.8149610943187837 0.8433062184615154 0.04206716770069763 0.04478811517764658
2 0.8685880844560145 0.23052529388536827 0.08972055879224117 0.08594288513193987
2 0.8614250019868548 0.4310389952914564 0.0756800201144292 0.05219395057864595
2 0.6101877625290539 0.05879198665960787 0.043023198332738044 0.05845999017764644
2 0.7257363528741279 0.08768758219254716 0.11048099103343567 0.10443069272076305
2 0.6375453520986045 0.11591154130172501 0.05128648948238901 0.03743045647205806
2 0.4458248867535306 0.08346818367237516 0.05597113057393244 0.07658392473094039
2 0.8176707136241699 0.3702165229488395 0.03816091770069763 0.04460617865988181
2 0.8049218627368968 0.7066543483726924 0.10352900959681843 0.08853278794411601