2 0.5618608258405247 0.7890625 0.12770555602595035 0.3125
2 0.4615252840895252 0.5888671875 0.13410994600818493 0.173828125
2 0.6001501321504034 0.5693359375 0.1382292189616776 0.140625
2 0.40185541610050146 0.3447265625 0.20452480495209713 0.17578125
2 0.639100619062877 0.380859375 0.20359526939121908 0.1953125
2 0.41489102569491165 0.2021484375 0.1598242579712582 0.10546875
2 0.6033841983262485 0.1279296875 0.18017437952255566 0.12109375
2 0.4858702079082866 0.4384765625 0.07944736120519003 0.0625
2 0.495644137973955 0.4013671875 0.03945532564431198 0.08203125
2 0.5664642801606817 0.4296875 0.0859208898686632 0.07421875
2 0.48934906292335534 0.28125 0.03946363070998027 0.044921875
2 0.5300105841524969 0.255859375 0.05159181648562905 0.052734375
2 0.45746279751776553 0.138671875 0.06577548620519003 0.0625
2 0.5058814867421166 0.130859375 0.03905419493433149 0.037109375