2 0.5869339748310529 0.5154294509043789 0.18700003268063647 0.18091107832662612
2 0.4945427974417884 0.6554907182045845 0.1466369870396027 0.26493856844079433
2 0.3781669851982097 0.7780318866929489 0.13110170903260476 0.3168771059883644
2 0.31301872638119177 0.7641361715312105 0.11890751712119307 0.20734293849787844
2 0.45549947976111277 0.4127212511892527 0.11029674533797251 0.2478810610264205
2 0.3488333220862818 0.35573408716810306 0.16729395177153128 0.3319814884027381
2 0.26070728266902543 0.2853353569397665 0.1267514621444934 0.31085856349787844
2 0.37011488096155054 0.11342721155023856 0.09023177645685909 0.18865064106447657
2 0.4141947764510536 0.03277376601800028 0.05433322510489069 0.04894417737631772
2 0.30046952956294226 0.04383424498600242 0.12550458039626256 0.08766848997200484
2 0.259822748700477 0.10429161002908896 0.033292846993002057 0.05392813117864487
2 0.19249936643940344 0.09340516611259359 0.14225529512819107 0.15572273593128028
2 0.09303185905011925 0.19406404087474308 0.1860637181002385 0.28841253707186904
2 0.31598908505829004 0.14678618079917777 0.0799907095454474 0.07919605731923363
2 0.5218677883799602 0.054854166540451096 0.07318506379952305 0.10970833308090219
2 0.4522358529545526 0.05750948674051899 0.06767996369463236 0.07090605484777565
2 0.634912470693479 0.03643632343292098 0.07640959595570584 0.0576320985739906
2 0.6120658132750694 0.09383299401272938 0.06738396576922456 0.06699980484777568
2 0.5654879644697017 0.027582588261668598 0.03752423340326061 0.032682507414373806
2 0.5237906216258845 0.08964155442128541 0.06510570435896623 0.08832501235728968
2 0.4035453474942337 0.6358334461036265 0.0800512930535986 0.1570823060835047
2 0.39947883582755395 0.49678188669294887 0.05442294709789275 0.10151938488583179
2 0.37834758245343847 0.6086273060370284 0.04202247925407554 0.0406541749048599
2 0.24137654225530725 0.656070980086173 0.06377371369463236 0.07074688735728962
2 0.2888289688636969 0.6336929495729628 0.04202247925407554 0.0406541749048599
2 0.29235065221451206 0.6257610739550984 0.05803319917248517 0.09777230237631773
2 0.3139113332343134 0.49540075898364044 0.05217382417248517 0.09753355114058881
2 0.29337438224946255 0.4709253470539348 0.04998297821677933 0.04292563488583179
2 0.255613581159721 0.4938820213409301 0.040040215769224785 0.06588563241437384
2 0.22972068230190792 0.450153902519575 0.08549580965033815 0.1261506410644766
2 0.046708971987196576 0.4252672788974673 0.09341794397439315 0.1299341922050654
2 0.05444076451924434 0.3309204008081449 0.10888152903848868 0.09242689847885033
2 0.10235385216787218 0.4222430965782337 0.1491798013519684 0.14432232091225228
2 0.030519384717395206 0.6563544645438739 0.06103876943479041 0.07154272480971957
2 0.15886985034389556 0.7684701624054067 0.04829671265733604 0.07206334239534584
2 0.03248419578675879 0.9821897702473645 0.06496839157351758 0.030367932319233626
2 0.6818016166784083 0.8951415080814491 0.057618340769224785 0.0666018861215607
2 0.8082728034091444 0.5365905495740566 0.07608445954544729 0.07903688982874768
2 0.8635331169406351 0.7709108466274446 0.044213325209781384 0.0952620911596167
2 0.8934791114919272 0.8767808385952063 0.04199334076922456 0.0659652161596167
2 0.9054670274709333 0.7185777135952063 0.058683471993002057 0.05496271986680368
2 0.9228948469697801 0.8483229161618044 0.027523193986004113 0.10626458745242973
2 0.9156620801166193 0.6996648992416128 0.06537256379952305 0.11754230361204665
2 0.8240918166375739 0.4434589852204632 0.08345296265733615 0.07349584980971957
2 0.8408402248310529 0.5050835640227903 0.05670120850815108 0.08019417737631773
2 0.9280391758217093 0.2922178198214212 0.06918909180652077 0.06512626359301865
2 0.8177750287762618 0.3726474251919211 0.05232182313518896 0.0994866761405887
2 0.8616172033100591 0.3465223121691968 0.07714959076922456 0.06739772357399065
2 0.7813036638928028 0.2758052469598884 0.06915995332167002 0.09043730484777568
2 0.7329946885314907 0.2067047374540706 0.03867908662003994 0.07361854866913081
2 0.7674960526340749 0.41947931007775285 0.052025825209781384 0.09558042614058881
2 0.8352074613520075 0.24537596521094915 0.039892216806520775 0.06393250741437378
2 0.8914903516492241 0.389114701000066 0.04261447510489069 0.048466674904859786
2 0.7935427168007154 0.1399834757146454 0.054333225104890914 0.04894417737631773
2 0.8472256690850893 0.04822971582881365 0.05267609803029827 0.05277084363107473
2 0.8189344950699402 0.074694721389594 0.060311460582743726 0.0764470948668037
2 0.9094588096445326 0.074900327235795 0.04604758973192857 0.06807750865010279
2 0.906379969912604 0.141226993490552 0.04800071473192835 0.06815709239534573
2 0.7007412940850895 0.05419849672203785 0.02565748444055682 0.03025187994291588
2 0.7213959522785685 0.11566390803387899 0.03521683350815108 0.07931875617864481
2 0.46015033765153057 0.14577979615119657 0.07848158143355877 0.0849758485739906
2 0.4852909789918488 0.05810968807138818 0.06421771058274373 0.07660626235728968
2 0.137804946824055 0.48115850480075245 0.10295507417248523 0.09960272851690644
2 0.007677917010496912 0.19670853878329908 0.015355834020993823 0.07923917243340184