2 0.5810124213631143 0.6590075167449698 0.21866204545304768 0.22250011160567174
2 0.6692857249363082 0.3995756503697934 0.30309950081077885 0.13806265624794045
2 0.3653213159458103 0.5582483948887977 0.25578130580283587 0.11185382507943009
2 0.2887964184219812 0.48338905895078277 0.2850440888791479 0.11041207893474914
2 0.5701998320785768 0.4872688844397216 0.14168184963432573 0.06300149350553053
2 0.33357970779006796 0.3067725568204286 0.10635514001588597 0.052622213879147894
2 0.3791273407034005 0.39780236353745024 0.047659114244822276 0.04574008116851025
2 0.38711030032184013 0.40743162084269857 0.11426991578694978 0.058617956573899566
2 0.5373816035889323 0.3979706052187284 0.13777559963432573 0.0629333096581548
2 0.5678133974204221 0.3505501344397216 0.0715057173290774 0.06958668425276526
2 0.4779866933822661 0.3530949254293661 0.05927558847375847 0.040085257710637756
2 0.5321336652781534 0.26520924310426025 0.19078271002382907 0.07947879159772875
2 0.4296600618877967 0.4946063154452522 0.10645741578694978 0.058481588879148005
2 0.45267141284169765 0.46978314986099706 0.05146308847375847 0.039948890015886085
2 0.2564213849402797 0.41948140472978956 0.20739637581077885 0.1363921519872321
2 0.536334639304395 0.22606151329504043 0.05146308847375858 0.039948890015886085
2 0.3065647737399974 0.2701234227902156 0.1417159415580136 0.06495461850553053
2 0.5272266462042539 0.15197913098979215 0.17906396002382907 0.07927424005560113
2 0.27409240716212624 0.14467528510737843 0.24005403003177217 0.10572171468992686
2 0.28155188463829717 0.06834999645078277 0.14250005580283587 0.10987649350553058
2 0.03456185927262286 0.13322654575914925 0.06619181310808418 0.10073440848170151
2 0.373747977372764 0.20154739296113822 0.06561225040538943 0.06753128348170151
2 0.5522884552543244 0.1886623569436931 0.05698154423687929 0.020519915786949783
2 0.57512218597773 0.04175021712844221 0.08736936079489288 0.08350043425688441
2 0.7692194800119145 0.03246077009149238 0.24937646002382907 0.06492154018298477
2 0.7874112596382972 0.06746360643489671 0.25060376927659433 0.13492721286979342
2 0.7521769404411331 0.16758980976568078 0.0914801623370205 0.09531822848964455
2 0.8031847306199986 0.12371762378795076 0.08023869926865146 0.12245742694751699
2 0.8713104048290774 0.05317142299702942 0.0660895373370205 0.09487503348170152
2 0.8733339316136148 0.22506346895887339 0.12060657771858097 0.08606398234496343
2 0.8365825218123379 0.24621902800894396 0.1027557173290774 0.07013215503177206
2 0.9276854550516296 0.14889653663376753 0.061194621550070494 0.038166224634325674
2 0.8592722174283651 0.37086106281022074 0.11625713271063765 0.06060517349758754
2 0.9226734354689337 0.25350804586667525 0.06496450385531882 0.030421908481701565
2 0.900316991677159 0.4277793658746183 0.15185657771858074 0.08660945312397028
2 0.9379547914943218 0.4574050568245477 0.06318183847375858 0.04015344155801359
2 0.8808489828496406 0.4877076435733415 0.0793182173290774 0.06972305194751693
2 0.9618453718520531 0.3710243618166047 0.043616496550070494 0.0378593973211343
2 0.9329405539744642 0.8637232406719235 0.13411889205107164 0.12173161120028242
2 0.036719029014179366 0.536632088068369 0.047659114244822276 0.04574008116851025
2 0.029978206673187457 0.43027200537758886 0.045910540786949824 0.057424739244822276