2 0.6788111549669902 0.2908290182974319 0.24216751004533887 0.35064662315841455
2 0.6139121232495492 0.6606186058555397 0.13633513337443004 0.3120215297112474
2 0.31516627829608124 0.2966759186460785 0.15082516838397497 0.3832900603432877
2 0.20643830412557007 0.31741627399204564 0.16361070337363448 0.3080742159753278
2 0.5601430007260845 0.8095524443221461 0.16688197505567937 0.38089511135570775
2 0.45385609071653943 0.880162201434831 0.18847861503420305 0.23967559713033793
2 0.44445546074358366 0.6927501112596146 0.08589341502227166 0.16993525959681843
2 0.2164839073938117 0.798001067928663 0.1393777700310213 0.23807593132040172
2 0.2706039248985842 0.7666006525545351 0.088051080024658 0.18764996040139548
2 0.44948531240057277 0.7644489011733461 0.09477270001193128 0.0944462636197041
2 0.41095757325153787 0.6317662846795141 0.04396872334499946 0.08894216770069763
2 0.3425534290957419 0.5468397186170246 0.04814769334818114 0.11265281930985216
2 0.4363836566080709 0.46250675683444015 0.0844630033617032 0.21472055879224106
2 0.5430662307547196 0.617547651488473 0.06406814001829453 0.1391360507464694
2 0.5397629216064801 0.4814640244770301 0.0671562300087496 0.06909670235562371
2 0.6386002741088663 0.4707829776081771 0.051758496678067534 0.08753534591900647
2 0.5980164557805706 0.4308055107120565 0.027911916673295067 0.05074018626408039
2 0.39553848161005944 0.4449902274383196 0.08119173167965843 0.1013027329876639
2 0.2672899365949465 0.5474409251408037 0.045671855008749596 0.0675943685052749
2 0.31078139993437803 0.5055237178415013 0.04151561167249973 0.045836841896120584
2 0.11834245494511617 0.41290115068836164 0.10224566836408949 0.23352786603343567
2 0.056730163311591905 0.16425352413731506 0.08966330502068087 0.15848966120597258
2 0.06835800664386468 0.45120579146477807 0.13671601328772937 0.23053658292955614
2 0.14435464239540252 0.7812290131593077 0.09515905334977193 0.1276493886197041
2 0.17161022243994595 0.4547429228142338 0.09631811336329404 0.2272587636197041