2 0.4601914067526177 0.7132949770556489 0.197123807829783 0.45159383289498
2 0.34952091365247656 0.6320671585801965 0.19408962662155782 0.27776570789498023
2 0.2868047656239702 0.1686016868424703 0.18298453124794045 0.3121709862726103
2 0.49228705103333115 0.26078267176541287 0.21269050933219558 0.3374859153285351
2 0.6118972955523354 0.5747452700835195 0.16973164468198387 0.22352938965024038
2 0.6067785643242525 0.33737800161498865 0.1452615016215577 0.27463665946843885
2 0.7277381645666624 0.5051065488072186 0.19916488737673554 0.23321931870616508
2 0.10036110845772486 0.608296511604836 0.0823523985373027 0.24719397748246608
2 0.08340703023446683 0.13995984538805853 0.08188499695546003 0.10864726441952771
2 0.1540846560452457 0.27715301318521635 0.057346670047658144 0.15584828423772623
2 0.06135690695531243 0.7209024859265413 0.10150863737673552 0.22696122185308254