2 0.2985141974795378 0.4196060339138581 0.23330158016686775 0.21349538151258463
2 0.510798973881733 0.45842765043680267 0.2132751455786437 0.12878326044152621
2 0.2522865714056845 0.5581441490915046 0.244218068746907 0.12437937758364326
2 0.6026553334193575 0.49019398651045126 0.28069667995209713 0.18842583798464274
2 0.2144772939296359 0.647581234492504 0.35121389783992146 0.19560694530440648
2 0.7223796952750455 0.5664487520714239 0.2891150285499018 0.23752686776128984
2 0.2028858180705533 0.757229139269151 0.38821260883034087 0.23240062396428796
2 0.6336480869816312 0.7167083098150402 0.1830570400834337 0.10984061155829128
2 0.36244867707125117 0.8540345088935948 0.21132202057864358 0.12869229218264389
2 0.5396767589624701 0.6509442227591562 0.11572955958822417 0.08916956575629253
2 0.42239105255139214 0.6768646466626544 0.07975443803692661 0.07190713709641061
2 0.3429574980226504 0.5753530159240354 0.11285520409301442 0.07150047249740998
2 0.455816854648499 0.5223617467971842 0.08849647359780477 0.052830728390822035
2 0.5809399762565822 0.6071326700815098 0.16455768458822417 0.09144377222835054
2 0.32880569948781724 0.9569160486473884 0.07492695754171685 0.05414707557864595
2 0.911835623729934 0.7992210372771036 0.09505575107385322 0.14081232164970459