2 0.47869873438371013 0.33664798735695706 0.19251981898725323 0.2036721198320418
2 0.3335545362468949 0.4084725516680501 0.2684985238568113 0.1753503103774463
2 0.2012647318939729 0.5068273133882424 0.31530534616371414 0.16663544686692577
2 0.20849837260370618 0.5747486216085266 0.20776984167521895 0.140220290328535
2 0.5684579133683977 0.4842734317206519 0.2467982528286703 0.13686415406976804
2 0.6140729282482185 0.600535332168234 0.33309936719185496 0.20487127930048077
2 0.6761986020372432 0.7001083561507919 0.3094232452660153 0.16235371105574092
2 0.8544891104298109 0.6163904139096508 0.18807951039132575 0.11162492095791854
2 0.9383144041459175 0.5836647006159998 0.05111077551663623 0.05989483536360307
2 0.9174777172303403 0.696369606923678 0.09838347872636932 0.13125809685308254
2 0.8531836735142336 0.7278437008467125 0.05489203307929147 0.03866078423772623
2 0.8574989896728165 0.7979058769725891 0.16296159616371408 0.15687281577611722
2 0.7484876040360011 0.8674149454480417 0.29591045154990847 0.1888213274963093
2 0.8166702022277745 0.6647295091823531 0.0844616188516798 0.08741321329365093
2 0.9298542160614949 0.4728372233642464 0.11959514295398099 0.0857598781607607
2 0.9175566067712281 0.5420101509551472 0.07461645320973331 0.0731155286083427
2 0.9546028344514967 0.36085855568244496 0.06294315500513137 0.08017705698597277
2 0.8970481431701691 0.37529302032576367 0.07072156615858294 0.07481832973421942
2 0.9579472695845044 0.4319598752768524 0.03537214602814087 0.03936228986710977
2 0.8926880263172472 0.46544967516841773 0.09024145320973331 0.074116824104836
2 0.3438769457405214 0.5035498669827418 0.15676133269822845 0.09790357996493215
2 0.48078886587096337 0.5279916563884262 0.10190338846548563 0.0651021707272057
2 0.36846713394768904 0.5322587802694712 0.043218734874689524 0.04572231261535631
2 0.308658850622908 0.6630919253183825 0.07459372731203429 0.06920927860834292
2 0.33477605324821846 0.6184334891680501 0.043218734874689524 0.04572231261535631
2 0.34355375279936895 0.6159171354512727 0.09996162641433526 0.06693013379014423
2 0.4734763356203423 0.6144298041366728 0.09798577551663623 0.06289872185308254
2 0.4951141104298109 0.6394202103289947 0.04521731167008758 0.053659974552418
2 0.46991097408582794 0.6732738780107961 0.06860935987468952 0.047349417797157844
2 0.5101545696651193 0.7058643083010323 0.12942894564707785 0.09810443784606893
2 0.5123015158966202 0.9069736023325015 0.13937637782867052 0.12998024753137716
2 0.6099691288454696 0.9026686304794189 0.10029115193097127 0.12357075879014423
2 0.5255756876868869 0.8377380937730698 0.15323006001026274 0.16210638109080877
2 0.28748760781732874 0.8862109750945913 0.07470735680052942 0.0887405286083427
2 0.1898534326139689 0.7283439909791432 0.07451418667008758 0.05553740360834292
2 0.11439481898725316 0.1841468576504242 0.06871162641433518 0.06492754279715779
2 0.4793451202660151 0.11191345041989541 0.08248576795398088 0.08338180135658937
2 0.25313990205371617 0.023702435804263303 0.09598719872123807 0.047404871608526605
2 0.30869601653964573 0.008629046500091924 0.05879828307929147 0.017258093000183848
2 0.32920382903964573 0.008941951342746052 0.11934515807929147 0.017883902685492104
2 0.5721412836637142 0.10987450840946696 0.07861360680052942 0.08899085248246605
2 0.5133714079565466 0.0833559290213165 0.08238350141433526 0.06580367635658935
2 0.7309005420562819 0.03240867520302605 0.07072156615858272 0.0648173504060521
2 0.6416022136010588 0.12691563464377834 0.09993890051663623 0.06302388379014423
2 0.6706718296240685 0.08597570558785356 0.07272014295398099 0.08275599167128111
2 0.7327520516176951 0.17773622957041155 0.09417042910743234 0.07827339797895927
2 0.7965979099553046 0.23714502911590787 0.07446873487468952 0.04772490360834275
2 0.591053904052474 0.17020890750738127 0.09799713846548563 0.06485184685308254
2 0.7686121533453065 0.128545733734771 0.06665623487468952 0.047224255860096154
2 0.6323643146215028 0.050330425860555764 0.051031234874689524 0.04622296036360293
2 0.8676199431573408 0.18667818091315758 0.05111077551663623 0.05989483536360296
2 0.963124216552474 0.14636555849713667 0.05499429961893698 0.05623890923772623
2 0.9339580154642436 0.17070392505306148 0.07848861436318466 0.06750647748246608
2 0.9432009448171657 0.08023436536775319 0.06864344872123818 0.05320879279715779
2 0.8777030796240685 0.07270854025931853 0.07256106167008758 0.055412241671281115
2 0.9434629437417635 0.29318757133628404 0.03139771833504379 0.027393215992986386
2 0.8846703421368969 0.26276274194813354 0.0783522589769905 0.044068977482466076
2 0.8314657069617595 0.5211500886858598 0.0883678688516798 0.08766353716777431
2 0.9202931241407861 0.5086192830495546 0.08046446526088369 0.07153788941952777
2 0.47060979544007364 0.7933910655107961 0.10608234923787419 0.11222749460132908