2 0.4552774592715293 0.790645823288023 0.23594450837442982 0.31220484068391574
2 0.6333406867639728 0.7422636734777566 0.2488223183879521 0.4122917181553736
2 0.7212079009189734 0.6599472338863126 0.2171405117162477 0.3739090032314858
2 0.5085070316975554 0.24815125251793424 0.2289956217178386 0.38610525570294374
2 0.8143088225552815 0.44021402490321904 0.2824786083704529 0.28481797556974753
2 0.6468727808720436 0.31137909405756503 0.21686779171306592 0.3504715032314858
2 0.3917520225473273 0.3644301859307334 0.24923003003658928 0.27955880190061655
2 0.5825907900520999 0.40734585109192484 0.07982950001988542 0.14966772480971957
2 0.4507341784193711 0.6518545726701586 0.09972437669079437 0.18171356226214952
2 0.4282491458963039 0.48109706834510724 0.08155535835056738 0.13021605855496254
2 0.22402600761851726 0.8817612951041074 0.09913348335056738 0.13093231226214952
2 0.29039816761811954 0.881537454942369 0.07594597668681735 0.15146168231923363
2 0.20351751094044962 0.7969810826516774 0.11110222668681724 0.15289418973360736
2 0.1320786725711899 0.5295472140681728 0.06318180000795415 0.06114042984777557
2 0.17172001839988332 0.4969989933456541 0.047693160009545044 0.07222250988583179
2 0.10973000004971362 0.3705084597431214 0.05380252834579491 0.0939456361215607
2 0.1225169033955085 0.46278283721457936 0.04975991834420407 0.08206771863107476
2 0.09900122841738249 0.6228810610264206 0.04142470500477252 0.03682750865010265
2 0.15448347758192804 0.6095241977658457 0.04360509667409057 0.05643834239534584
2 0.19931444591420083 0.6035421239064345 0.07962496001749919 0.13208959980971957
2 0.07130384672380419 0.4236042848382616 0.08346303001670377 0.12638939230020552
2 0.07766389257437158 0.5507563692013691 0.051303963339431546 0.04699105237631773
2 0.15608639177868805 0.8311640933932242 0.05368889501113583 0.0841800111215607
2 0.11793953254295256 0.3210618990967149 0.03997156667727225 0.07971667490485979
2 0.16736786168244244 0.1229755558456541 0.09481815334579491 0.09561689477166349
2 0.22766474334619258 0.10395827694818677 0.06349997334499946 0.08848417984777568
2 0.0791490683680666 0.2589631410644766 0.05144032334102239 0.05870980237631773