2 0.46793231416112846 0.4596673962917193 0.12512216802787046 0.15899231596933638
2 0.3053369033430218 0.5675983010449017 0.19748971892303446 0.07233191577905584
2 0.2615939456787543 0.6696018348852848 0.22495863086009615 0.0753992132124579
2 0.5022517755283301 0.565830842441822 0.15830205698597277 0.06878711587419617
2 0.5508936545773332 0.6471209579360042 0.2686783524824661 0.08886880560780375
2 0.5689375732627333 0.7780781509967847 0.2334726364894797 0.05626588193867277
2 0.31230249364387025 0.7950362222425745 0.17783330698597288 0.06958295332662612
2 0.3980972258674774 0.5410255076987006 0.058267730181801425 0.02769855361204665
2 0.3490581219199873 0.6340012278033549 0.10784682680417146 0.04140689724312141
2 0.4562791390388504 0.6109550000464763 0.09587775293004808 0.037023144771663574
2 0.45415288306339796 0.7205289594095838 0.0917211790559247 0.03295772728117763
2 0.15013203462993502 0.8657781682505139 0.11064985541251415 0.11554606349787844
2 0.7623246751684177 0.923033818629434 0.12144300586009615 0.07118127471457925
2 0.04434139805970733 0.8612634523287477 0.08868279611941467 0.10143315465749536
2 0.6014684164936299 0.9582266242864483 0.15922765653839077 0.08354675142710333
2 0.4855325358642464 0.9369445318911027 0.09923089527962392 0.12611093621779457
2 0.6018424053502192 0.891037742774266 0.13606671036360307 0.05619294467652325
2 0.11958617655269375 0.7978415927753597 0.2391723531053875 0.09958943555071942
2 0.03164458860511174 0.7003909486215607 0.06328917721022348 0.08437564724312141
2 0.013270338045634216 0.5611221955322383 0.026540676091268433 0.029253759885831787
2 0.02557573161221724 0.5023477204846682 0.04622296036360293 0.05253209239534584
2 0.18731860252860585 0.9730375525184811 0.11528384099298644 0.0358658572240933