2 0.681407033447526 0.19609268517107023 0.36228261270336004 0.17036950588226613
2 0.33214357728637744 0.31057653104936483 0.2178990810384036 0.1932373285293597
2 0.7759909079858479 0.3868049934103619 0.38191612924300555 0.18828855011914536
2 0.36347246682726514 0.46431088930851405 0.3275127029642436 0.23616210125588344
2 0.7280989240638157 0.5624278870788721 0.35058658860105885 0.17407120434013867
2 0.44852933829142716 0.6141780321662453 0.22557522565220944 0.1699361962241115
2 0.6011053776417835 0.7394315036567433 0.2651604212992873 0.26046178469786985
2 0.6291372371482384 0.4528384501869563 0.17619031615858294 0.07338077313191327
2 0.46889576503186703 0.47028242542936616 0.12722583577238855 0.049090975039715046
2 0.4542997630038077 0.1258456442807135 0.10378833577238855 0.04868187195546003
2 0.5181683472391163 0.05735484426085592 0.09787214602814087 0.03881397118439625
2 0.816979427815842 0.0550684674366034 0.09405679961893698 0.05437078733702039
2 0.6751846951854001 0.09074325690397797 0.07245879513044207 0.034464526176453236
2 0.7350447628810629 0.03989876573149625 0.05898009026088369 0.06742900771063774