2 0.3272663433396751 0.753334589737734 0.16491198774502336 0.2598867920163024
2 0.25414811909436824 0.41664137241256494 0.10513394986099911 0.16575107209789275
2 0.47688190822313226 0.6867535088286288 0.2011595117916405 0.29380077334497035
2 0.4240079710706344 0.28828571707455325 0.16634428493120834 0.3009024170163024
2 0.5080853599080415 0.353095423508112 0.16125997004775128 0.37843542116548734
2 0.6154328486759482 0.49856068155006045 0.13225449976833192 0.2729958096503381
2 0.5834667414792429 0.7824880788519292 0.1613033654661713 0.323895920128191
2 0.7220456026418358 0.7345502541666014 0.20524556646588765 0.2434635202330817
2 0.2148996328159413 0.603593084289026 0.08628474614013487 0.18380233247085487
2 0.303230476397096 0.5391859735547518 0.06752233325611068 0.09277459076922479
2 0.3251550699782507 0.4697468980885491 0.05861855920949344 0.06093259491840963
2 0.3797061607224236 0.4699846190442549 0.06125373048862914 0.08061184388111342
2 0.3949343375596889 0.48769617376453334 0.05528275544229566 0.13275422303029827
2 0.16266434652415906 0.27919604357224675 0.05303200272114783 0.06830109803029827
2 0.15906505874615737 0.5944923013519683 0.08269471007020918 0.13677933350815108
2 0.16175914154874338 0.6716407388519683 0.023053081442012124 0.04654986358974167