2 0.38310254391485465 0.6918337683099792 0.2190483955316913 0.3009458691275053
2 0.3335665168245045 0.267966778009072 0.17025673916276607 0.34829641066226813
2 0.5507049024703641 0.5099896588815668 0.12071900693867277 0.2337080675968659
2 0.598786951615196 0.3462890401497729 0.2078933782314858 0.21868729859439184
2 0.4518897468149905 0.26843480494573174 0.1221515143530465 0.268864317596866
2 0.37450085294551827 0.5767130535765359 0.08580815465749514 0.14295503546441246
2 0.30260332452375205 0.4438796531079998 0.08449169961943914 0.15852320533113406
2 0.4240220559878175 0.35235189957818536 0.0784731571289532 0.1544464649312991
2 0.2734225019000698 0.4955701852404535 0.050658551140588814 0.04634262833195879
2 0.48914499633928943 0.4628948529465565 0.06313002347885033 0.11303302899835055
2 0.24171817509349952 0.7252792430392989 0.09632650199575687 0.20958860599752582
2 0.08470224681499047 0.2791188700020618 0.16080944914373807 0.35582475999587637
2 0.2153990440570181 0.8951906678050309 0.14288316701478487 0.20314002919620622