2 0.4147335853080528 0.21547613646376143 0.14526793391145965 0.31888642581438204
2 0.19946969025914113 0.5517856918133898 0.17797932878390343 0.17774059800056707
2 0.3235054931935019 0.2284473789756992 0.19180166418019018 0.31466396188430773
2 0.419204973074003 0.6282675577428971 0.2042222168322022 0.2936570192797028
2 0.5165960948207518 0.586703184219305 0.14725958529040595 0.2526847896981228
2 0.6423373351315849 0.3934522977653552 0.2016250787486098 0.21560022390761624
2 0.5440467036427291 0.3019654550912497 0.1478091049863819 0.29558533507020923
2 0.3313248909486144 0.5139105498013103 0.07931853277956824 0.123617321232802
2 0.11265884146161963 0.6742001389532412 0.15478860512755624 0.14769347209351769
2 0.11338771633809208 0.8043216676509386 0.14123048670464605 0.1491691646981228
2 0.0847664830455185 0.5313274977323769 0.0449971051981434 0.06979167218618487
2 0.14322903583870492 0.3590184607554019 0.06816856566501733 0.1329737184653207
2 0.3408166673805011 0.39126049796404494 0.06555216439195166 0.08805184346532058
2 0.5509762232504709 0.4377417449052065 0.04706398677523316 0.07181300181409855
2 0.49352967061610564 0.44268346892865684 0.09244088808359252 0.08119420825611057
2 0.4145042495941238 0.4131509892312428 0.06395957231269433 0.06070809346532069
2 0.14328864796687396 0.05762336910417976 0.09001347358576 0.1064484240002835
2 0.12085204885171019 0.512453484802019 0.04877033543158038 0.10110987681409855
2 0.6439808190241494 0.041356606743180604 0.09519030912322113 0.08271321348636121
2 0.6991802236210536 0.042125402462769156 0.04969965123777209 0.08359995644201211