2 0.24031506702543481 0.6302796102896457 0.15455733030329477 0.29721598453871056
2 0.2638641256753812 0.26740139540496805 0.16798119600113393 0.3468635643661735
2 0.49749198626861546 0.31371716256257354 0.2102245043035782 0.3848879062622941
2 0.4416481604907555 0.6768957532227744 0.2131944757217148 0.2467623344806027
2 0.5876364754900467 0.4562136150634667 0.17460940811710968 0.2577026933890594
2 0.5492746493744962 0.6752434589710301 0.1824653035355297 0.20369807241194504
2 0.6491227405721938 0.6751140304375945 0.1994543960938011 0.2438531788485625
2 0.46981343612961457 0.47424207624038545 0.060664698046900556 0.11919507333273793
2 0.44632324760673125 0.5865057000044658 0.061526549000283426 0.08808164913731509
2 0.323304251920121 0.4277080607790959 0.04987600362819711 0.08921531930985205
2 0.13785653096532066 0.05774707100616804 0.11555681193064132 0.11549414201233608
2 0.11521583018746072 0.4119116585642758 0.04596975362819708 0.08894216770069774
2 0.5166357890031185 0.8899573254648622 0.10297621097725851 0.1591725402288584