2 0.24420506053894236 0.7169144794265341 0.21358614281100108 0.29425307588823224
2 0.40692114243032385 0.36563820228700694 0.13936739281100108 0.29079628205070396
2 0.5318555675526018 0.20890388751294992 0.1400921344822823 0.3628799705329393
2 0.5175668645948671 0.6749730164418913 0.10481072254522061 0.3592894168730576
2 0.4526872908361002 0.6390489213733315 0.16388188425156958 0.278306994416174
2 0.5998758077588588 0.15023787246983328 0.16062767388796662 0.22752574441617412
2 0.6184016290143949 0.5904374467566575 0.10478748650332292 0.2677654466497046
2 0.7839952961194147 0.7716124601983663 0.06272409392303446 0.06718217276646965
2 0.7559369255144868 0.7232632648404835 0.08458395473421954 0.07404219861417527
2 0.7308708233780897 0.6738010545942771 0.05769138648947969 0.04942211124870499
2 0.7081262048957155 0.8919838492592476 0.05223073334256201 0.14653255169541102
2 0.8041917007313562 0.8514845603328962 0.09384893198597277 0.06668453990858669
2 0.9289222740633061 0.515608555112133 0.07336585248246608 0.0813088890608813
2 0.8689997117940187 0.4327184917846908 0.08065147478313062 0.13422520057864595
2 0.7117978822905119 0.4244619207541589 0.08513406847545246 0.11301373035529283
2 0.7079628373708003 0.22601640095465864 0.06760540946843885 0.14335404776646965
2 0.6633175161960125 0.2845673593911874 0.06134731261535631 0.04569779776646965
2 0.5946583513289028 0.32281653019318635 0.051229437846068926 0.13090755169541102
2 0.47625707993032385 0.3624088290966845 0.061420014650240384 0.16838079973094033
2 0.3930281674164805 0.5824350772870069 0.06064580698597277 0.06513807950758732
2 0.36207795728359027 0.5488252876880064 0.037583792797157844 0.06990583540099937
2 0.5215195866786624 0.49174313947742065 0.03871025023071262 0.08748396040099937
2 0.5143460113395151 0.5125238567540675 0.09918142928663753 0.11950988316746924
2 0.42816567223836965 0.9001549819088608 0.09477453153839077 0.11151544664970459
2 0.34040020917543135 0.9022954285585651 0.09925712523071262 0.09030397642635135
2 0.5526024435215923 0.9031220758403922 0.07822393198597277 0.06595679383752806
2 0.6205732177348628 0.8756150925383932 0.06415034122369923 0.11982557950758732
2 0.684224408164911 0.8395464673836001 0.05974344347545246 0.11183114298982266
2 0.8027407204341983 0.9197074829445726 0.19849101441952754 0.08908398262934991
2 0.8526675759620688 0.763545758637485 0.048525341223699225 0.11909783343652869
2 0.7112871134759121 0.5539808602186296 0.059993767349575844 0.11573739298982266
2 0.6833336626753395 0.7470914187896882 0.04757351172019231 0.13463186517764658
2 0.7751477858988547 0.34751412298768924 0.0671542277131787 0.16670057950758732
2 0.7945624980735506 0.15090667158160112 0.13681468807678154 0.22057475030958623
2 0.9224543376015131 0.13800817152812456 0.15108614281100108 0.2760163430562491