2 0.7329834057110423 0.7562876783291785 0.11807054642117154 0.3191335826642674
2 0.355979556195685 0.509773109772978 0.19150798852276196 0.18168709708379516
2 0.4425885478734227 0.6570856492940187 0.10325887561917257 0.2519763610418977
2 0.6714280916574744 0.19649027799695284 0.15617518713693723 0.25926198334256223
2 0.6019262282895056 0.3090190594199873 0.1254282051267599 0.30986860541251415
2 0.5145974234925953 0.4071118792451075 0.12392453628923161 0.23577501734957584
2 0.4801259832541589 0.7082307670842549 0.18901982423334784 0.3373112873984869
2 0.6226640092566575 0.6163364570528775 0.08835085142635135 0.09913196329365093
2 0.7293047211042718 0.39627375366832585 0.07208907361417527 0.08445879279715784
2 0.6449109889393014 0.4104447794619769 0.07813038513193993 0.0887405286083427
2 0.5112476085637452 0.5835567869024534 0.03375431968523368 0.0975805540559247
2 0.8545882513987747 0.5703173484796027 0.11724106182735095 0.13408735541251415
2 0.7956439464470713 0.7279310148117365 0.049197383167469244 0.094675599552418
2 0.6080743739699246 0.7623449173011242 0.16953136579681893 0.29516920496493215
2 0.8073519261831916 0.8946481454411199 0.21566784946188067 0.11507998920265816
2 0.44661509486592676 0.9051077912975255 0.08013168682735095 0.1317092786083427
2 0.2008665146856903 0.8507534382728861 0.168937379548114 0.24060686690199384