2 0.680792255981554 0.7020710225603977 0.16773454240850771 0.32792660911682625
2 0.5847553723567304 0.7914342286647191 0.13349877434808155 0.379433300814382
2 0.4748932000753111 0.8624597243611409 0.12418622970581294 0.27508055127771813
2 0.351028625707372 0.4289962020127883 0.1460555012161684 0.20419768783769054
2 0.5226990741652444 0.4232794592691824 0.10667628855318867 0.2965153906515057
2 0.43781126318751445 0.36858884776889894 0.1561180681795714 0.33337675634934494
2 0.4325749213631143 0.6836434098153743 0.21825294236879256 0.20281500907049255
2 0.4640954388154561 0.5324932408038617 0.056528463879147894 0.10737847958157998
2 0.2084257873329013 0.7021670651053138 0.08197738737673554 0.22343131011654283
2 0.09980131645460669 0.34995350963985133 0.09376432122411138 0.22774678788402425
2 0.0462388499363082 0.4124969050582714 0.07925003348170152 0.06718131011654283
2 0.19489794744027972 0.43037576927970267 0.050839548497587594 0.11693949069783915
2 0.08101242136311429 0.6713665767909318 0.0991123173687925 0.19865452676776485
2 0.13996635449899905 0.8617869711864685 0.14078557426865135 0.12593627858186363
2 0.23326327414126774 0.9509300886984062 0.07133525771063776 0.06104911660488854
2 0.25311123680424735 0.8579303396054555 0.055154901581842664 0.1405133999536663
2 0.08231558187588217 0.4664589633607157 0.04957814732113436 0.044673865697839155
2 0.0407473254848197 0.32154018330244427 0.03772302962638266 0.03645213793035784
2 0.15822460683616707 0.34223402347725845 0.055710257710637756 0.06050347958157998
2 0.1960664513948864 0.7768849452099188 0.1147472027185808 0.0879402434189871