2 0.42574272220198894 0.3228174022311011 0.19224866274240981 0.16677209890761624
2 0.6394448995590145 0.7721074269629109 0.11453276582666483 0.18748141379107341
2 0.5114662921106442 0.61163807453312 0.18384671468992675 0.2445560757680485
2 0.6352335333824137 0.2305926718583059 0.09224450588226607 0.3643291286281971
2 0.7398164001670987 0.6690537182532756 0.092537011971346 0.15743428788402425
2 0.7370104702743295 0.3265872015788867 0.1820541639585782 0.36551341651222125
2 0.6159535369357501 0.5523591667537009 0.0760597138791479 0.10806052586071568
2 0.6000750654452522 0.39968679821887976 0.0563239123370205 0.09565972958157998
2 0.6875884613475234 0.5859684080208989 0.04574008116851003 0.048443706442012235
2 0.7985442999246889 0.8270615224739981 0.09107105925276526 0.07344991288402403
2 0.8605126435692223 0.24029316233428857 0.1180541193163096 0.27739336841898704
2 0.886848463883267 0.46482192810162826 0.0602301623370205 0.09579613883740712
2 0.8278065762004299 0.4366287317529921 0.042413393871204796 0.08151042218618487
2 0.4567810100478057 0.4456813610565704 0.14719042004765814 0.15739089246560423
2 0.7907802130724881 0.6009082502414796 0.06063926542127551 0.11923363883740712
2 0.8491711226669512 0.05135157204364036 0.024255706168510027 0.047693455534962834
2 0.9448428804809959 0.2734590735200483 0.07328838271063765 0.06111732123280211