2 0.30720681913929937 0.42789726502548125 0.16535787616884556 0.23412861758448222
2 0.4549234229884136 0.39426342577105744 0.09532944989008363 0.2780400136197041
2 0.4220201139308082 0.6762579003978229 0.09161637002052547 0.3109699870105498
2 0.6013402713963754 0.24818832321205658 0.07981807937857877 0.29647865718308675
2 0.5961543874486863 0.7814506076121963 0.15898847067273492 0.4370987847756074
2 0.7483561005880673 0.8176412145941387 0.15269730361645295 0.3647175708117225
2 0.7682870071009773 0.26767805450340454 0.11478115924813692 0.26573389666547587
2 0.5191663334346974 0.4349032398221041 0.055357913982121865 0.11905849752816078
2 0.5468339274769088 0.38115123858618444 0.05691333577238855 0.05083569833273793
2 0.5113077305382405 0.610206474506084 0.06737210065220944 0.1706592023556237
2 0.5886443077953165 0.41533761838459354 0.06105820769822845 0.09212447494189224
2 0.6627260513080633 0.6120020368608146 0.04921446526088369 0.0698206451144292
2 0.7696195491865605 0.7103340186125588 0.06378401321999583 0.2250735507464694
2 0.6357515971456729 0.5466134130967342 0.041595135391325755 0.10247746689612058
2 0.6776933024769088 0.39030181749285475 0.0353948719258399 0.04347398948238901
2 0.8064120638208918 0.43154238309494786 0.05928688987982067 0.12323789913731509
2 0.833580990315842 0.12765380605445106 0.07680820013557321 0.11470145637850959
2 0.48616336224168194 0.062327687839715026 0.05892327551663612 0.06073789913731506
2 0.8769725953924046 0.8898691220074237 0.21612776321999583 0.22026175598515252
2 0.9428423608273467 0.1548333011107725 0.07083519564707808 0.09476047896477807