2 0.359375 0.6893165278656528 0.291015625 0.21277302057346592
2 0.76953125 0.5549788185003652 0.341796875 0.16045069530440625
2 0.4658203125 0.4587728202565663 0.228515625 0.11415891128923161
2 0.599609375 0.34609618202312725 0.20703125 0.2049551354415261
2 0.7255859375 0.44765060432521747 0.263671875 0.11384321494911342
2 0.4697265625 0.6480440087388015 0.140625 0.08272158963952725
2 0.6181640625 0.6577319835637452 0.154296875 0.08140524245170333
2 0.658203125 0.5084061967566575 0.15234375 0.07350177419282122
2 0.5810546875 0.7063353804825092 0.04296875 0.05082942669541124
2 0.533203125 0.49567347782512616 0.109375 0.059781722497409984
2 0.3818359375 0.8318250803885061 0.20703125 0.09167388544152599
2 0.8408203125 0.8026350395511606 0.318359375 0.18279657619781853
2 0.1982421875 0.9351026592234444 0.271484375 0.12397271298464263