2 0.7175202865210306 0.7384682690663114 0.2100164753228868 0.3734118700270441
2 0.706606316310804 0.37543701240256133 0.2157471608601238 0.23485362836170331
2 0.5061954258223502 0.7877863857614806 0.23017285678894872 0.39512351169636206
2 0.5505552217772782 0.3704192082571058 0.2697677284569897 0.3467726467019302
2 0.350549656819876 0.7017366207829568 0.21162861952321665 0.36171584669397605
2 0.3812225485785977 0.41924870161324107 0.19443327625995888 0.24046301002545334
2 0.21567495051525748 0.539299077468581 0.28564094945863927 0.28838343670431654
2 0.48537962655125744 0.6308552699315941 0.09311899726160844 0.1807102000119314
2 0.5134203673468039 0.47237942492841245 0.06435449392964943 0.13156390167488596
2 0.8503553303153399 0.5348425982157441 0.05976628233030934 0.10808094834102233
2 0.8988633749842059 0.6123767048755171 0.04977333679719598 0.10015481500636336
2 0.8142806402590099 0.9023255448858576 0.06528467653063919 0.09643037834181767
2 0.8204676101882471 0.7567950057189257 0.04317517006457727 0.0746960100055678
2 0.8526298279568656 0.8257332265476192 0.07218789439818551 0.06527128500954493