2 0.30138723721375593 0.3058433598083298 0.15083825588226607 0.365533554862598
2 0.3457532492843898 0.7764716898426802 0.15297172585049412 0.26408471512915455
2 0.46949729758340175 0.25307599077975235 0.12866215705871942 0.4371172182632578
2 0.5114620469711985 0.7540630035140203 0.18561949472169892 0.34507212226160844
2 0.6104874233941806 0.38185355131698945 0.1086975974005644 0.29988699706375266
2 0.5923853094513409 0.6881995754163297 0.12079135856113177 0.3217123528634227
2 0.7451238413114847 0.4824812897540615 0.16270325892680626 0.2624157407955464
2 0.1983874269433979 0.6742602222719174 0.06512507812397023 0.15220918926490734
2 0.36541864904197996 0.6156618933099792 0.0473083096581548 0.138025843065402
2 0.37660181361276146 0.4726859573770308 0.043095232344963375 0.12033405779884543
2 0.5392104641811305 0.44059689124828844 0.049772813513473624 0.1673795481986805
2 0.11265175374779285 0.9122259709027216 0.059650599634325674 0.06225177899835055
2 0.06112593090212368 0.42324185883484533 0.042106566558013606 0.06369343279884543