2 0.3795821974677304 0.8011278752680323 0.22318952381494905 0.311053761934712
2 0.4204365626060225 0.43703378424238626 0.15071928493120834 0.2997184253146721
2 0.489527560907758 0.26792705680648177 0.15324285616401034 0.3719840503146722
2 0.6331443128278791 0.7268397388635793 0.11788199228026963 0.3634606939860041
2 0.558141209606873 0.6987548407808357 0.1737475571637268 0.28977566286711753
2 0.5359003193028695 0.20131453087407625 0.16813619146588765 0.24065153994170996
2 0.7028398596763734 0.630827199964971 0.11481278402415906 0.2755700689860041
2 0.9255581327001072 0.7889306468064425 0.06488716197697508 0.073095341806521
2 0.8821336480139224 0.7447330441083113 0.08664435548862937 0.08253583039626244
2 0.8415706461998238 0.6988043148542357 0.058413945325752614 0.05507321991840963
2 0.89406323489823 0.9190051659964227 0.05798613134934483 0.15438659699300206
2 0.9624504478152325 0.8636236854486294 0.07509910436953504 0.07546332520978138
2 0.9719029289890544 0.5184239875756673 0.056194142021891214 0.08735921265733593
2 0.8940569705012757 0.44467721967940477 0.0866691646981228 0.13902845643355866
2 0.7376829658501953 0.4571773656817505 0.08989336841898687 0.11979320435896623
2 0.6675905544425791 0.2629142743938776 0.07333831283769054 0.14775808869463236
2 0.6434741196637269 0.3253694133973766 0.062183786069925695 0.05146296784381721
2 0.5885727126755229 0.370882130978967 0.05535096007020912 0.13470734803029827
2 0.4872055334548004 0.4245616234556666 0.06836559800056696 0.172704716806521
2 0.47952637260673125 0.6509166942540364 0.0609127073490614 0.07084621888111342
2 0.4375899851298981 0.621441528537257 0.03956474160488854 0.07312448029137197
2 0.574237419001701 0.5460859543705773 0.04213170825611057 0.09085060425407554
2 0.5749876699087503 0.5675703293705773 0.10188493693064138 0.12849369813518896
2 0.6217294135495939 0.9487575123251495 0.0996589934189871 0.10248497534970102
2 0.5364739598287296 0.9605642544143145 0.10281499251193771 0.07887149117137104
2 0.7440260376425446 0.9456211838868798 0.0804439573490614 0.07232620850815108
2 0.8021981552703163 0.910096089749345 0.0686136073027277 0.12402459076922479
2 0.8513424942003908 0.8670690627796432 0.062481413791073415 0.11576809388111342
2 0.9496993352920657 0.938277206182943 0.10060132941586852 0.12344558763411406
2 0.982359914070847 0.7724782365383711 0.03528017185830601 0.12284059906759448
2 0.7810423574087503 0.583184219935826 0.06261782304690056 0.11967434388111342
2 0.8189764109442801 0.7769584533390865 0.0515129146981228 0.1363644751048907
2 0.7746869224080415 0.3732972819171779 0.07408856374473993 0.16924246369463236
2 0.7269872438725117 0.1787830537003986 0.14442587295423337 0.2310630523892646
2 0.8583457489771167 0.17510110868290374 0.18544149795423337 0.23417103060604394