2 0.6203533339687494 0.6920110328777365 0.28720356002986125 0.17681832893474914
2 0.7463347955466142 0.43796125457092905 0.37009690729444467 0.13140928165332988
2 0.6495852857871958 0.5265287753697935 0.28529426149288195 0.09478707893474914
2 0.7414097896095484 0.27209904322752476 0.2926976260921008 0.07734532162950081
2 0.39111852227491295 0.3074983725676633 0.18700321167317724 0.14968901582666494
2 0.30470206461471316 0.41345651278624407 0.3875386538275174 0.1258567339665212
2 0.3389020323202686 0.5378087662361735 0.3032815218936633 0.11267203124794056
2 0.903863376828776 0.08672040990880282 0.19018210984956596 0.1185071996740408
2 0.7472505174299477 0.06309762226568078 0.19903854507005203 0.07961515929248042
2 0.7753881754610676 0.1123909309103619 0.08739220364722211 0.06400004464226872
2 0.4418745929914927 0.43351396966624534 0.11055694671336813 0.05269039772652384
2 0.5954441161678816 0.46207070769489933 0.15924869324644098 0.04768332081872195
2 0.471736445551779 0.5764890944635506 0.08689214926848965 0.042515669642268605
2 0.5738436429065099 0.5932539559699346 0.07712652426848954 0.04234521002382907
2 0.490903203126996 0.6337483167648275 0.0970669096692709 0.06026425426070836
2 0.2748442946193142 0.06060568029815862 0.054098159669270895 0.059514231939573975
2 0.2661696973547309 0.016406896307660727 0.04187935529053821 0.032813792615321455
2 0.2051909572094618 0.033512677050923916 0.06522593631258689 0.03432815848170152
2 0.12754328184370659 0.015885632102553577 0.09256968631258683 0.031771264205107154
2 0.4528960695291666 0.08580658178071349 0.12418499525034732 0.13492619926865135
2 0.9581165621445744 0.23024594816000904 0.07376578813619794 0.06571452617645324
2 0.6018993636024303 0.1847269576948993 0.11995889580156271 0.03723585734496343