2 0.44800899350964973 0.4343753392495291 0.20026571428453743 0.18336441428607086
2 0.6255729088912101 0.4337891157343562 0.19732392349758765 0.1266100327089812
2 0.4491147630923457 0.5386968918838944 0.15812505580283587 0.11652240116718482
2 0.8629727115502182 0.5262992475408543 0.25687224736084957 0.18471023002167541
2 0.5352644820471 0.8009853360492181 0.22497450081077885 0.1457807497882384
2 0.45916795150653156 0.6893246616328106 0.30439499391092006 0.22454976287183093
2 0.43610051999220456 0.6135981813464333 0.24073586850553053 0.15450330240495713
2 0.7342319784937636 0.46843437241732677 0.22662079849758765 0.1283163813653283
2 0.6891957244357501 0.5334938954018476 0.17169465503177217 0.11145932220681365
2 0.7662176795907867 0.6480273790297102 0.1408196661923391 0.13112359197337664
2 0.6080508644516361 0.4874904216396196 0.10460656655801359 0.06852909858575995
2 0.7043654261408572 0.6145582144965842 0.12221878348170145 0.07150603277956824
2 0.7238235496185872 0.561719714514231 0.06365912540538954 0.07004646046687402
2 0.5151630478936224 0.5553369807628408 0.10662787540538954 0.07254910516284996
2 0.601008157472347 0.6674054347937992 0.04186792309219811 0.051217013118886046
2 0.6804896738078083 0.696921102633117 0.055573890015885974 0.053966434158514875
2 0.35421330509958304 0.8895759411414808 0.26677424005560124 0.19309151290712445
2 0.1262008847417041 0.49634143762352756 0.2524017694834082 0.17919212475294488
2 0.06818669744439883 0.4147931974362219 0.13637339488879766 0.1352573551275562
2 0.06511075689985885 0.1992572763789464 0.1302215137997177 0.11711044724210717