2 0.6811915650859052 0.6053561078911687 0.23512634836488489 0.24189234068391574
2 0.4974480392166455 0.3480691668261452 0.08573569670988435 0.3217018923002055
2 0.4954294709281206 0.6783860430618742 0.0937754633792025 0.34155147728117763
2 0.45995573176914306 0.7364989673488694 0.11033088836727112 0.2543771059883644
2 0.2767824251073814 0.7801126519017105 0.12009788172340641 0.4226641909693365
2 0.3430482100373846 0.2615430533277199 0.0898692133792025 0.34139230979069146
2 0.44608794338795205 0.3843578235750844 0.04887494668999892 0.1737850098858318
2 0.29083654837681616 0.3086136894492806 0.07547008503738462 0.27833522357399065
2 0.09452749592215501 0.6507553983366869 0.10842184834499946 0.09031460598836438
2 0.04565323341022374 0.5648145750951402 0.0768991283418178 0.0656037660644766
2 0.2551930433939177 0.4361023431088974 0.03247724001431751 0.10674208992388778
2 0.30631519339789476 0.46333004073257966 0.04962355834261323 0.07034896863107476
2 0.3245410284054512 0.5182778495253928 0.03386219834102233 0.05799354866913076
2 0.4316567775799395 0.5715577229096498 0.07110793334261323 0.07122438982874746
2 0.38619014675164387 0.61053731592286 0.04290193835533995 0.16378063365010265
2 0.40643523422579275 0.4191924153525657 0.0455354950071587 0.054564801140588814
2 0.42424131007317845 0.5220315785180003 0.04571730834261323 0.07018980114058859
2 0.08823426171624772 0.36181227395455146 0.0460582083465903 0.0994866761405887
2 0.1634068475493159 0.3567951747626964 0.061251401674885964 0.0630139711025326
2 0.14903044587442993 0.2968053859793973 0.07674004167329512 0.0519318910644766
2 0.1169054691975554 0.22288341340328513 0.07864771333943155 0.04810522480971957
2 0.034011290032214425 0.23603134757611216 0.06302271333943155 0.04746855484777568
2 0.05612612179738035 0.9610601988594112 0.06336361334340863 0.07676542984777557
2 0.19039901838994058 0.40943173170191605 0.04941901834022694 0.05277084363107476