2 0.608450082186103 0.3384507329314017 0.23394612621616817 0.21803174925109392
2 0.455482792209932 0.27487400149781205 0.10818621854524568 0.2760280314432879
2 0.38059924969801745 0.3190183624854525 0.14111660815574234 0.2631133787930219
2 0.2418811794873797 0.3888520823769959 0.12189218546893366 0.27909718182259013
2 0.32165298397475944 0.7909370371085749 0.13915359780595404 0.3741226393989354
2 0.46967865615277177 0.5789437420273804 0.21814078124794045 0.31815935947770546
2 0.5382887779055371 0.5031308312293911 0.13484813007148722 0.23919758220189236
2 0.43441740564397535 0.3643589484682438 0.06289921773446672 0.1397080231083383
2 0.4714514361845438 0.4773812420273804 0.06046880580283587 0.11220484091129501
2 0.3160707802385859 0.4403311302908339 0.06697592735290647 0.14979251250242465
2 0.345019575389651 0.5696161526381431 0.06060517349758754 0.12001734091129501
2 0.2515692420907866 0.6718360283991722 0.05611936079489288 0.08649535151720888
2 0.17957140980539588 0.6065256732882911 0.08935657771858074 0.09115882386694274
2 0.07016231788170797 0.6174070013227084 0.10114351156595663 0.09602166704920156
2 0.030673162035037865 0.550841157953223 0.06134632407007573 0.08581768409355406
2 0.10754664620837293 0.43102318787445304 0.13098585734496343 0.12966315000484907
2 0.0254565909102143 0.369758545642874 0.0509131818204286 0.09251415871425195
2 0.10793103591815732 0.12966395586706095 0.09428558542921853 0.15007143826102892
2 0.08956163606127937 0.2881659759434063 0.11508812195546003 0.11276269242850379
2 0.04014406300879637 0.21418621306652869 0.05635800426070832 0.10016722651720877
2 0.11134073508752088 0.32539500567740987 0.08613216619233927 0.12990245947285628
2 0.20130602475759016 0.14349558540898882 0.05039635348964455 0.09382955492607925
2 0.4050567826709226 0.0509313422279421 0.08034097503971505 0.1018626844558842
2 0.5170667461446812 0.00896926987699593 0.040085257710637645 0.01793853975399186
2 0.45472510247617093 0.05927206211342406 0.08664354504765814 0.11854412422684812
2 0.3625922509141858 0.12155336665292736 0.04649010348964455 0.09351069053199287
2 0.2832349989865264 0.14265880813317572 0.09367193080283587 0.11491518826102892
2 0.2279980991337675 0.9048756628696039 0.07366339387120491 0.08597711629059734