2 0.5842406866925056 0.30078125 0.2673975092515697 0.271484375
2 0.35788203848283373 0.48046875 0.354138440776117 0.162109375
2 0.38503954253183686 0.5595703125 0.21424117635658935 0.08203125
2 0.7047262328465287 0.5693359375 0.3965308470837954 0.18359375
2 0.7278901729305076 0.6650390625 0.26980181600682984 0.248046875
2 0.2517648124250177 0.6796875 0.5035296248500354 0.189453125
2 0.19244874499353798 0.806640625 0.37059010834256223 0.14453125
2 0.28763960422434254 0.8603515625 0.28447798041251415 0.111328125
2 0.38092381053894236 0.73046875 0.20410006554540439 0.076171875
2 0.8794143825212246 0.373046875 0.17725696329365093 0.083984375
2 0.6672020271087105 0.484375 0.2676508270348841 0.123046875
2 0.6021114744024534 0.5400390625 0.19753918491602085 0.095703125
2 0.6242872339654837 0.681640625 0.22217883829365093 0.083984375
2 0.8793229353082297 0.81640625 0.15374077344038461 0.265625
2 0.6896078684131576 0.8662109375 0.08616159392303446 0.064453125
2 0.5924275331649109 0.8740234375 0.08919171036360307 0.05078125
2 0.7641627592977094 0.76953125 0.20131727906976815 0.24609375
2 0.26911114667543135 0.9208984375 0.17209909392303446 0.064453125
2 0.2189819363118284 0.9716796875 0.09737969617478787 0.056640625
2 0.07715478293419833 0.9599609375 0.04351886374123304 0.0390625
2 0.15675699318244493 0.9521484375 0.1403979121677743 0.087890625
2 0.44730981840623596 0.974609375 0.06575421036360296 0.05078125
2 0.8248625231404554 0.904296875 0.09970830698597277 0.0625