2 0.7052166124458112 0.665007448192336 0.2859699866693526 0.19286193307926158
2 0.7180334905578882 0.4785635944375789 0.3928230787839033 0.18747341406762597
2 0.6708066779520075 0.36504691644339676 0.3581411182817358 0.1607298653984951
2 0.21829861881113963 0.4200246344101307 0.3684755261671849 0.17089340912471007
2 0.49654096727337205 0.19740979439055573 0.2483670589820468 0.2497844244291587
2 0.3235293127823487 0.31076236354490167 0.33297800643591546 0.16360152671033623
2 0.28869780316376903 0.5726618385924718 0.24827256559443023 0.21470775817440169
2 0.3913680628705826 0.40652019149151375 0.14553579600433508 0.05659086340273822
2 0.5747361222761525 0.6195566910158127 0.1756289670439637 0.07145649458138315
2 0.40962091829813435 0.5805257182975372 0.12243956573560455 0.06149523345982244
2 0.7148991982126808 0.9189319325078733 0.12162400650650262 0.08094689971457925
2 0.7362312902566446 0.8551950612150603 0.1472614078501553 0.05276419714798131
2 0.62941672452104 0.9076177477171818 0.14172403939195166 0.09150836216700942
2 0.35694615542630337 0.8798744608831632 0.05201330915851465 0.05667709363107454
2 0.34025881985354867 0.8302504984307334 0.06845386838761658 0.037862097338261735
2 0.20240250408265054 0.8442108862637241 0.08993824338761658 0.038737518535934434
2 0.29225588567738714 0.8645130929175231 0.07821949338761658 0.0382600160644766
2 0.4334409482479743 0.9446608319381258 0.031458249964706475 0.03830313117864481
2 0.43874989227212374 0.8871232281833689 0.052715111810526794 0.03527230237631773
2 0.4482022310451894 0.8424798962917193 0.12623205915851465 0.059701275950308386
2 0.23931326071268075 0.8995532905412054 0.11876082888978418 0.0652423159693365
2 0.35933595482506414 0.9396835246188922 0.039725776273065616 0.0464339661596167
2 0.6456490337854355 0.9650542101696117 0.08235325654179615 0.042325433554962544
2 0.1588457080077283 0.8189429601231354 0.07765071050216754 0.0284943910644766
2 0.01598826676036679 0.7006512574143737 0.03197653352073358 0.08489626482874746
2 0.016433661473989433 0.6351817780417524 0.032867322947978866 0.05161355608350471
2 0.0885428396024649 0.8327192996670093 0.053170138118886046 0.04308480237631773