2 0.40731051538952595 0.36976363388354705 0.24889345572684551 0.2318777556573408
2 0.32403064578317553 0.595872267030625 0.32066850999587637 0.14832517271362256
2 0.5988843201531961 0.4751124218195681 0.26351641379637103 0.13041752219698644
2 0.32810445054684567 0.7023118980562002 0.2754056541962062 0.1363450748900834
2 0.34415274091026843 0.8174724138886784 0.273736679862598 0.146099336941234
2 0.777067935594598 0.5082296736021378 0.44586412881080406 0.26042597823539015
2 0.8662112885153816 0.6327637926993074 0.23884368006045387 0.22205531591309313
2 0.39041141635270127 0.493906382346467 0.0794889231986804 0.04732951795398077
2 0.505457336120495 0.45319122438992043 0.1230828046647423 0.0690638778286703
2 0.46089440675253635 0.49935669118788417 0.05169053213245367 0.03154543667008758
2 0.4487464951167838 0.5853794133042556 0.06403441359851547 0.05309798936318466
2 0.5058283753125776 0.7344866761853185 0.11096624373179376 0.05532382513557321
2 0.6937186716474231 0.6796735326469149 0.05650606426490734 0.0628181625677866
2 0.6717871701792992 0.7315677005331092 0.07362954819868062 0.04729542910743234
2 0.5526645100116705 0.7664462093873547 0.06346611226573184 0.03356673936318466
2 0.5083498016453611 0.754006563236469 0.04008544239901024 0.035383508976990496
2 0.5402219974752581 0.8759121129781509 0.10652762206375255 0.10411786128902456
2 0.5584716338403304 0.93245615291293 0.09115084306540222 0.04544457064707785
2 0.6255523308415674 0.8881131372031967 0.05777722766556703 0.03939202551663623
2 0.3791251146400004 0.945220294207086 0.05857284953146391 0.06673577551663623
2 0.8687552586424746 0.8544662060970065 0.08872217653063919 0.09620309474937905
2 0.775907026176825 0.818867452192934 0.047613791732618704 0.02566333577238855
2 0.7945005789777324 0.7865272602044387 0.07580999373179376 0.05511929205628174
2 0.16823399453901078 0.9816094241572592 0.06938231739901035 0.03555395320973331
2 0.43213319007212414 0.9878879260625737 0.045490176332783516 0.019792597823538927
2 0.21098880987633029 0.8397351508848706 0.07448200019785567 0.07659230410743234
2 0.19596804087385608 0.9277280424245163 0.16288409639736084 0.09468176180566079
2 0.08995776128193844 0.6411868148669925 0.06943914753228869 0.03750707820973331
2 0.08568505105179405 0.5279112463414173 0.13214556759686602 0.11207807962406857
2 0.039832993450804384 0.5633402071138057 0.04795477253228868 0.03738208577238855
2 0.046881222287711535 0.43632458589513334 0.0703484296647423 0.06875707820973331
2 0.10783506614453645 0.7856385242250458 0.039971782132453615 0.031477258976990496
2 0.1309570647753406 0.8753629632621258 0.057549907132453615 0.03157952551663623
2 0.5035179480063097 0.9571940594551414 0.060355484131628945 0.060887763465485634