2 0.22211829630448512 0.8007398400195749 0.14466122229680883 0.34306356844079433
2 0.633995234764767 0.43509434035311256 0.1876798026908193 0.12263566330759801
2 0.33997112943991437 0.7832695028049956 0.17138251356766732 0.3694887821289532
2 0.3118665380492986 0.37123638830869177 0.14890776939121897 0.20096294591225217
2 0.4211779009788399 0.31221157419294887 0.2188799722968089 0.34608775076002796
2 0.4363616993174603 0.6360937548964396 0.15145843792335534 0.2868208621670092
2 0.5429452891799376 0.3316118607426406 0.09184940354990179 0.22787230855496254
2 0.3724673959761432 0.6094629353620797 0.0760362957934142 0.1492698060835047
2 0.2718731534104748 0.5765317069873366 0.0664836937469071 0.11574834610253282
2 0.35959778239610385 0.5203354390692666 0.08581022585908271 0.11263793355496254
2 0.48719547786736217 0.4098927049915798 0.04983510430778515 0.09558042614058881
2 0.4621326923632697 0.4976423968166312 0.04048722014910222 0.06596521615961681
2 0.13237410179350886 0.5607773616448319 0.06762625226127789 0.06317313859301876
2 0.16968123869361057 0.29517391920191605 0.14653690354990184 0.23010065342176622
2 0.12629204969640195 0.714018090399589 0.09730764783992146 0.18326876853593443
2 0.17914528847265393 0.0959949610745375 0.10184466163473138 0.12108710351690649
2 0.4076526084069856 0.059323296673373944 0.13391353318602883 0.11864659334674789
2 0.10286690199590755 0.08556113883086919 0.0911411960081849 0.17112227766173838
2 0.11816551687694272 0.4600106990972618 0.06525538641996073 0.0923108461025326
2 0.338009594075249 0.05833846958247686 0.04244034514910222 0.06604479990485979
2 0.21639159175718542 0.022308416492607543 0.03987306648562916 0.044616832985215085