2 0.33049570460890393 0.4965804154808482 0.44337014526387974 0.17557124898240728
2 0.37354734516987653 0.3734092760730463 0.2660906115582913 0.18223450892680604
2 0.8143756195709673 0.22205368505942508 0.32981599048723265 0.1677345424085076
2 0.7816407986952285 0.4410302252382907 0.32727426437046736 0.19696323356113177
2 0.5166178626418432 0.6169214184219812 0.21430871071058588 0.15986374391092006
2 0.7445395013931382 0.5662567654171564 0.26763168682735095 0.13152144277418198
2 0.6226832914565181 0.7153738859537533 0.22162357785270292 0.19121601968198387
2 0.31437023443902745 0.12940996144269215 0.24528042080199897 0.0706336485373027
2 0.7628103691065878 0.03673335023829074 0.10374573821317568 0.0486477800317721
2 0.6523732234796453 0.11677022270254714 0.15275579973094056 0.053406328123970226
2 0.18587064903802797 0.09399086140297702 0.22075668682735095 0.13070323660567174