5 0.49920045132475777 0.6980300196431071 0.2289688287486098 0.21024566232229702
2 0.6081763920250687 0.6036777833540824 0.2644103814712091 0.11478115924813692
2 0.6567481090866792 0.5575123165561187 0.28712681562972375 0.16958228873663206
2 0.7480225366151638 0.4486195907811645 0.28310680905263386 0.16760643783893314
2 0.743982355568726 0.3168518309742616 0.27358796039628674 0.13826411104353498
2 0.2689083226656302 0.31082964651912026 0.44555745378390343 0.17440893759344345
2 0.32188075369442115 0.4237643265792098 0.3444692432817358 0.1484388022021178
2 0.3429206452606732 0.5485995638208917 0.28255728935665814 0.12464905078778266
2 0.4273976616681041 0.5061301324692118 0.1346133420439637 0.06521444257291797
2 0.4139978126764679 0.18307543362522893 0.19768212492941284 0.07534368193610269
2 0.4122809211455094 0.09522457894620226 0.21433093412322113 0.09301271052689886
2 0.27012892766965885 0.03951636685292198 0.1902108946606823 0.07903273370584396
2 0.4695183125352936 0.035978761589472545 0.17033837492941284 0.07195752317894509
2 0.2136598488151683 0.13640561780557922 0.07924330258142487 0.05317753000513137
2 0.7554437863504619 0.17035041155098732 0.12435416435665791 0.12372865193097132
2 0.8749825593702762 0.16282133417116645 0.08887590781486177 0.08447298180052942
2 0.7519636678746113 0.11277299437196064 0.07419948681052668 0.03362355410743234
2 0.7021213652755396 0.14723107411877392 0.17286028281486177 0.0849615886010589
2 0.7609609803393177 0.07562384905098732 0.06432010523343701 0.03161361436318472
2 0.9717200364386959 0.26183415435656654 0.028348296004335083 0.05092896833504379
2 0.9352739377117615 0.21713953833355698 0.09761772362105359 0.0669516715447771
2 0.9065582110315713 0.5257957845522294 0.12909523677523316 0.07103972872636932
2 0.8322449676439547 0.5613724636596618 0.08013409200867017 0.10199429205628174
2 0.9258137899037087 0.4466089999358579 0.06627323023343701 0.031624977312034286
2 0.9126345563111397 0.4047077160266541 0.12048644073560455 0.05732240193097127
2 0.23650839146037134 0.01314917935292198 0.11682696707925733 0.02629835870584396
2 0.22355758230185657 0.06703559145903067 0.07270138811888605 0.0414246911585828
2 0.11285511847585056 0.056941092043453434 0.08705580258142492 0.05322298180052945
2 0.30234676985479697 0.12222241010735074 0.051217013118886046 0.041299698721238065
2 0.3701942402578928 0.13061376939761746 0.10347709862105359 0.06698576039132564
2 0.46585011856408454 0.1476294284295661 0.10831266442724519 0.049441724237874185
2 0.462180102033126 0.059789936699388965 0.09761772362105359 0.06695167154477707
2 0.3378530099009283 0.03335019223398488 0.11335648019814337 0.06670038446796976
2 0.14596375008823395 0.09189280896416203 0.06706952627306567 0.04529685231203423
2 0.1658362698195034 0.0859198044756668 0.07052074996470642 0.03750707820973326
2 0.9350849509365282 0.28742931243585795 0.08682828942724541 0.04931673180052942
2 0.8491203787120679 0.4392453364154141 0.07095651308359252 0.0785113402608838
2 0.554948464337763 0.5454135588707185 0.12829894073560455 0.05736785372636932
2 0.9653294936523185 0.23746554365196462 0.04636218412322113 0.09203549692583995