2 0.18243002328451624 0.27725263352775265 0.21070634172632152 0.4038931927947218
2 0.2677340530755351 0.47537822512503103 0.19204844052384296 0.28441158699505165
2 0.37290005972321205 0.5508263375886188 0.12097817086316076 0.20240123746358774
2 0.34917035924550033 0.7399100667223095 0.09537929589845429 0.16460990086424765
2 0.2388862179086566 0.8531090071585568 0.13167311166935247 0.1851640932632579
2 0.4582426158931774 0.8154718394524538 0.13631786814056146 0.2983885131299795
2 0.5085188590513856 0.540099179284825 0.24880282210093285 0.2880127858601238
2 0.542890267166243 0.7729368300501447 0.11853149317585521 0.26082449706375277
2 0.6298034183863683 0.6747093430811961 0.19163194059443023 0.21030649726160844
2 0.05948909582661886 0.4566020883642474 0.1173379603962868 0.13990123746358774
2 0.020499092185138113 0.21362941673261857 0.040998184370276226 0.09132133346523713
2 0.05696211274580679 0.9534630451635052 0.057758927581424896 0.05432561873179376
2 0.2010076190934883 0.7140781865265156 0.05993956573560455 0.05828869886507215
2 0.6525033231950339 0.8895994729802066 0.06773280254613123 0.09166231426490734
2 0.2550694579194943 0.7264116177583094 0.04937764469597594 0.044332673198680395
2 0.03323384234395924 0.5707282757653196 0.06646768468791849 0.13755030153063919
2 0.014431467220431697 0.27992200646606186 0.028862934440863394 0.07546901293212371