2 0.2642726737471168 0.32042043313159696 0.1617888516666406 0.2825699582062502
2 0.3821564608333594 0.26990949052651875 0.13068685062934438 0.283795731382639
2 0.46087345668417457 0.2602786109674909 0.16584310062934438 0.2846140021842015
2 0.6018101771212323 0.20143238423919219 0.18880746525638203 0.3046453065629342
2 0.626985300035029 0.6668200150809456 0.15545634129367825 0.3019193702503473
2 0.5446580521096214 0.6726355636179249 0.1312788464801593 0.2916082313826389
2 0.4165232419464406 0.5625364778462236 0.11597898289041786 0.269805639959809
2 0.8017742650233788 0.7144182843396694 0.14429814212119307 0.20612532627239588
2 0.8635657152331602 0.6193954186483499 0.08670893983681927 0.11509962955902786
2 0.7727611252448103 0.5698423913636712 0.08795120850815108 0.0800342985369793
2 0.9037405139918879 0.47515883881371446 0.08561467012819124 0.15211808558107642
2 0.9162161345862818 0.34911408708025093 0.06267944398600411 0.10674161569131946
2 0.7491925020629815 0.4563346604317702 0.04631444917248517 0.09661231477951393
2 0.770070311969741 0.45097452329752535 0.04021735321677955 0.04187935529053821
2 0.6163351410664805 0.4857476336931418 0.05643434906759448 0.05005553120234385
2 0.6631652800699794 0.5109783339687495 0.03752423340326061 0.032068270801562715
2 0.49880678214457186 0.5187031810427079 0.05971946473192857 0.06767911569131946
2 0.5557142665851285 0.4881334403513884 0.0965934253146723 0.14262521751493074
2 0.5155586501457251 0.38768469783129295 0.09079232728437381 0.0917985080259549
2 0.4878437494697409 0.4575434194545135 0.03838308869463225 0.06913218631258689
2 0.454476902995387 0.5119362492891489 0.07975529512819102 0.15198170711414938
2 0.36432373909677873 0.44092157674895804 0.0355711084032605 0.032022811312586885
2 0.34119795953383647 0.3858939470946178 0.03583796784381721 0.061274226823611055
2 0.7003870191899801 0.02881383477491293 0.15391346162003972 0.05762766954982586
2 0.7927018905594433 0.021091437239886858 0.18412746888111342 0.042182874479773716
2 0.7078417844871966 0.1658199063234803 0.06954567324007965 0.1458950346692709
2 0.8402505355186873 0.39962421317235175 0.07226793153844957 0.13036095364722233
2 0.8794970925815904 0.04567474805407952 0.1429055679487079 0.09134949610815904
2 0.8979026278496618 0.10193094237078916 0.11422982728437381 0.09234402189366328
2 0.6994246026749094 0.8815484833325514 0.07960729616548723 0.15002858211414938
2 0.7302463282984482 0.8350136129868917 0.09215576297200823 0.21271042007005225
2 0.5489151171970564 0.9123471544947044 0.09378144502330032 0.10551584251493074
2 0.49385761979029696 0.9185028326860238 0.05643434906759448 0.05005553120234385
2 0.3752932681294619 0.9651302550355899 0.041726481328668075 0.03606543977951393
2 0.8237440381003169 0.8747555557825948 0.15864942842656093 0.13822054616215285