2 0.47278160683570514 0.44829744514470526 0.14660554201630238 0.15938670473932315
2 0.5414941034615897 0.5614212199592453 0.11698353060604383 0.18014372791571187
2 0.5365553205303375 0.38130185481397616 0.09401916597900617 0.1601124235369793
2 0.6288655788229017 0.6348696081855909 0.18321494969693886 0.33376034360703155
2 0.6201720046620275 0.25900587789505264 0.18818633092071613 0.3221779720739585
2 0.7010641239568982 0.25012752944305616 0.15116437137526884 0.24527874525034732
2 0.7206030235839753 0.6507008089119364 0.20200620488341992 0.3244493134967883
2 0.7836524649767389 0.5416221121032558 0.09881340975522868 0.17192209251493074
2 0.8883923295979712 0.7602609129197491 0.07931129824007987 0.14612233211414938
2 0.7702060482284687 0.3446738870131083 0.04409446473192857 0.06731543977951393
2 0.8053634514976935 0.28092538409223156 0.09543857209789275 0.10165505200390634
2 0.7902594844173347 0.9321115501493062 0.07262220643355866 0.08357687262517377
2 0.7508124177681499 0.9233671306253044 0.07425019502330032 0.10506124762517377
2 0.6928992323427423 0.9259323257005214 0.120800058613042 0.12759119087161475
2 0.8897814439627822 0.8581217306201396 0.10736590456874762 0.1818695554708336
2 0.8018597971969781 0.10768741593593818 0.25565540560604383 0.18337135163298632
2 0.761048141590934 0.28478535809027844 0.04048421265733615 0.07113077080156249