2 0.673876999224202 0.3809601615563844 0.19374709669397605 0.2134377448320418
2 0.5424146833724414 0.25354124287098423 0.11612208336647578 0.25140001734957584
2 0.4524907058601124 0.17432014863648898 0.1427626750477251 0.34864029727297796
2 0.5195928559138031 0.5599184290213165 0.16522292836965735 0.277966565776117
2 0.29967038003261215 0.221209760566629 0.09429680836249865 0.22072636104189758
2 0.2918492534114169 0.5569216696889989 0.07982950001988542 0.15149085248246608
2 0.41376116342096186 0.6194741295911765 0.19131808004454343 0.34014054595791854
2 0.5747455684078375 0.5124060013150594 0.11014907503181659 0.24125890653839077
2 0.40378757752823735 0.18228703443383065 0.1854132517106798 0.3358588101467336
2 0.34835146587562305 0.2894323556086185 0.05786786501431751 0.10909844617478792
2 0.4064586450707922 0.4958261779023615 0.07592325001988542 0.1512405286083427
2 0.157653847618915 0.8665268362518453 0.10306246001749919 0.13541467072720592
2 0.33115312012647147 0.9111140673218892 0.15393461668522646 0.14648138109080877
2 0.3659109692770972 0.7906345089862485 0.14848432168999892 0.1812621452796237
2 0.19817879674567818 0.5697653801679581 0.09286502834579491 0.09767948604189769
2 0.20768169671982709 0.37858472104558827 0.09704399834897653 0.12136730991602085
2 0.24823416175999571 0.6721050817414169 0.09586358002465795 0.18764839797895938
2 0.2628385142822674 0.8353540291505162 0.04408235667965854 0.09845668761535631
2 0.22210765679698263 0.9464434482973416 0.05932100334181778 0.06625485811184939
2 0.07623484926993844 0.756424100671373 0.11907518171147521 0.33746267928663753
2 0.07869727174170109 0.5481033833287189 0.0632499800087496 0.06845830698597277
2 0.21354038754175947 0.29416227926587246 0.10692325668363556 0.1317587446013292
2 0.5102690325628381 0.4305362642695631 0.05571020001193139 0.09139515923772623
2 0.48086988756164495 0.42362463082548785 0.04558094834102233 0.059519349552418
2 0.433278997553293 0.36510507981496754 0.07921588001272672 0.09875647748246608
2 0.10375562335891927 0.18196814177279413 0.03960794000636336 0.04937823874123304
2 0.2120118109484038 0.834701989514119 0.04948719834102239 0.05976967342654138
2 0.48233849429101705 0.8857890171996112 0.03760936167249973 0.045346826804171236
2 0.44483140261971044 0.8539874065037826 0.03765481500636336 0.04925307680417146
2 0.4843477517802789 0.8064997117940187 0.07135792667886309 0.09434957973421954