2 0.3570755630810777 0.619416596408325 0.26107602476756897 0.2507130784891962
2 0.26004014152735166 0.42513334743120834 0.3801077531020931 0.1418651293035782
2 0.5865195395740165 0.5021237193625584 0.3271957385615962 0.16534602472199822
2 0.7522410261241699 0.3581319247816872 0.3942848675844821 0.17743060707105962
2 0.22881021842257904 0.29775859005898014 0.4337570949982137 0.18465407462933103
2 0.7543508038239745 0.2299635210839897 0.3490898409753278 0.1719556506290476
2 0.37149054778964563 0.23127795382688682 0.1857923474700529 0.12144099614013482
2 0.8757105581619872 0.13239099181693353 0.2431158514929388 0.13318455534962836
2 0.7036101625871616 0.11561269474658262 0.07550238057393255 0.07667411660488849
2 0.6432748435924365 0.0684741693393916 0.07522922896477802 0.07276786660488851
2 0.36472244321920183 0.09007321448962148 0.06941091770069774 0.045287707349061374
2 0.5425523302878593 0.06691475600184275 0.07563895637850959 0.07862724160488851
2 0.2687528589084566 0.0485429432799862 0.09530678218308675 0.08126241288402421
2 0.17933936819014795 0.05325213270991877 0.06392020637850959 0.07821801383740709
2 0.1404817318970137 0.04895835265164738 0.08489934189612053 0.043880219372369925
2 0.5697537221303379 0.3918961615136388 0.21499371040139548 0.09323539518675195
2 0.46135573960307036 0.5281002653040034 0.10511347091900636 0.05432789065150567
2 0.38977253865322375 0.3758216084316336 0.15071822494189224 0.06566222209351769
2 0.53592216644019 0.343725273583281 0.08390224752816078 0.057483889744456285