2 0.43935868387781396 0.2776889587462266 0.2545785317691034 0.20040631152651556
2 0.3508321281261525 0.411854931710639 0.287933048657254 0.1428923340588042
2 0.6312191095422652 0.44755987488527804 0.3193082105943157 0.14575474119125786
2 0.15597230683600827 0.5169484145719999 0.3026819150978224 0.12967510012503114
2 0.6839448604305077 0.6438982529204533 0.49694065969915147 0.24059954291975272
2 0.6584946483711681 0.79767320648668 0.4235485772655967 0.22091870298845384
2 0.12497469733411697 0.6810572944710103 0.24994939466823393 0.15823318339241244
2 0.3647558239548714 0.48358067044449465 0.12572474167128111 0.07578909326325778
2 0.30345797733250146 0.4970611545761236 0.05869268198597288 0.06409124373179387
2 0.5332136036821691 0.5166939712826389 0.1777576110418977 0.09679792672849485
2 0.31894619737449104 0.5443728308099792 0.1004592786083427 0.07700342653063919
2 0.4771392013081378 0.6616125819813194 0.07589532117478792 0.05874333993129888
2 0.5285114069305996 0.7878089504163296 0.23074230991602085 0.10223859032701044
2 0.42611924545496327 0.621183223146474 0.10702015923772623 0.05769949706375255
2 0.26120534489202496 0.6240322444084947 0.04755027567829462 0.042322718065402
2 0.25074120817183265 0.7569015745417731 0.12988131554540439 0.07980900352981446
2 0.007042783199519261 0.7091369005674639 0.014085566399038522 0.09344494886507215
2 0.029431588334025042 0.3628938893013196 0.058863176668050084 0.06833847453146391
2 0.6668224080495546 0.8958797929870925 0.25868563965024016 0.17323305192635052