2 0.7270896336071566 0.7054406391355239 0.33394720258214683 0.2397501936333355
2 0.3759642406880277 0.5682847347079815 0.30487352767481424 0.13295077736247718
2 0.7780165445710596 0.34273897345837767 0.375527050814382 0.1464013243433161
2 0.7750713409660295 0.23038310648642157 0.2961309720935179 0.16173585764291631
2 0.21930190142026282 0.48061678680508835 0.4092758128376906 0.1637664263898233
2 0.17412579411753504 0.36362569962724434 0.25223216651222125 0.18867847693293593
2 0.37181305148976324 0.39337768826406927 0.16476935548862925 0.08466766734471176
2 0.30448910911682625 0.14644845658143496 0.22897447118646852 0.13677127854990184
2 0.32711126508214694 0.20592056267035697 0.18234748048862925 0.08558889783992146
2 0.301057221408325 0.3843672977449081 0.08712178788402425 0.09424518458822417
2 0.4356523348385411 0.372421718114967 0.08534846755827141 0.04346393458822417
2 0.5297185487686155 0.3205311298632697 0.10892237681409855 0.048598491915170516
2 0.5971509796876024 0.4304857141861235 0.209554821232802 0.08311567305469214
2 0.42958216435062063 0.5067737548064841 0.13479043420949355 0.06360103318602883
2 0.5624411712693242 0.5291614010924113 0.06475075272114772 0.06772861120519003
2 0.557164647106873 0.630207953840016 0.0836681610699257 0.05117407564431198
2 0.6029824753742127 0.5974779016861236 0.04964658053496285 0.02599647359780466
2 0.6213139213851582 0.39399879791526504 0.09445685548862937 0.08098274536387295
2 0.5407986479078998 0.24559586725588436 0.06400050181409855 0.04624423620519008
2 0.5749008376755229 0.2976178821813332 0.04237971755827141 0.04121203782215599
2 0.6950459044889128 0.124023542798997 0.22774678788402403 0.10161502854990184
2 0.9356739911513638 0.11122867480997325 0.1286520176972723 0.08899165818602889
2 0.6689825263142403 0.06788220227055686 0.2204365294889128 0.13576440454111371
2 0.3314329244538081 0.07753025992275211 0.12032491288402425 0.09598528663473138
2 0.6467076164890545 0.16862588336875783 0.22552084437236997 0.09370016960598965