2 0.7354179403049956 0.4387415386596034 0.2766142033266261 0.19425198185312165
2 0.7170755051342901 0.6244509818647326 0.3834789921099251 0.18872004980182955
2 0.6511749616459257 0.7272108895395635 0.3511944034217662 0.16096144139856916
2 0.21402644201642562 0.5892709364685093 0.3613579471479812 0.17146706121208788
2 0.45083045138007993 0.8599459302505374 0.23603296568391574 0.24958975467363853
2 0.29897579168398175 0.7161960762528832 0.32604252965749525 0.16489682988341992
2 0.30776647229178533 0.4523762022901794 0.2385067082695419 0.2147295025990461
2 0.38165862271991624 0.6342994092423861 0.14245542614058881 0.0555778003146723
2 0.5993789753811077 0.4597796102330426 0.17230938735728962 0.0714696597552289
2 0.42862147105605636 0.4674115129778137 0.1193362611215607 0.06161431276222684
2 0.7875968471960982 0.19192351635773466 0.11817897357399065 0.080997563799523
2 0.797626104230458 0.25831519711530926 0.14424938365010265 0.051819549277375865
2 0.7015797634508553 0.18736468699876835 0.13802855855496254 0.09029005342656082
2 0.42822184719609824 0.16469170722023915 0.049023761121560705 0.05628635010489075
2 0.40291412918288794 0.20881415716779378 0.06580604866913076 0.038087090769224785
2 0.2683259059889113 0.17020791675988106 0.08729042366913076 0.03971507935896634
2 0.36052069971512624 0.16739824300695877 0.07557167366913076 0.038827085582743615
2 0.514514150808145 0.11441503761650168 0.02877625741437395 0.03722823547785292
2 0.5102133053234768 0.1718842261537979 0.050101464923887784 0.03494997406759448
2 0.5113125666828879 0.21702809959785357 0.12316292737631773 0.05995718568763436
2 0.314340395865229 0.12275664342071614 0.11558917861204665 0.06522456483681924
2 0.4404147764260094 0.10586138953375805 0.03690709239534573 0.04563273132866805
2 0.7272854001902804 0.1334766120512137 0.0796370911596167 0.04302933350815119
2 0.22159183916385994 0.18723775363634226 0.0732206299429159 0.028913461620039826
2 0.03782481965328512 0.27210666260489075 0.07564963930657025 0.0858500845454474
2 0.033243769439493094 0.3361157907167794 0.06648753887898619 0.0526469595454474
2 0.1541078853615328 0.16057341494170996 0.050419799904859786 0.04276247406759448