2 0.6083601105889416 0.44756696157903814 0.2564565204629212 0.22542890336568033
2 0.203127256414193 0.6669219549650016 0.27638586743820215 0.3739573100334075
2 0.35156459524175065 0.6173886191120479 0.3030120113790655 0.41329253003658906
2 0.582450766845003 0.28688868241767423 0.20874442084222355 0.23853261169238515
2 0.43664518747575415 0.6388382199335826 0.1715152299357775 0.3083451250198854
2 0.36914126968976946 0.18692909661443421 0.13608037652205796 0.18500280334977198
2 0.15814498994364296 0.4889041808064217 0.14616486591614425 0.189022686684431
2 0.30574506797806045 0.37791558745426346 0.13456593182259013 0.11864200668363556
2 0.39604617821679483 0.07534166747892142 0.19618889356641034 0.15068333495784283
2 0.42082017195345967 0.42633394827142335 0.10219990644328791 0.10460650501272672
2 0.429170392980485 0.3120874991048892 0.08203092765511522 0.09656673834340856
2 0.47572636741395635 0.26764219993238947 0.12256793371910102 0.18679684168124933
2 0.7221388206356003 0.21306628073284553 0.23473251365002934 0.3656675500278396
2 0.34957008105428744 0.16374158995068408 0.10255870947285628 0.08509798167965849
2 0.03065293512329989 0.5342926366565913 0.06130587024659978 0.08462072167409063
2 0.044983233505204154 0.4648544291553982 0.0672430272758131 0.08273577667488596
2 0.2759702187318156 0.4797280807905133 0.14839691667474852 0.21636643668443112
2 0.18399249166505027 0.04078698997454663 0.062061319699467765 0.06706532334102237
2 0.6828964356034891 0.06034822490653839 0.053252287881726756 0.07867044000636333
2 0.020100294969396894 0.6437244533239209 0.04020058993879379 0.04932811167249973
2 0.26719999734246014 0.15689497329528584 0.08187149545807215 0.09461361334340862