2 0.5800296436839354 0.4495275029221138 0.29571583135429225 0.12863484142972925
2 0.3307198920163698 0.3494743218159235 0.26650470516686775 0.2046135462992874
2 0.41007174496637333 0.8390446154092854 0.183355811849502 0.1455539153964569
2 0.6254895776784473 0.5718250743991042 0.2729865388960093 0.17926837309468557
2 0.7616550076305444 0.7483449160743232 0.30589089212994125 0.13650415617397682
2 0.3201325920101838 0.5759061479041541 0.21727544945688737 0.15941896052689897
2 0.2945068323145743 0.47813058694123406 0.25326718113952174 0.10105246950388935
2 0.3634858625888274 0.6952626689322949 0.09825379353213637 0.0864829215447771
2 0.3708239406647742 0.5186014414975159 0.12652707909301442 0.06712211577751992
2 0.1756995484212618 0.5955674207148647 0.2872891776908192 0.11687063963433131
2 0.05985932482345706 0.5460802446815923 0.06649199881257539 0.07653548936318466
2 0.09414687287814918 0.7532478500677866 0.06587784514910228 0.06481673936318466
2 0.4299004176544958 0.6585509971420282 0.11265048620519003 0.06313632513557321
2 0.5641072209958129 0.63004384708707 0.14400284514910222 0.06527125731716543
2 0.5391177267057933 0.6748066408031768 0.06392472014910222 0.06480537641433504
2 0.665581168728349 0.7965992121574224 0.20557330958822417 0.08515475873150091
2 0.1854817835525986 0.5214282113568113 0.08181822704650721 0.033669005902830396
2 0.16121845601357843 0.7663295028286704 0.07944736120519008 0.06294315500513137
2 0.5779422885552954 0.819519697984769 0.12703056874690688 0.11398575282867052