2 0.3684544687967217 0.202811693394318 0.22635926912282645 0.3099333807029438
2 0.4047931165781309 0.5725127278525657 0.15403682937857877 0.2972231571289532
2 0.4712625138978622 0.7485576098869255 0.15835214553716148 0.36769482461943914
2 0.6210325559834455 0.29996726525797235 0.12510356874176365 0.3585294009503084
2 0.544968628997516 0.32162571882244895 0.1774175146343313 0.2884125370718691
2 0.5175813805052946 0.8189530168737154 0.17127406591309313 0.23934566083614017
2 0.6890289677213197 0.40269037604708924 0.1206973489923846 0.27243273345982244
2 0.9138592691228264 0.26361564097152396 0.06486219115858294 0.07293876359301865
2 0.8691646530998169 0.3045085671121127 0.08639201795398099 0.08162668479069146
2 0.8283876500256568 0.3471954507622155 0.05890054961893698 0.05512188735728962
2 0.8837783506522094 0.1300437721501688 0.059468697061413334 0.15277813735728968
2 0.9566228349424761 0.19248906920355668 0.08675433011504774 0.07584689353593455
2 0.9634707864923846 0.5379534429678278 0.0730584270152308 0.0870881410644766
2 0.8777561661970681 0.6059878365037623 0.08867466847061722 0.13834689353593443
2 0.722295240041051 0.5800881817505799 0.09051416398212186 0.11889522728117763
2 0.6491559701817555 0.7686592390698135 0.07504824526601506 0.14560230731923363
2 0.6263143738952965 0.7041447646401079 0.06278407372123818 0.05137480484777557
2 0.5722909553019346 0.6526223801342901 0.057401942572917974 0.13316730361204665
2 0.4713243590154757 0.5912912555143041 0.07128971360105896 0.17083376482874768
2 0.46608864400008154 0.36293479800479 0.06289770320973331 0.07090605484777557
2 0.4242328118862758 0.3880833485275143 0.041424691158582716 0.07198375865010276
2 0.5595438584310529 0.47634207010574803 0.04348008269822845 0.08964146739534584
2 0.5603954284937083 0.45481790323312654 0.10424285372636932 0.12921793849787844
2 0.6118678650703523 0.06786372523894432 0.09832666398212186 0.11921356226214946
2 0.5267648907097333 0.04792786651666604 0.1021079215447771 0.09585573303333209
2 0.7340972588542456 0.09023349116125749 0.08047582820973331 0.07162230855496257
2 0.7909878687289351 0.1308943125492108 0.07101700282867052 0.12395876482874763
2 0.840105748924598 0.17870940641813607 0.06510081308442262 0.11395438859301865
2 0.9445575150025657 0.10800563417501464 0.11088496999486863 0.1451612734788504
2 0.9753820555217675 0.28645958612374833 0.049235888956465024 0.12316292737631773
2 0.7665126122123805 0.45716400560999115 0.06512353898212186 0.11786063859301876
2 0.8074025936739768 0.2659998300872669 0.05546018052176738 0.13504084486680368
2 0.7579628227392794 0.6665462993362061 0.07713772565220944 0.1691193910644766
2 0.7073128977521078 0.8590849560851452 0.14779111411769508 0.23057815589322406
2 0.8362702810219307 0.8626214913991079 0.19456384757804934 0.21491004077905584