2 0.7080078125 0.3050244901631272 0.150390625 0.36590632812397017
2 0.6630859375 0.7774882919079495 0.154296875 0.26636513697134623
2 0.5390625 0.25719219156213274 0.12890625 0.437796941963403
2 0.4970703125 0.7598782929214232 0.185546875 0.3450356077503529
2 0.3984375 0.39050618506766327 0.107421875 0.30070318080283587
2 0.4169921875 0.695846374292628 0.12109375 0.32242619926865146
2 0.263671875 0.4953975903021301 0.1640625 0.26458247158978565
2 0.810546875 0.6704221641695112 0.06640625 0.15154975040538954
2 0.6435546875 0.6166963986448287 0.046875 0.13949008116851025
2 0.6328125 0.4752823417251123 0.04296875 0.1218437723211343
2 0.4697265625 0.4478555798530541 0.05078125 0.16885514001588608
2 0.8955078125 0.9062438529890864 0.05859375 0.061569632710637645
2 0.9482421875 0.41606555854951244 0.041015625 0.06516905539744644