2 0.8196517785861419 0.7863891901817857 0.3606964428277162 0.188136439408634
2 0.6247487804971361 0.7349111093026018 0.27876183571058566 0.17841107538900047
2 0.5183435669946375 0.6435331064578355 0.19967897642635135 0.109693219704317
2 0.3447241594260775 0.6964873051254287 0.16352207557864595 0.08533906515753986
2 0.26980982940063425 0.8217068064481371 0.18078450423852765 0.12177077273388526
2 0.23809152527637303 0.6002264897806622 0.29742619468523374 0.1196179545564755
2 0.48769817876119836 0.5077511414947958 0.2774936652181732 0.23473283599491412
2 0.2533927512383451 0.5110004992510939 0.2596800418730575 0.10291686781265508
2 0.32070060612925855 0.41045417804169126 0.2010916770049973 0.18179941250727372
2 0.7061112313853684 0.9361226005931991 0.13549875620299856 0.11029133220189236
2 0.9581711905480226 0.9586440907361915 0.08365761890395484 0.082711818527617
2 0.2286471264944548 0.9947382539802483 0.04991974410658784 0.010523492039503424
2 0.41456850004784007 0.8383876015293317 0.05519051798982266 0.0570390443201656
2 0.1663821906014992 0.06319699205162621 0.12523011321317573 0.05691922841371966
2 0.10619933338305221 0.42115723276842104 0.08848461124870499 0.061702516669899454
2 0.3868581844463408 0.7865102954677705 0.041154769954293347 0.04811051894086349
2 0.6089366035934554 0.9754854462215257 0.1330907899085867 0.04902910755694867
2 0.8912273534386622 0.9629076932137786 0.07408499017764636 0.044961491290597344