2 0.31985199005139214 0.6691458115396216 0.28583954234471176 0.1847487469801301
2 0.221932886703889 0.42237407177108227 0.369218068746907 0.14293563865002945
2 0.3090212502839283 0.5047245085100533 0.2854467167003998 0.10303636137421623
2 0.24528183443642512 0.2551627052932585 0.2923379862051901 0.08609596516238904
2 0.5917139296423131 0.26869624562105276 0.1870573439616776 0.1552927621279716
2 0.6661623127271425 0.36958140054228283 0.3863867579712581 0.13655802842341802
2 0.6177215117606747 0.49605606777871103 0.3019929471956093 0.12188994395056163
2 0.0981998632547903 0.08155327575375519 0.1963997265095806 0.12515878750727374
2 0.2620936164350295 0.045700033702128995 0.1989974219808388 0.08625571970431692
2 0.22926120533722472 0.09699935775629812 0.08715750226127783 0.06740245947285628
2 0.5265692072319329 0.3984792115323479 0.10987848965389246 0.05564377083737426
2 0.3699651034610744 0.4365446961972798 0.1582971788782438 0.05181707576345351
2 0.48106224629829913 0.5431897018746896 0.0860315538782438 0.04591808447285617
2 0.37672774974700163 0.5672646083179776 0.0762659288782438 0.04512092348764041
2 0.45558171995288954 0.6026403596406862 0.09661605042954124 0.06234024545807193
2 0.7344427896032929 0.021684874039621625 0.05374965937345344 0.04336974807924325
2 0.5535781617483027 0.05967080377847435 0.12394319029820444 0.1193416075569487
2 0.03479316662450027 0.22817695246061503 0.06958633324900054 0.06903672007876993
2 0.3942656984966054 0.158403785212064 0.11882524310259512 0.040815931822590135