2 0.6030572316064748 0.21788460902913795 0.2692027401126429 0.23650485459503195
2 0.3873319762024 0.4027410027623781 0.2888027329876639 0.09988161666368944
2 0.6351806797939433 0.4246632392879435 0.1410481120105498 0.09926748051582468
2 0.363771284994641 0.48682088983103566 0.27913262005632145 0.1283590368362264
2 0.31005989252190863 0.6309080409797936 0.22249199505632145 0.12439833850348858
2 0.16634186002369492 0.47020503278875253 0.27586818534328766 0.16505868442249494
2 0.5352633267745461 0.6377310488557077 0.18169507333273804 0.06906902321652231
2 0.44406765829832506 0.5685450717571032 0.13118697494189213 0.06942430229751606
2 0.5495091841319562 0.5327130900053589 0.09671360396477802 0.07673156281512705
2 0.5957629007129497 0.47844915698864116 0.1120243886197041 0.10112509344716714
2 0.8256862574401059 0.4619440165027635 0.34862748511978814 0.14186665689254796
2 0.8796190168793607 0.5457851233997772 0.24076196624127855 0.15515648361791778
2 0.8910119206821095 0.6589775536295288 0.18251452816020097 0.08078777321652231
2 0.7195533403942502 0.7190526506391854 0.05251567172358351 0.0561487701144292
2 0.8695953786116657 0.8017877665027635 0.160087507124979 0.14918821195244192
2 0.9699950030417525 0.7618652029121133 0.060009993916495086 0.05384036603343567
2 0.15154255217683466 0.6655447569551214 0.04038719430985205 0.049469940286966274
2 0.1358082005386264 0.693141126696316 0.04738023948238901 0.03829749350527489
2 0.22867715010728396 0.7160872267834777 0.1697031717235835 0.06434331838905916
2 0.32670875608350497 0.7847951885660621 0.23298156281512694 0.10763966833095151
2 0.362718377375746 0.8647095135951159 0.39879186913552866 0.255284482697125
2 0.4426398496759415 0.7305656269868548 0.1472217023556237 0.0763762837341333
2 0.5184908170324584 0.7066161952060566 0.1115602128732347 0.038898245056321556
2 0.688699228238431 0.7830344526215745 0.10847341770069763 0.050343843447167025
2 0.8298103007710576 0.903630110410327 0.3403793984578849 0.10942853838727307
2 0.21423981363982642 0.9025696005475581 0.31184389017075065 0.17923579890488384