2 0.3288847471049474 0.636671996002484 0.21466681112196206 0.24535646052689897
2 0.7136536381568572 0.46648747097682725 0.39485273247473973 0.1839132147699044
2 0.8173754638832028 0.37312316013665214 0.35170214451883686 0.175850729895215
2 0.6707092509273 0.38178788130036634 0.21911530893776066 0.10087066232229702
2 0.5886065456419266 0.5531408367543472 0.29392503229444467 0.12669307937857877
2 0.33084113815685723 0.46871460895133366 0.22579295473932304 0.13606100116884545
2 0.47417179426388867 0.3096990331085928 0.10338087955902786 0.07871587334017516
2 0.43919901524574634 0.21811805413673369 0.09947462955902786 0.07869314744247613
2 0.32468872601744764 0.35548449222115647 0.33798481002986125 0.1738180642532683
2 0.6725511767437932 0.26069981277479104 0.06368194671336802 0.05114486436318466
2 0.36371229863229165 0.02271027127363058 0.2296066527354167 0.04542054254726116