2 0.7841796875 0.30046066146308315 0.1328125 0.4011633055217676
2 0.5869140625 0.36767237862928137 0.15625 0.27239341090796176
2 0.6884765625 0.4190445019694566 0.05078125 0.14677981167008758
2 0.3798828125 0.3029913435512321 0.1875 0.2178877180895541
2 0.5107421875 0.5264089111241501 0.06640625 0.2464800902608837
2 0.482421875 0.24987696086583197 0.08984375 0.262241445647078
2 0.7685546875 0.826736945372287 0.068359375 0.2132883282097331
2 0.697265625 0.9112831352392794 0.134765625 0.137502793470617
2 0.7236328125 0.7024521600487479 0.103515625 0.29161786128902456
2 0.6220703125 0.6002987867085727 0.111328125 0.12955393808442262
2 0.6181640625 0.9441213436739768 0.041015625 0.11175731265204636
2 0.560546875 0.5149799163198129 0.05078125 0.06865481167008758
2 0.6923828125 0.5714109778671557 0.044921875 0.14479259782353893
2 0.775390625 0.5660345281932604 0.08203125 0.1020397438516798
2 0.435546875 0.9171831679942883 0.068359375 0.16563366401142332