2 0.7405518617831814 0.3447717571373937 0.21165296940556688 0.30179267111158525
2 0.48793043491256494 0.21835650873880164 0.17865842687642197 0.3800514309339388
2 0.5746539439918097 0.3152582317540676 0.13113084751745552 0.29220359749741
2 0.32071624896850925 0.2232046073732401 0.11414471836827078 0.29919738316746913
2 0.35223887475518967 0.5745396867260344 0.17285502230767424 0.200727803969468
2 0.4577536390209154 0.6607661021524771 0.17413104254075595 0.3973566511572919
2 0.5824867795803588 0.6255562903251262 0.1519940881817896 0.3106914050862333
2 0.13895445695220687 0.07946274296955937 0.14119016390441375 0.15892548593911873
2 0.11152444476687903 0.21726772694420737 0.10508764315848934 0.2053564149085868
2 0.1603817082517299 0.18951192721326704 0.07516732728437386 0.0930276390608813
2 0.47969427361300276 0.5235229383809188 0.06702969087411548 0.11405717276646965
2 0.5091659795221078 0.36926885494439 0.06682341494170996 0.162703361248705
2 0.6224495360605573 0.493353787223627 0.05353495332167002 0.09007386321317568
2 0.6411207774999608 0.39056321572871566 0.05279495850815108 0.08030823821317568
2 0.6807618573775752 0.4739776928277162 0.07200107209789275 0.10261132754311664
2 0.10324688227849 0.6900176377690597 0.06679196991840963 0.05955160928423431
2 0.06455437968524945 0.696719815446706 0.026693477179483144 0.04406036910658795
2 0.0752237209731223 0.759923473170059 0.04004021576922473 0.06609055365988192
2 0.06927693051856972 0.836641157723353 0.018674701247077652 0.09234268455329397
2 0.13086860115379792 0.5113494918325309 0.15068892946385704 0.13936221463952725
2 0.2833959849592048 0.02258931219041373 0.07460446991840963 0.04517862438082746
2 0.23139280187642197 0.36358617607623855 0.05199668672493063 0.12114192669541102