2 0.55859375 0.6803137970403441 0.21484375 0.2111783834770553
2 0.7138671875 0.5000457736214886 0.310546875 0.11016707816228921
2 0.412109375 0.5133349276241699 0.25390625 0.09971649865470189
2 0.74609375 0.39998424989304693 0.265625 0.10416855820799575
2 0.76953125 0.28779461899963477 0.26171875 0.1157053716902311
2 0.2490234375 0.416871890507496 0.43359375 0.2096480784718754
2 0.2119140625 0.2715888060887319 0.20703125 0.2030020104415261
2 0.6162109375 0.5706926731773725 0.07421875 0.03861304383752828
2 0.494140625 0.5679368444972274 0.115234375 0.05614837727405697
2 0.5517578125 0.5403469706342559 0.048828125 0.025711706472058005
2 0.5927734375 0.46510886657078465 0.056640625 0.04755995450758732
2 0.587890625 0.30667832092357883 0.107421875 0.042112629238527655
2 0.3916015625 0.29070007340590553 0.048828125 0.060867956472058005
2 0.4296875 0.24950520445411078 0.068359375 0.038340139060881295
2 0.5546875 0.26020998552257935 0.060546875 0.02625751602535198
2 0.591796875 0.2873290074413435 0.03515625 0.030934303659881812
2 0.6025390625 0.16282933286519624 0.091796875 0.09607238316746913
2 0.60546875 0.10437203525351973 0.087890625 0.035343571649704475
2 0.5263671875 0.12119563326878571 0.052734375 0.03370614298982266
2 0.779296875 0.15641352279404638 0.046875 0.06273011321317573
2 0.283203125 0.06494821003793666 0.07421875 0.08939429383752823
2 0.3603515625 0.13104145626378835 0.046875 0.02171448821317573
2 0.3310546875 0.15409099488055356 0.068359375 0.046152639060881295
2 0.978515625 0.1959657227000432 0.04296875 0.025438801695411073
2 0.7451171875 0.09329814076360574 0.04296875 0.023485676695411073
2 0.9033203125 0.3145337572330738 0.0625 0.07127035928423431
2 0.9345703125 0.23786424937519096 0.130859375 0.07445424834511549
2 0.951171875 0.5413718545756907 0.06640625 0.028483545801998966
2 0.91796875 0.6482238316746912 0.115234375 0.09911712727405697
2 0.97265625 0.6312396929233962 0.044921875 0.033342269954293347
2 0.939453125 0.7527401075223967 0.09765625 0.05728278794411601
2 0.982421875 0.40024922171780786 0.03515625 0.0270280536598817
2 0.9814453125 0.3093834250883667 0.037109375 0.02516589691876403
2 0.6650390625 0.10128719214943055 0.05078125 0.05705267473094039