2 0.7666072371239874 0.7373270744043763 0.16530941945670063 0.3325887791723239
2 0.6264930433196723 0.2125538865299233 0.27296140766987653 0.3880731178126552
2 0.5563733948473403 0.748606660586517 0.18788002843134888 0.27411452273388526
2 0.4430171872382538 0.6510098350224128 0.19006326664452455 0.32098952273388526
2 0.5031973518907309 0.23830283104216454 0.21577497311658256 0.37173083409840324
2 0.3937340761978184 0.2874295287736252 0.17693720119781853 0.33159224735458304
2 0.33147765224084375 0.5503238897612657 0.1730255660658786 0.24760787235458315
2 0.23558451302516936 0.42777495832525136 0.23207415736029025 0.26215646326587816
2 0.9694617354212628 0.238703023259196 0.06107652915747441 0.16019586629059723
2 0.9723272355760559 0.331476460759196 0.055345528847888126 0.09964899129059723
2 0.9320341162611985 0.39543115867788314 0.10093649245170333 0.16194962045807215
2 0.9066650317889577 0.7347167348157897 0.07395123035529272 0.08386455909355406
2 0.9169631482584257 0.892680711520225 0.05610020057864595 0.0765702943201656
2 0.8162407583701023 0.8979617821679482 0.06223248035529272 0.08290796591129501
2 0.8790697727940464 0.7105018819758725 0.06845572839082203 0.09119876250242465
2 0.7612881417993176 0.30742039542655253 0.15140743124352518 0.28475718599006505
2 0.6958906203449329 0.46078032421714976 0.08585191687305738 0.0887274022758131
2 0.6397717165505213 0.4555585168328801 0.0702269168730576 0.08745194469946771
2 0.6139931301672865 0.42825454429591975 0.07631640508623327 0.13464580909355406
2 0.6366708627966364 0.6204978939166175 0.0793557640608813 0.07457723068468347
2 0.5810495918601076 0.5838666543353047 0.06577485731976362 0.07541433030538136
2 0.55770306011899 0.5877329656998227 0.0799979270049973 0.17191461629059734
2 0.46364529673075777 0.3993557662712006 0.08639772642635146 0.1004461522758131
2 0.4353999418398443 0.5085114261209345 0.05710085142635135 0.0980546693201656
2 0.31739656482189704 0.9004513388154347 0.060643228390822146 0.09056103371425195
2 0.20045788125083847 0.8943125545395033 0.03992939102535198 0.0635760867438202
2 0.14131832169754452 0.8873767704507984 0.056282137096410556 0.08047654432016538
2 0.4445557146873672 0.9155585871061503 0.07322348428423431 0.06823955909355406
2 0.48434596075842573 0.927994943165287 0.07758457557864595 0.07832404848764041