2 0.42189287407599035 0.5865082134897555 0.1901697640244825 0.25893596352436354
2 0.618221230521703 0.7427743223744909 0.1391092659209936 0.32366564234957584
2 0.5325839149775871 0.3791539375807481 0.15812228069438206 0.3423702247831306
2 0.7248461057089295 0.6780229044619768 0.07346088296049658 0.16208314504891108
2 0.7930855036300412 0.7924321088501273 0.1467623337239503 0.3222131650978224
2 0.8522392003890005 0.21829055174879813 0.16772815115245399 0.4362453867201923
2 0.2874651157531636 0.8758806244232183 0.17279133220189236 0.141247815776117
2 0.162086665750739 0.81912495855251 0.21005949470916607 0.3359839720837954
2 0.6774535151720874 0.506322532392025 0.0893651310639858 0.09510055135658924
2 0.7889212642238319 0.4648208715739183 0.048947296216676595 0.12359698874123304
2 0.8608677024848608 0.5524874026508838 0.06620655682259002 0.12081719617478792
2 0.9561129837287994 0.3844081026439622 0.06030724318710812 0.14375404842654127
2 0.9113693820364871 0.7141718258467125 0.09008209243335297 0.24669332973421954
2 0.9684300073988172 0.6891960315845307 0.06313998520236552 0.1803365457272057
2 0.17781086764967446 0.9516245537098558 0.05345165871425195 0.05976967342654138