2 0.25695938437816884 0.5144942283664499 0.3171806943385418 0.12450647772508705
2 0.3404193422289934 0.4100491333813805 0.16120181824644098 0.04864955309600705
2 0.5486325389423614 0.46564908921280423 0.10278990620234385 0.05509826842673626
2 0.2810804097387592 0.6282755327451826 0.2742119443385418 0.12350636896762168
2 0.5456850207757384 0.7164210840124137 0.15352732973932293 0.13826600565112868
2 0.28875979732374196 0.790475826723134 0.2505471468936633 0.1131952300999135
2 0.3114236694981777 0.7158487578353301 0.2301976260921007 0.07758438521015654
2 0.5901733976045144 0.6149730492478304 0.12186819433854179 0.1199605288275174
2 0.4505176114877172 0.2339975759864587 0.11010398484956618 0.11773464689366331
2 0.3751615577503473 0.14147253264987011 0.19744909598185778 0.0963428238975696
2 0.10270062025034733 0.1351309339377605 0.19018210984956604 0.11959848594166683
2 0.11562486322118075 0.22913096112712683 0.21493630200390632 0.0928457092983509
2 0.1733532499046876 0.10944645528537342 0.1259546492684896 0.043925032294444555
2 0.3731386104909289 0.0545584701498701 0.21112097098185778 0.09666104032039949
2 0.7327871839377605 0.11661122387691034 0.08271314233463545 0.031206173536979243
2 0.806216108471528 0.3779452012465718 0.11083133667317702 0.1489846468936633
2 0.4160716991576828 0.5572389469734812 0.11419043977951393 0.041699150360590354
2 0.44670799605651085 0.5315991112970924 0.05164498029053821 0.03829132171336802
2 0.38486960818559085 0.6843730934164065 0.12981543977951393 0.04206282627239588
2 0.4708996601894972 0.7742184764423614 0.11768918740468759 0.10815085984956596
2 0.47446414750920196 0.7176915001648008 0.08098731477951393 0.04092633904800369
2 0.510299840304905 0.6218982726998268 0.08271314233463545 0.031206173536979298
2 0.4979446574592453 0.5942817657659727 0.05146314233463545 0.03047882171336802
2 0.47527751923289974 0.5010310036317278 0.04360518284565984 0.028343858757465368
2 0.5104792287218753 0.5038023994332903 0.060956010400781135 0.018987369158246725