2 0.3384146139428397 0.3297014041055817 0.19840497970581294 0.30258350465313977
2 0.3212169495788721 0.7547997750826959 0.1446379616453869 0.351493757124979
2 0.5200530210056782 0.5105765676381242 0.10359813007148722 0.23548099103343567
2 0.5797915751869562 0.6731501183845936 0.1949859019872322 0.21846255384856272
2 0.4395685176591557 0.7523204237596146 0.10225865969786985 0.2705006652288584
2 0.3393328779452522 0.4451406428124475 0.07663927658184266 0.14386175557393233
2 0.27638252232525345 0.5786021053705552 0.07300576197134612 0.15921360396477802
2 0.40485051999220456 0.668739083874937 0.06707820312397028 0.15489762655104666
2 0.2440316954174516 0.5274521916927433 0.04762502232113436 0.04624656930985216
2 0.46153239752794817 0.5583053939030977 0.05464352272652384 0.11306254672358351
2 0.19523493760340693 0.2981787074691598 0.08173874391092006 0.21249428218308675
2 0.06927542106525088 0.7464008180739324 0.13855084213050176 0.3599891361478649
2 0.15437494419716413 0.11834793936617351 0.12484386160567174 0.22331144988378446