2 0.67578125 0.15424594824159513 0.12109375 0.300237178349772
2 0.599609375 0.6658744757519356 0.1328125 0.4097485383513628
2 0.4814453125 0.37232756410130985 0.193359375 0.1780311900262488
2 0.4765625 0.7483609432686393 0.099609375 0.32733093501352206
2 0.4130859375 0.531326122443923 0.1484375 0.15407097668681713
2 0.3681640625 0.7867316482833546 0.138671875 0.3004417183521584
2 0.7783203125 0.43137311072767526 0.13671875 0.22815336668522646
2 0.400390625 0.6359660332789798 0.056640625 0.06315907334102233
2 0.8056640625 0.26699243739063006 0.05078125 0.168559643340227
2 0.673828125 0.3310264874085269 0.041015625 0.11375851000556791
2 0.6640625 0.425866683243186 0.048828125 0.07088066667329507
2 0.5400390625 0.5532863890933557 0.044921875 0.09427271333943166
2 0.5224609375 0.47145967909574193 0.060546875 0.07297015167488596
2 0.8271484375 0.9083440065543802 0.201171875 0.16640334669397605
2 0.9423828125 0.8874718832054036 0.037109375 0.0902755566717044