2 0.5333395912704564 0.6018785352360038 0.23428989108389686 0.2203746151126429
2 0.6731989177797608 0.3842215966453535 0.32019594606059654 0.12341462873234699
2 0.3736296446970172 0.47899500523421734 0.2628153262470776 0.10968830539960917
2 0.6977924242657649 0.27759195230644756 0.27497807313518896 0.1163671352270721
2 0.711407175565288 0.16201613779500462 0.2698586929487079 0.12572303281334063
2 0.21440415456003953 0.42871853974387397 0.42880830912007906 0.22772202942070874
2 0.15525310191145086 0.29707362638118906 0.22573739627037803 0.21006268689433427
2 0.582406590495387 0.47993810624217176 0.07688273132866819 0.04034613057393244
2 0.45968485190564534 0.5098901811259562 0.12118347199300206 0.060928923274630176
2 0.515379206159721 0.4671401344023727 0.05060411255244546 0.026851895114429203
2 0.5499154750932798 0.3831285352360037 0.061997726142186904 0.04901914913731509
2 0.5314819546095821 0.22899546020694983 0.11038185425407554 0.04657416925174429
2 0.3352960300757849 0.2669988152623781 0.05131496888111342 0.06187156930985205
2 0.3701720046620275 0.21696203988914342 0.07117135529137175 0.04188952816020086
2 0.49530543438230584 0.1936410387984932 0.062470861515149134 0.029624474941892243
2 0.53491506923662 0.20932763440237265 0.03737623444055682 0.031755239482389064
2 0.53552394086831 0.08591878802296991 0.10085395020978138 0.10030563861970412
2 0.5321514097494233 0.027871341241278585 0.0904066073659644 0.0393490362059726
2 0.455490676864811 0.065287784315211 0.0551023584032605 0.03493754672358357
2 0.7096783555477931 0.031978426339841125 0.053564091806521 0.06395685267968225
2 0.20886436125292235 0.07670524859422284 0.08283182832167013 0.09321708137850959
2 0.2911018871853278 0.11952403819282742 0.04835498962703788 0.022809069309852048
2 0.26446784024477116 0.15052811075004202 0.0737164761421869 0.04983860396477813
2 0.9256466670104968 0.014520146398395474 0.07028336151514925 0.029040292796790948
2 0.8472233625466399 0.15154755687689142 0.06963308869463236 0.07286637655104655
2 0.8838607554429023 0.06544625690594527 0.15977283662003972 0.08305511356159634
2 0.9129747266492241 0.3606551230846503 0.06847823547785281 0.03198732735562371
2 0.8878632237937567 0.47412070492355624 0.12443944917248517 0.10389767327463006
2 0.9398878957343135 0.44134114690683846 0.04533673340326061 0.03425466770069763
2 0.9107367131585677 0.5696600299526102 0.08617522095570584 0.06042368379224117
2 0.9327157123893037 0.21550928196405306 0.03918136047785303 0.029938690286966163
2 0.9338122886363815 0.12412213437778455 0.05646348755244546 0.027261622528160723
2 0.5919291514510536 0.018634151281733357 0.054925220955705845 0.037268302563466714