2 0.46638766258105324 0.3082692637837393 0.2140411910658786 0.2521461347787033
2 0.3355577610606987 0.4256139163521997 0.27285428401517464 0.1366913025450227
2 0.34040047456319733 0.5085362907042251 0.2606379011572918 0.16674516847337917
2 0.34052360886769495 0.6585484202400469 0.2753532185684686 0.14858092884097163
2 0.7624735664767814 0.7285116435549204 0.3895441511572919 0.17802300400601778
2 0.6241734974641968 0.5170477909395845 0.3149669132537023 0.24735982716805482
2 0.5857183017967277 0.4282412511186932 0.2368365281217626 0.15688215292199026
2 0.408508340568286 0.4761029946980332 0.13776757754311664 0.07624358942048581
2 0.5312609150099034 0.48007166370121623 0.11033285928423431 0.07189819627719896
2 0.422552166301725 0.609208552014237 0.1477151390608813 0.08100422090023107
2 0.556774674314401 0.6278624013897001 0.11814535928423431 0.07258170146099507
2 0.6064509871239873 0.7470645597308461 0.08476029776646965 0.0657705544298608
2 0.5123852907838691 0.7905937482323504 0.09012203990858669 0.09736230702175908
2 0.47108075035742636 0.8932421536871535 0.09652722446188067 0.10959368590960628
2 0.38773315316960255 0.9142617094129637 0.08566998035529294 0.0853018044298608
2 0.3155504187305751 0.796048065975232 0.1271886233451156 0.14145370534884227
2 0.21285620062648597 0.8648456984564818 0.09384635339082215 0.09379780961365736
2 0.06926665451490074 0.6871830378769677 0.07867619468523376 0.10219642424606468
2 0.1747407896468406 0.762281845487616 0.11278900227405697 0.12463257127719896
2 0.08344424007069334 0.7810552188972223 0.09647904776646965 0.06679581220555542
2 0.2195262122585171 0.7554220031807874 0.12909357164970447 0.09882670794074055
2 0.09417565730681367 0.6114631440857061 0.09416204973094036 0.058812435909606275
2 0.08971013492367015 0.3892708276978589 0.13077379187305752 0.09313820923668958
2 0.09685638363184854 0.26901950677418995 0.06441033343652874 0.04648366647037028
2 0.11407602072825906 0.34399524770254647 0.1623876649085868 0.10368472997187472
2 0.14878550713175723 0.4576430407633104 0.09202698821317573 0.054735309613657246
2 0.13187094085760892 0.5365856793707757 0.11374147642635146 0.10331907257314787
2 0.8121953634158089 0.8486903643960663 0.08548804383752828 0.08139555442986102