2 0.4935206091153754 0.6734725668521988 0.19638826439893553 0.1425365996716581
2 0.3814159371376699 0.45561753307245756 0.29807058030538147 0.0778538415868284
2 0.4008280159209934 0.3360591672311405 0.27264001666989945 0.09985831637205789
2 0.7101590189529863 0.39700021695339816 0.279894342807806 0.14107865925988217
2 0.7506960250169721 0.48858406899990536 0.3146521734876404 0.09039146313812596
2 0.6858240278617385 0.5872846711031983 0.22289523712312231 0.0622454517181652
2 0.44642675248243624 0.5611250049459111 0.2282763155319929 0.05669315354990179
2 0.6084366032386161 0.5326649607064912 0.08426330075860422 0.03164282564431198
2 0.49110964035931387 0.5129027285437158 0.11583216515269068 0.03718681874690688
2 0.5180950708470726 0.3908241109780475 0.0805164829556475 0.03339123275648759
2 0.8020562240590183 0.2005327008405247 0.11778529015269079 0.037289177690819186
2 0.6822582232979894 0.10285018656557378 0.12224939166989945 0.09197667769081921
2 0.926697904546777 0.08357203047046578 0.07605205909355406 0.07399742198083883
2 0.8060223820122412 0.16573470714421734 0.04615739394086349 0.041314396766068184
2 0.19274113201224125 0.13359399875578976 0.0867742772758131 0.08622796670039978
2 0.3920595674285038 0.1333436030067892 0.052773991290597344 0.07472223965389257
2 0.06060533240124176 0.3969920171867267 0.059669836743820204 0.04007778437345344
2 0.07252377557865161 0.28093046556976087 0.1059467242462448 0.10668044719560954
2 0.11266220115002946 0.3676315051162681 0.03914205492607922 0.0506705859904194
2 0.1089944547558248 0.5609438531771461 0.07820455492607922 0.0527177648686632
2 0.33842818485458304 0.17915213916137962 0.04583852954677703 0.037408146766068184
2 0.6730105111797161 0.18015631501427626 0.08984342765511522 0.10000220064431198