2 0.3671735880245547 0.5076368033277199 0.18498524988642873 0.21997357832662612
2 0.5582907204021006 0.6437106187748789 0.1465202934185652 0.3041602359312803
2 0.6823653373740568 0.639633613451949 0.16307482897944325 0.28534523963846725
2 0.6974938037078868 0.33074308602806124 0.2007983576429162 0.29857608079808395
2 0.6146008077503016 0.2802950820830238 0.16306652391377474 0.3223750308932243
2 0.49981874293223805 0.33096854429760314 0.11333377854990179 0.22874772975263546
2 0.4681565037017009 0.5671341785655704 0.10963224643772618 0.23249481226214952
2 0.5363955605485061 0.41266322500109376 0.05137879353213637 0.08784750988583179
2 0.5278374802112815 0.5294710405904162 0.06473528663473127 0.11957501235728962
2 0.6564366533795448 0.5183591384043789 0.05117407564431198 0.08394125988583179
2 0.9162050818344334 0.2650697059429819 0.06483764557864369 0.12152813735728973
2 0.9627467407277459 0.3937803198214212 0.07450651854450818 0.13467939477166346
2 0.9524402532783456 0.2655505316559866 0.051489457541717076 0.05277084363107476
2 0.8351710516996074 0.8663254587944538 0.10472732219560932 0.10171502100739249
2 0.8837336251962127 0.6725316964371642 0.08530673620519025 0.06584251730020574
2 0.5384329799841387 0.9557297930618741 0.05138709859780466 0.05081771863107476
2 0.6570106307926218 0.9401329971020518 0.1267317969808388 0.07532627595030839
2 0.581358855577851 0.9158134294212854 0.059097239653892686 0.04918292861204665
2 0.3865152758911244 0.8953719077003413 0.06885455958822417 0.08661063859301876
2 0.824513263934237 0.7189838969123183 0.047583207541717076 0.05261167614058859
2 0.9053314676606818 0.3937156471501688 0.11870627402734613 0.1081314822240933