2 0.6886190976943084 0.3575812575361992 0.19672891508343393 0.1149469288485625
2 0.7237449308865234 0.4485314535423672 0.2440133508590825 0.12603724815841455
2 0.7406314584761431 0.5718925438874412 0.2720736134664681 0.14162118442249483
2 0.4802488763577816 0.3604761186259562 0.21872508480299468 0.12621488769891132
2 0.4401793970499964 0.4566844831083452 0.2984878279055898 0.16292791988199817
2 0.38993900949939675 0.5798746262113315 0.24235899762515078 0.16873284654926035
2 0.4273845290609727 0.7008251081083452 0.1779224827564876 0.09028024660736822
2 0.5100520444665626 0.5529888146321242 0.13207937726127783 0.0695608781020931
2 0.2570311065432072 0.8509010627905388 0.09794671670039978 0.0866337636197041
2 0.15239368569300735 0.8981103550308402 0.1005223004295413 0.061516290228858406
2 0.596266204490514 0.6345286647192858 0.14995627402734613 0.11362223453871056
2 0.5260477583687578 0.6005194694886411 0.06115272359780466 0.052925399137314866
2 0.5128503052928111 0.42533227874127855 0.15140590937345344 0.06702038614786487
2 0.6543162885862253 0.26949246112774256 0.18098494600818493 0.18584679580279084
2 0.6332745696245476 0.4110734917597827 0.09004016282215588 0.04716153620597252
2 0.6548862187654649 0.5185364304957023 0.12776369148562905 0.061475226492938795
2 0.7650012974919097 0.8309480656981864 0.2715369035499018 0.24277395700876347
2 0.6657156094549831 0.9059996551224676 0.29562177747604856 0.10824041988199817
2 0.4133364385479975 0.8574848355220768 0.053033146766068184 0.04651972091900625
2 0.49423343509929507 0.8362602275344129 0.07235967887824368 0.04397922896477802
2 0.5833011879542852 0.8076533788284402 0.10205768458822417 0.0908131652288584
2 0.053746961217562034 0.8200054319260676 0.10749392243512407 0.09827038614786487
2 0.06719481004250939 0.7600664557482557 0.09291451831736569 0.06487623701054979
2 0.005166428511674114 0.7385954653450739 0.010332857023348229 0.08921531930985216
2 0.028011886590317694 0.49134082100616805 0.05602377318063539 0.0759121079876639
2 0.03573308351746386 0.3549157544832822 0.07146616703492772 0.05819740718308675
2 0.022263175599898277 0.5619264726153224 0.04452635119979655 0.07536580476935528
2 0.22576034387903626 0.7606542776752165 0.11769098965389257 0.05493297247005291
2 0.10665709167454403 0.9353629981338265 0.13948244148562913 0.062294681320401946
2 0.2788350159734464 0.8989985527333242 0.16680958135429236 0.1381523409753278