2 0.7366988524184881 0.78125 0.3176508252097814 0.09375
2 0.510128702791411 0.3818359375 0.17753040560604405 0.177734375
2 0.6520688176748701 0.48046875 0.25050458039626244 0.083984375
2 0.1833893573485478 0.6728515625 0.25645367738926456 0.13671875
2 0.298328887692365 0.6123046875 0.30847719606059654 0.1015625
2 0.40002597068186807 0.533203125 0.2345544439860041 0.10546875
2 0.700570652995387 0.5234375 0.33469753786711753 0.1640625
2 0.6034446620688261 0.658203125 0.09801283143355866 0.08203125
2 0.37983983478445227 0.748046875 0.08511008973192857 0.06640625
2 0.3979225401807148 0.6640625 0.08750721162003983 0.072265625
2 0.5749932263869972 0.5439453125 0.09762711151514925 0.025390625
2 0.546015721451132 0.8876953125 0.1311868179487079 0.107421875
2 0.7057436970746709 0.841796875 0.09295172821677955 0.041015625
2 0.7491004735315299 0.65625 0.29249792116548745 0.1484375
2 0.8784763990968179 0.869140625 0.12701601504660065 0.20703125
2 0.8981177066783691 0.5068359375 0.13213308869463236 0.068359375
2 0.8556861353671568 0.2548828125 0.23810641909089503 0.15234375