2 0.40867932042509036 0.5675772848325598 0.2697079795950319 0.2553720704015885
2 0.5703374493027068 0.7295850443939729 0.17452347867423912 0.3739104591125637
2 0.5810260984154338 0.3938463959988395 0.1903671819506556 0.32128971360105885
2 0.7621958553705552 0.29045073306281843 0.20868263430627954 0.38777550424300555
2 0.682471189560619 0.795490673543535 0.22022374476578266 0.40901865291293005
2 0.8853859984735415 0.335094866917064 0.19968201580100464 0.3428195403964569
2 0.7855842344180292 0.6947192006906946 0.13574842482567662 0.18235649077751992
2 0.9662844882464694 0.25266656480838967 0.0674310235070612 0.24458378000513137
2 0.9704156788485625 0.42448475006414205 0.059168642302874996 0.07270878000513137
2 0.9866824941355288 0.49881144807821254 0.026635011728942448 0.07260651346548563
2 0.9194960331530557 0.7530920242891879 0.04970202816020075 0.06862072282353893
2 0.9724163323965251 0.5943668547431686 0.05516733520694972 0.07467326795398099
2 0.9443551044497625 0.8635685792265326 0.1112897911004751 0.09636217603327246
2 0.9062401228924638 0.9404386244797194 0.0824954257464694 0.06295451795398099
2 0.89859142286341 0.968172442911851 0.04970202816020075 0.06365511417629799
2 0.682574758845883 0.45007860594131566 0.11240643689433427 0.21150564744247613
2 0.5242212184717552 0.5028464186868054 0.06192601764258998 0.1038337875677866
2 0.6509212687578283 0.6256041895922013 0.07678601114786465 0.1488238402608837
2 0.7201688414603122 0.4991055825461823 0.06432993379224117 0.08237213846548563