2 0.6323326647930502 0.5517578125 0.2678235974700529 0.115234375
2 0.6450079003978229 0.42578125 0.3022559047112474 0.1328125
2 0.6290280762895616 0.3369140625 0.2816320482746302 0.1171875
2 0.4410219268617077 0.5810546875 0.16553715471124741 0.1328125
2 0.22518868473762188 0.357421875 0.3746991692517443 0.107421875
2 0.27704246427901186 0.2470703125 0.2465168620105498 0.08984375
2 0.5150764219180292 0.6904296875 0.1429735578714484 0.201171875
2 0.4043838748793187 0.5458984375 0.20668935551582468 0.134765625
2 0.542475530196232 0.4677734375 0.1206018951144292 0.048828125
2 0.4155840008001114 0.4267578125 0.1222818685052749 0.044921875
2 0.4890859553124475 0.3466796875 0.1010706451144292 0.048828125
2 0.38735965534150135 0.31640625 0.11265281930985205 0.046875
2 0.473338219077421 0.2890625 0.05741901609154332 0.0390625
2 0.5430231983327378 0.056640625 0.20200471442428114 0.095703125
2 0.7043742591364219 0.1435546875 0.12579177568836153 0.123046875
2 0.5210603530439855 0.189453125 0.08454406281512705 0.091796875
2 0.5823378631012 0.2138671875 0.12139367080279095 0.171875
2 0.2577232252570192 0.15234375 0.10770841120597252 0.087890625
2 0.21564267295950318 0.025390625 0.06019159591900636 0.05078125
2 0.11784984715492602 0.0234375 0.06773094430985205 0.046875
2 0.2507167954876639 0.080078125 0.11024890316020097 0.068359375
2 0.8574964002279652 0.1826171875 0.16858288614786487 0.1484375
2 0.6715670219806027 0.205078125 0.12124371040139548 0.0859375
2 0.9722938236478649 0.3232421875 0.05541235270427025 0.052734375
2 0.9729561708027908 0.3740234375 0.054087658394418314 0.060546875
2 0.9701492195378174 0.5048828125 0.05970156092436518 0.091796875
2 0.975595293488515 0.568359375 0.04880941302296993 0.046875
2 0.995649651148758 0.17578125 0.00870069770248394 0.09765625
2 0.9598993418961206 0.1279296875 0.08020131620775883 0.091796875
2 0.9019063434471671 0.10546875 0.11933164913731509 0.05859375
2 0.4793685413195087 0.2216796875 0.0883548007464694 0.0625