2 0.29377007325153787 0.5955383011977429 0.19628974667806764 0.08853032389756965
2 0.474808441577845 0.6430683812230031 0.20789486334340868 0.07903745583142374
2 0.5511855407582988 0.5397556908974388 0.21788775501272672 0.09879600327630222
2 0.37005626576426454 0.5000381108721785 0.14360082501193128 0.0912091676952258
2 0.5538204657662531 0.4811164814084631 0.18627412834181767 0.06681865145269117
2 0.3465626332750027 0.4215047919843747 0.26869173167965843 0.10193107498967036
2 0.107069611662557 0.02993249133268228 0.156954526674886 0.05986498266536456
2 0.20960867416255702 0.028591436407899243 0.13156390167488596 0.05718287281579849
2 0.395004404937162 0.4535714297599823 0.14537213667647686 0.07562962718420152
2 0.4802032882618783 0.5150477747450517 0.0491462983370452 0.028480237224392413
2 0.30142280240494757 0.6929899834973521 0.1314729950071587 0.05578016076137171
2 0.379025089065516 0.7360934789383242 0.09640765167488596 0.062774389959809
2 0.6065293773870506 0.8176887812281679 0.14414626501829453 0.1380841676952258
2 0.42194770155358474 0.8229612654363712 0.1630184416772722 0.08189813758498277
2 0.7463596282225051 0.7988134277664056 0.10662781001352206 0.1020641874046877
2 0.4613049640456306 0.8806230959123694 0.13333521333943144 0.04801312025034732
2 0.3645116432109715 0.8926389656166663 0.08087355834261323 0.07022321404800347
2 0.6031671990372787 0.9388279907171435 0.17491900501272672 0.09779589451883686
2 0.8568582298794942 0.8675112993947909 0.12170737000715892 0.055552863316493006
2 0.8664072673655743 0.9698003347054246 0.06077414166931794 0.020940494158246503
2 0.7482666157105737 0.8866358635329421 0.06917753500954493 0.07190358211414938
2 0.7046053865472215 0.8632446395348952 0.05164486334340879 0.07540069671336802
2 0.6485436073759148 0.8987199224707025 0.08437072833784054 0.035157883025954906
2 0.47152443820619905 0.9252949437230031 0.14160224667806753 0.08725745820624997
2 0.3087680373767102 0.9007704985524737 0.059230096674090627 0.056051284669270895
2 0.5007999548954025 0.7586428858773433 0.09606675167090883 0.033477514959808996
2 0.20062027739102772 0.7978474799351127 0.12157101000556791 0.043834113316493006
2 0.08016218988705065 0.829940113507118 0.12593179334420407 0.08298753229444467
2 0.10609825489341398 0.7824741401504339 0.0356107833386361 0.03988077080156249
2 0.19613518156233437 0.7637814411575519 0.1256590733410224 0.059550032294444666
2 0.06998590828395114 0.7716191204409721 0.13997181656790228 0.0950699582062502
2 0.10431900078574083 0.7474769983618489 0.20863800157148166 0.10270225327630222