2 0.3628645490638157 0.5986631756990596 0.17920019540158838 0.2633428612726103
2 0.439741577993545 0.31441941027593323 0.1250013022021178 0.3438227020348841
2 0.49638090079142716 0.6541117683877827 0.09138911104353498 0.271382449104836
2 0.5134439649219507 0.24001142041574514 0.1367086892532683 0.342620548657254
2 0.6498887019474443 0.6317104179471225 0.08529111411769508 0.22999133829365093
2 0.6407714161329259 0.3517251522932833 0.08261076039132575 0.10486617635658935
2 0.6752729943719606 0.8023454165974546 0.1361746306573408 0.250823673657254
2 0.5360165786072691 0.7260135255975466 0.1776674995090206 0.3354833243355486
2 0.7699446954308897 0.3140874026393523 0.07540049668035032 0.2078811536083427
2 0.5213296729884136 0.3958480866325226 0.05368886270336004 0.16744187230066454
2 0.5318950836801871 0.5948412457548925 0.05555108411256371 0.15194203423772623
2 0.7138999741444307 0.37594997493309523 0.06495309474937905 0.09006784392303446
2 0.8714326851623089 0.5013224668350891 0.06286361436318488 0.06650518198597277
2 0.8437379859500915 0.2240544127791642 0.10699138514583595 0.2684774946013292
2 0.8648934865345144 0.11404048811831156 0.07099427693097127 0.12169332973421945
2 0.8831223766891263 0.6749875819259897 0.058946001414335036 0.06430173311184961
2 0.870721198657096 0.9511199847672123 0.10999996218672381 0.09776003046557546
2 0.9681678852044387 0.8338150196567023 0.05541472872636932 0.12850453423772623
2 0.9028347827696597 0.813020532265137 0.12044736411769508 0.2322442531607607
2 0.7803503737377111 0.7084556427302531 0.06302269564707785 0.09384893198597277
2 0.9420557129524941 0.9526590275066918 0.06502127244247613 0.0946819449866163
2 0.5367343976879657 0.09887265769195414 0.06715620462406857 0.13316175586009615