2 0.7057291030883742 0.6072924426315556 0.19728983157389957 0.12123962452429904
2 0.7415963408109265 0.5120054706733079 0.24436938311602718 0.1348683844101306
2 0.7574671448887976 0.38658599439000885 0.27390490158184266 0.14973401558877553
2 0.4982376121185872 0.6252237531357987 0.21897875811602718 0.13383379572197196
2 0.4578477450319197 0.5317158276130745 0.2996705377424098 0.1722529792769345
2 0.4071418394913512 0.41335612899151375 0.24508531351347362 0.1758840094101306
2 0.44451406453106634 0.2878355114058876 0.1773153865659567 0.09505316207186909
2 0.5270885673729115 0.42801615432395756 0.1320525923290774 0.07369148593128028
2 0.27485503957078145 0.1538790168245045 0.09915629464226872 0.08991668726214946
2 0.16996585227347621 0.11637836958138306 0.10066622463432567 0.06460564600739244
2 0.613685917209932 0.33772804724202765 0.1523338646502117 0.11745607338371022
2 0.5435829114269537 0.3788481367859015 0.06146735693957406 0.055201471102532707
2 0.5307149213713525 0.5561845930596866 0.15154975040538954 0.07253419838371022
2 0.6709066117131979 0.6987129564624248 0.18484526582666483 0.190995038307598
2 0.6498896382950405 0.5590860765195089 0.09062786424482239 0.04858272728117763
2 0.6723406904452522 0.4485935808445603 0.12800997463432573 0.06571981844079433
2 0.7813621611208521 0.13738183184243874 0.2771194277582958 0.2220792243340185
2 0.6819012571025536 0.06883014396242478 0.2963537357948929 0.09404839553169139
2 0.4306228099642564 0.13188561207132216 0.05550570616851025 0.04910334486680368
2 0.5115070378458167 0.1449539624989062 0.0730156473211343 0.0459133485739906
2 0.6010610064944695 0.1652163772800837 0.10309663656595669 0.09202897975263546
2 0.063089448052483 0.20868095109301865 0.126178896104966 0.1048619021860373
2 0.08530952414950599 0.2634264772811775 0.09682815848170151 0.06835272851690644
2 0.014419679383972803 0.2955983368345654 0.028839358767945605 0.09119667366913076
2 0.037628421267945605 0.5397969880227242 0.07525684253589121 0.07959397604544849
2 0.04880220728950985 0.6753186586025327 0.08106679078694984 0.059903558554962544
2 0.03238270089432825 0.4692457367869953 0.0647654017886565 0.07911647357399065
2 0.24388766031007314 0.24838838564585963 0.11420173193957395 0.05735023222409341
2 0.12459583959063905 0.08423471406817282 0.1378096915580136 0.06807086216700925
2 0.29624924208666753 0.10393339614955588 0.16836796773446683 0.14153024334565412