2 0.3458635141045939 0.4542439206575214 0.23124609622295555 0.21660494091722016
2 0.5615178305902231 0.5218650583564328 0.21317278663473127 0.13166453528517996
2 0.31000871070649116 0.5869814404568237 0.2440133508590826 0.12603724815841444
2 0.6562360880245547 0.5654617840738483 0.27853883706427274 0.19072246103164936
2 0.2803839962105836 0.6715054263767233 0.3509068210081848 0.19772889080100464
2 0.783735577084735 0.65902699726221 0.2869571856620774 0.2399603134453807
2 0.27835477654162233 0.7813106856584147 0.38790553199860434 0.23534350528339365
2 0.707325763934237 0.7976854876653917 0.18295468113952174 0.11203777321652231
2 0.44799583898483664 0.8992283657428968 0.2112196616347315 0.1315279594806027
2 0.6078865374814421 0.7197042107411105 0.11562720064431198 0.0898160708608986
2 0.4916202679766518 0.7290877874664803 0.07965207909301442 0.07173270637850959
2 0.4040104555334374 0.6169062911742393 0.11275284514910222 0.07210137005632156
2 0.5119565828515009 0.5787243866328493 0.08644098965389269 0.05274775959681843
2 0.64572488268733 0.6805118272349424 0.16445532564431198 0.0932304659753278
2 0.42114312104022666 0.985310043791348 0.07502931648562905 0.029379912417303977
2 0.9736991477263501 0.9191880551336583 0.05260170454729973 0.1413212636197041