2 0.6554379791374282 0.4167732144016699 0.21172315128862396 0.16524424668035032
2 0.514219588138126 0.31149130195662816 0.06850595742814569 0.2639900375677866
2 0.43434202849311615 0.333480677079373 0.10634015010119935 0.2407797965447771
2 0.2905231385676673 0.3648606998900836 0.08217783242814558 0.2640695782097333
2 0.31792491872834905 0.7945766072622074 0.08050686906287696 0.38121162641433504
2 0.4900973414164715 0.6149692990052129 0.17849511109161875 0.27634511270336004
2 0.567207057043018 0.5587945549080433 0.103158717774253 0.2173309335959277
2 0.4814604682543941 0.39428321842848724 0.04201429924211675 0.13106390807929147
2 0.5044082852769498 0.5154735534937082 0.04633829008343393 0.1018011219258399
2 0.3567080605485061 0.4355368142532683 0.04447921896167761 0.14084089602814087
2 0.36870481965040336 0.571307409125392 0.04479460085908271 0.10960225897699027
2 0.26522376399102265 0.6458777594386684 0.0468583898686632 0.07446873487468952
2 0.20222857940279848 0.5615524959731827 0.079959155924751 0.07270878000513137
2 0.09383429443563268 0.542372846286459 0.0917802648686632 0.07473008269822845
2 0.055509069707188996 0.46307243218159233 0.06618492198083883 0.07067611436318466
2 0.15308372342744778 0.3689424244961923 0.11850155613952168 0.10026842603327224
2 0.06259125042335534 0.2815283922468133 0.07625762381257539 0.07659230410743234
2 0.19025953895279493 0.07237422411512937 0.07531978318602889 0.13321020320973326
2 0.15321930263403355 0.22250350129159036 0.10421552747604856 0.08847013539132564
2 0.1125826966018972 0.13635578673787419 0.04377101141996073 0.09007100897699044
2 0.17011963690010173 0.26555747340796176 0.07049230269081919 0.11560935231203429
2 0.2801973428310387 0.11194805681335786 0.03770691853213637 0.08613067013044187
2 0.4933051433173657 0.06144585016123006 0.06278216163473138 0.11751702551663613
2 0.6104967958501999 0.043578621066626154 0.032367643317365635 0.05876419423274283
2 0.5419243978967071 0.07637267990804335 0.0643175457934142 0.14681390051663615
2 0.44050297871407285 0.13435851214459393 0.03380066853213637 0.08610794423274282
2 0.36042485371407285 0.1338926312417635 0.08118746325169734 0.09614628000513137
2 0.2134673005689684 0.8691412761010588 0.064334155924751 0.07261787641433504