2 0.21251929220615912 0.392578125 0.21870023840273822 0.142578125
2 0.5201961240021216 0.103515625 0.11678293479069146 0.0859375
2 0.48444964239589267 0.2138671875 0.10131710228117752 0.08984375
2 0.7204925778044486 0.125 0.4222960943911027 0.25
2 0.8486974851712523 0.0703125 0.13838336216700942 0.13671875
2 0.1533302822246403 0.1435546875 0.16493127471457936 0.1171875
2 0.14129652048521507 0.19921875 0.12351773098836438 0.107421875
2 0.4297488494297056 0.0224609375 0.052611676140588814 0.044921875
2 0.38231514510520115 0.2998046875 0.07385729990485979 0.0390625
2 0.5444858695349067 0.322265625 0.12240355855496254 0.080078125
2 0.45460565090383204 0.37109375 0.09239042984777568 0.0625
2 0.38622804158829466 0.3955078125 0.10183771986680368 0.0546875
2 0.48803261606557036 0.4375 0.1258323060835047 0.068359375
2 0.3312686449630377 0.498046875 0.0770041810835046 0.068359375
2 0.29875195152224343 0.625 0.052611676140588814 0.044921875