2 0.26164129071097386 0.2023774013588867 0.41308939730767413 0.2049527221887837
2 0.4474527186130811 0.30761295955344353 0.29486590456874784 0.1878710391920826
2 0.5103058402389656 0.4210153844181034 0.20960781587411548 0.11718162872767013
2 0.6995223975524845 0.41673386727946427 0.16876932832167002 0.0926075260621031
2 0.8262849691317292 0.31961456790944365 0.1929176846503382 0.128388907528165
2 0.7621535207343134 0.533065979644124 0.304393808613042 0.13358135012503114
2 0.4825157868124048 0.5552695382185981 0.30111099948715747 0.24456849432536099
2 0.7091365637821065 0.6127567439454435 0.2659524429487079 0.1149234525927425
2 0.6015801057926035 0.6889031395149694 0.22079515353145163 0.1876646191275051
2 0.45449954512238555 0.09837284895369092 0.14710781587411548 0.11536306446276295
2 0.21892713744755465 0.029859305060453707 0.09339572510489069 0.049489186130804164
2 0.9479293137937175 0.14796395280639218 0.05687834595570562 0.05622191359851547
2 0.6933401926806756 0.2658317710799591 0.06303371888111342 0.06029865399835055
2 0.8124133145571759 0.7351651016089489 0.09457971680652077 0.065114186130804
2 0.6979112847436179 0.32175156917971165 0.04652072510489069 0.048125262932123714
2 0.5734484634324055 0.06562142938375284 0.14216557313518896 0.10157752919620625
2 0.28660594787296223 0.027913694658556833 0.07913185425407554 0.041278875197855704