2 0.3521489570087635 0.2850734476223464 0.11535665626229408 0.20496157106059654
2 0.1619571397349424 0.6213326242249306 0.07169164264258993 0.10839959076922456
2 0.2587189547067817 0.5742670708041753 0.08009150959681821 0.0896083355827435
2 0.19478399881325653 0.818359375 0.30052057304219904 0.36328125
2 0.22584921200161817 0.9457795040209742 0.1230191958608986 0.10844099195805157
2 0.09254043968130043 0.2537448350640955 0.09618068534328766 0.15299632935896634
2 0.143704192928663 0.23527986955709757 0.09512914264258998 0.11017557832167013
2 0.05624960956329858 0.540468490145686 0.03816091770069771 0.045632731328668186
2 0.3121844197367287 0.4636946631293443 0.030170778160200862 0.07028336151514913
2 0.3814993703960365 0.6214549445104577 0.06428887005632145 0.11366696991840963
2 0.4021509059717552 0.5278238049883106 0.05065805879224117 0.0854352261421869
2 0.40595495160468853 0.45720073782047765 0.041711888619704096 0.09641398132866796
2 0.47675885151752684 0.5529050160897024 0.051163298274630176 0.12044347717948312
2 0.4897005464330447 0.3906925031234996 0.0610110507464694 0.06679196991840963
2 0.6039721985025954 0.3439823778670783 0.03816091770069763 0.045632731328667964