5 0.6942899086163714 0.6301148302266959 0.2053564043940619 0.21905504201478498
2 0.5742086507811137 0.693500221149009 0.10705412245946411 0.2599181460073925
2 0.5174155002136498 0.7194728131643408 0.16420621865896923 0.27980419961943914
2 0.3878632182790519 0.7590625772330605 0.16018630839241244 0.2757387821289532
2 0.26520663961389723 0.7004174475279952 0.13267206799257747 0.26876523469555136
2 0.3985064236933197 0.25326122842121934 0.16300691458779393 0.4397216983837102
2 0.4890964800240414 0.3496159344571539 0.14057732779059817 0.3393164859312803
2 0.6004605346887837 0.4224319991907613 0.11928434365896923 0.27797377347885044
2 0.5359012640203301 0.4832027143524997 0.06234453879637125 0.13129376235728973
2 0.2370296947574847 0.33544338132080825 0.07007930819455677 0.19598563859301865
2 0.15498047992511355 0.2979609683932242 0.0881120742607836 0.21232689230020552
2 0.13865848912956708 0.13928034092176628 0.08737328252816501 0.18693626730020552
2 0.06883362422437128 0.32078667922991116 0.09846690106210315 0.16592939477166346
2 0.25148509806334024 0.12827119814585963 0.050987670064577384 0.07620834363107476
2 0.12422269398185597 0.6488287722431214 0.12243677273014439 0.11813585845982244
2 0.082540136578722 0.7583264711025327 0.08441811559769075 0.08537376730020552
2 0.07175450481587657 0.6223057404941822 0.03139958993129899 0.07345938117864481
2 0.11861153998350542 0.5900758547526355 0.08100243632865986 0.1691193910644766
2 0.034474639416041515 0.6149342743345654 0.029162314264907244 0.06361417243340184
2 0.14341460650795917 0.9061422122145794 0.04852307386507221 0.05855063488583179
2 0.11603492684321688 0.8367482485264206 0.06522784639736087 0.09629667984777557
2 0.4136846482405777 0.9383745686308013 0.06820391379637125 0.12325086273839747
2 0.468591954175588 0.8852530101701586 0.09970213479802059 0.07429168726214952
2 0.3341568597409901 0.9246438148757709 0.029219144398185515 0.06556729743340184
2 0.2981481577418148 0.893914432461397 0.0541910579967011 0.11925667737631773
2 0.09613686559769076 0.08585126977166349 0.09503619259686605 0.11506856102642049
2 0.18361922943047426 0.10892399643497652 0.04110838479802065 0.07190417490485979
2 0.20653774363286598 0.024997647623135378 0.049794237265731955 0.03519271863107474
2 0.2117945309611135 0.2056617101231354 0.040426423198680395 0.048466674904859786
2 0.2001117106258558 0.27346399890643447 0.06534150666391758 0.10020292984777568
2 0.1882763647231342 0.36954680831711206 0.04603757719703094 0.10721959239534584
2 0.1071184671908455 0.32917449976214946 0.0651710162640825 0.09434355484777568
2 0.1160629908944743 0.2007855441062289 0.07148503233030934 0.1102073060835046
2 0.22962381259892783 0.047397235693429754 0.04478731426490723 0.06425084239534576
2 0.21835970366515467 0.06254473322197182 0.035078519398185626 0.06580604866913081
2 0.1822602362091138 0.8667580539920606 0.04931869573096914 0.08589438488583179
2 0.3495186095431344 0.8491881935829577 0.07804726939818563 0.0675568910644766
2 0.5349965608498147 0.6197225049893922 0.05441837852981446 0.12706917737631773
2 0.1187448084082066 0.896358352899042 0.09033432073096911 0.08756564353593443