2 0.5306627698846785 0.2859794704486687 0.16389647625588344 0.33815979097900617
2 0.6261514579927627 0.39269279565845017 0.07122309658978576 0.16924246369463236
2 0.5505102257470871 0.5849410251689471 0.06828130580283576 0.11245383973192835
2 0.41650723315574234 0.28318090613049757 0.15924020393474914 0.2948950430535986
2 0.3026898909259528 0.5232504063869189 0.15722878043716149 0.1796606680535986
2 0.25505054738070704 0.2524163042074357 0.145159225850494 0.2704215503146722
2 0.3259596560452457 0.2919239543647718 0.10760665584255102 0.24221894502330032
2 0.3984733030602784 0.5909752310780523 0.13513075081077885 0.14287642946385715
2 0.7897047970746054 0.5435745850815119 0.13101994926865146 0.13086168153844957
2 0.8892338849402797 0.49064965666075666 0.12076715198723198 0.21395806276222684
2 0.9226151369713461 0.22400438643348036 0.14218334313985626 0.2116798013519684
2 0.8278544825476581 0.21487331174234703 0.11908676237673554 0.22943506379952305
2 0.9405121925714872 0.2994811276164625 0.06084381696340313 0.13334621888111342
2 0.9569652840897858 0.5097974932807965 0.08606943182042848 0.2257059512470776
2 0.8779457198607019 0.8496692284964227 0.04254976156595669 0.09099860321677955
2 0.6118725821778648 0.8597408075873567 0.16237222503971527 0.13908903994170996
2 0.47275801897049274 0.4327586901048515 0.05673301542127551 0.12133147095570584
2 0.49581556513503144 0.468640365675945 0.04591054078694978 0.060044601142186904
2 0.35076083299276273 0.37182494191721716 0.058958875810778855 0.13710446991840963
2 0.252395813207372 0.4355660573193244 0.12139069196340302 0.13793418672493063
2 0.30828147321134347 0.45247934025638215 0.05029407771858074 0.08768434906759448
2 0.39998817572722956 0.510142542022108 0.040562544642268716 0.08889747925407576
2 0.42817212053247783 0.5044760269813127 0.03806394886326192 0.057499480291371974
2 0.5227793612995701 0.504818039172446 0.03402133116851003 0.049390982365964176
2 0.5165400324641087 0.5384797303029827 0.026481566558013814 0.06442398651514925