2 0.6466682408696574 0.21504521607427574 0.16542746837204358 0.29838912235458304
2 0.5225538967019302 0.21735666058651698 0.13415474170511188 0.29388508220189236
2 0.44560999920431643 0.2412323573697222 0.1693564450389755 0.3006611117486694
2 0.2980581550365892 0.24545698824648146 0.19304393837522538 0.3240586731131874
2 0.3991361367659613 0.6995588730913662 0.15977263337442993 0.3154889507634535
2 0.47796497926277964 0.6696643691111178 0.13619877337283903 0.3018570143989354
2 0.5679891742420988 0.5098273058500888 0.12032378003658928 0.27909718182259025
2 0.24803099011374477 0.8184398969607334 0.14500987836170326 0.2206229253841514
2 0.16517021677073385 0.7538469867365465 0.08730110001590835 0.12420251666989945
2 0.2374919742599957 0.6687667168474276 0.08886787167806764 0.09115882386694274
2 0.08948559675363235 0.6339288477241869 0.08771018002068087 0.15935876666989945
2 0.04318875840425811 0.5194317257561798 0.06374996668124933 0.11252370530538136
2 0.22830451091062146 0.5512403831356003 0.0480113333465903 0.10148262272903619
2 0.20780806174408734 0.5538909837045536 0.04151561167249973 0.04631682613790655
2 0.3609011075747693 0.5218443062366648 0.05530112000715881 0.05719847651720866
2 0.32329243008033726 0.5659688590790066 0.03749572833784076 0.036232336743820204
2 0.4789742634070421 0.5043861583155531 0.05938918334261323 0.07314234091129501
2 0.41830239173891715 0.4985863689238913 0.09738489835295372 0.15234342765511522
2 0.42871435839033833 0.38532508824163225 0.09095735667965843 0.1030370060639858
2 0.4733414708982925 0.440331613808161 0.03988066000954493 0.07350114394086338
2 0.5197285317373264 0.4785771446776465 0.08185080502068098 0.15888047007876993
2 0.5849643583903383 0.37257051247817874 0.03554260333784054 0.03607290454677703
2 0.5920609683819864 0.3104093461900061 0.03588350334181767 0.06536977954677703
2 0.15070948251511293 0.09913156192619756 0.15375280334977198 0.1335294613693672
2 0.0776604716840333 0.1217118318153164 0.15377553001670377 0.1354825863693672
2 0.18969380753698695 0.25723516268237734 0.07201700001988542 0.15222393409355406
2 0.12841105257397387 0.5349573626848019 0.07381103835136282 0.13871149129059734
2 0.03461286252783963 0.2024474937487877 0.06581672501590835 0.12244876250242459
2 0.026641960037384643 0.27347743863548196 0.0480113333465903 0.10148262272903608
2 0.3869649059615282 0.9136452395691899 0.08137354501511296 0.11786484507877004
2 0.3455742909571534 0.8847667532070964 0.09384227502386255 0.18327456326102887
2 0.5373328042945964 0.899415835396866 0.09306956834818103 0.11686831326102887
2 0.5899194559595397 0.8824158535767004 0.0553011200071587 0.057198476517208885
2 0.7139769834599374 0.8752215965644591 0.04144743167170439 0.04045745113790655
2 0.2690394734643121 0.9437986999903016 0.15706816000954493 0.08306707576345351