2 0.32520447042387646 0.35430918720000454 0.19710429252404138 0.34099875640062194
2 0.4131264461266805 0.2599894930346808 0.16928500098927857 0.3900736577442747
2 0.512017929862598 0.17410796004335097 0.15294210972519595 0.29748048670464605
2 0.6796519213506393 0.6079562954219909 0.1642839492607835 0.21819865774427472
2 0.5095206906498972 0.6243697824266324 0.13363818025830954 0.30415542093374803
2 0.59868999364866 0.673434140895674 0.18750915792387657 0.3462893485151728
2 0.5739153421908455 0.3580709632789555 0.2346532793940619 0.22424701951950787
2 0.5569205477198352 0.5111165159309675 0.06562565733030934 0.11106208546687402
2 0.7932829590588042 0.32502701899010417 0.10229542046028861 0.2321365722774007
2 0.9359554871825981 0.6716296537322113 0.1141278307268454 0.23672536173993963
2 0.9703353724594641 0.6029569925052769 0.059329255081071786 0.07463524992941295
2 0.8343286424512167 0.596492130800631 0.062060388129979493 0.12255332231269422
2 0.9226154350583919 0.3471833905780317 0.11712479859439195 0.2057028748941192
2 0.846012755096866 0.16041408801425358 0.15023516379637125 0.13743799328173584
2 0.7441301747657321 0.0764875025826732 0.07609414439818574 0.06877587492941284
2 0.7342195387963713 0.17145120983158946 0.0686017247293198 0.1463320920439638
2 0.9412779115526188 0.5530009333291155 0.054098298198680395 0.04994642758142498
2 0.9884997636246187 0.6956639201219954 0.02300047275076267 0.04133763154179615
2 0.8797126731155467 0.6820025879966067 0.06041231426490734 0.06591269731269422
2 0.7988506687943093 0.24833360779846342 0.12186847139736079 0.10068915120247846