2 0.6993364902541261 0.49582979777222536 0.21412453130301135 0.20432947257804934
2 0.5933624285453414 0.34315717335664814 0.11367811455912191 0.29161786128902467
2 0.5533109200442073 0.6792594361149662 0.0888765220008505 0.2524190059028304
2 0.21455230388303198 0.20281186780557922 0.07952012476833192 0.26408094115858277
2 0.3589595492319516 0.17756262856513938 0.11181178039596196 0.18225422423787419
2 0.4474392066736802 0.21751712004982685 0.0777778366526396 0.4350342400996537
2 0.3880207367417631 0.715370173818326 0.16486859232660334 0.30363204795911214
2 0.26796864236939316 0.7980832007492974 0.14463670983854116 0.395292567572918
2 0.17828611083471385 0.738070384345225 0.1289372822100605 0.22531387782867052
2 0.4889012318590147 0.42675585919682324 0.04140626655855484 0.12326277102814087
2 0.4807755880328366 0.6035250346456729 0.053875267465604226 0.14481532372123818
2 0.45824026430074327 0.4659888034295661 0.0355220823490614 0.06659942013044184
2 0.35988338181268104 0.37478280176974127 0.05280880262848053 0.17019458577238855
2 0.316623185695713 0.5790945788234574 0.07765379060517197 0.15471730410743234
2 0.326872466091675 0.39743122792575836 0.05028523139567853 0.09792896077238855
2 0.26951880399886596 0.3343012353656688 0.066976696232802 0.07264060231203429
2 0.23378281466160067 0.35110733094496016 0.036793161069925695 0.04707953307929147
2 0.20045875511441652 0.5504794807544288 0.0531002073490614 0.06670168667008758
2 0.15803564213772509 0.5351044656291182 0.04117684346532069 0.060774133976990274
2 0.07477048583471384 0.7386726206342495 0.1286396544889127 0.16087211577751992
2 0.058872708719446804 0.43902133294371815 0.08049357576804841 0.18011929205628197
2 0.07105808365662401 0.26811153249486863 0.14211616731324803 0.1199928461637142
2 0.009748532446634366 0.6570731626905315 0.01949706489326873 0.08220169423274282
2 0.3699776667438893 0.08572030176974127 0.10172371846532058 0.061126385391325616
2 0.6024677463718029 0.08384136148779261 0.11140255262848076 0.16768272297558523