2 0.6712670124896704 0.24822746461872136 0.16838115145269117 0.1903206061953815
2 0.5575766270888891 0.23394548734886572 0.09357306112196206 0.24669798099752582
2 0.4728202572892798 0.245206660646474 0.10143102061093767 0.24887842653063919
2 0.3525675078353301 0.2848629414097318 0.10937989907786472 0.25496512206375266
2 0.5973924747088979 0.4331178574498554 0.12250462718420163 0.1479978881299795
2 0.467943160380122 0.5394929539461442 0.1039751189676218 0.2743258816639176
2 0.30849153245924527 0.574426462374969 0.07903582280546884 0.12526325019785567
2 0.2708796535415802 0.4279600522073401 0.0792176607613716 0.13307575019785567
2 0.4289707628450959 0.502515204045072 0.16411122554088553 0.1745819459288247
2 0.14551352809084228 0.28991037303723705 0.0786283204306425 0.19161267006457738
2 0.39233544642743085 0.35602037881080395 0.05518918740468759 0.10700316359851547
2 0.1091745148644967 0.1981314628696082 0.10769789798576401 0.18269949706375266
2 0.097914442319141 0.4281067065024742 0.07154153922829873 0.1387078046647423
2 0.21364315610703138 0.15209388567257723 0.041199095981857725 0.09293347766556703
2 0.15684423940859393 0.1889266246042886 0.049147974448784826 0.0990201731986804
2 0.25951641432361117 0.027783361870020565 0.04247032864722233 0.05556672374004113
2 0.2947408535570747 0.030229993237154577 0.04651295711414938 0.060459986474309155
2 0.1957898246342448 0.01846192770197935 0.1103296492684896 0.0369238554039587
2 0.12740853640273442 0.057857893903546335 0.04792056824644103 0.046285798198680436
2 0.20171820538068583 0.05960459883896898 0.07394762609210076 0.074368339931299
2 0.15076736511944502 0.6835787208037938 0.07553870820625014 0.14272771493129888
2 0.17915096777504377 0.43356075597142263 0.07853740145269111 0.18770642006457727
2 0.15830465864665844 0.5455708425707628 0.042379409669270895 0.05978718279884543
2 0.16441324432304733 0.5141219371042887 0.04378702080156249 0.036406512932123825
2 0.5568914687023439 0.03656620208230903 0.033975936312586885 0.03416923726573197
2 0.45530623895785594 0.0385448065127833 0.05001007171336813 0.05220200333195879
2 0.19588564269006098 0.2708546645719999 0.04710393047083339 0.09505709306540211