2 0.6303670484804911 0.7012966793212457 0.2878488043720746 0.27558549506275454
2 0.5373962697251872 0.4358740341569782 0.18596132290800904 0.35671737546142535
2 0.45122001848945825 0.4362262839262655 0.09835921074099985 0.214741824104836
2 0.3305258923494164 0.7310376089193438 0.2110700815581119 0.3992349437061651
2 0.23099610109465935 0.7227012251291997 0.2666031806078035 0.2800680887550764
2 0.38735380185414037 0.273517329192046 0.22529239629171927 0.5092357533914734
2 0.28010600541861697 0.19027380474806274 0.17025673916276607 0.3537629549649321
2 0.1963056787077338 0.2524623968600042 0.13052110056974753 0.2869317531607608
2 0.28902773650266844 0.3798142437130868 0.09014879201478498 0.20447555135658935
2 0.457712827235795 0.9324249537306207 0.09457565960041103 0.13515009253875854
2 0.4258493329387388 0.722459525366834 0.14347672186256055 0.2702297617201923
2 0.39473361963059383 0.6450738789682551 0.10944129077905584 0.19986779572720592
2 0.2507992477199163 0.6211634581256928 0.09867754572197185 0.222554324104836
2 0.07964544277645351 0.8498203539474901 0.15929088555290702 0.21917195789498023
2 0.050904035885350876 0.6249985030454044 0.06974876730020554 0.08628675586009615
2 0.07722478502963587 0.5317113028216134 0.05631564353593452 0.09126999730066454
2 0.12314805981529693 0.7242308952796239 0.24629611963059386 0.20938010294389153
2 0.14488443550424313 0.21685646205933964 0.07723628583614006 0.17442770473421948
2 0.09391913721512626 0.14603169629014423 0.10350897851690649 0.10208638379014423
2 0.1721751006654346 0.02767839392995615 0.04236854866913081 0.03583152567829467
2 0.1534861264735795 0.10187241093346293 0.09736773716700925 0.1426013610418976
2 0.028431423526967398 0.3649330881782947 0.056862847053934795 0.0682079831118495
2 0.0006019064646123775 0.7392199645279625 0.001203812929224755 0.09953367905592492