5 0.32670201095375334 0.5695675161960124 0.1909773762161684 0.21123429595791854
2 0.4452190959775824 0.6382296749723133 0.0884163250794302 0.2592882132936509
2 0.5014456752184332 0.6668891222660562 0.1433424685452458 0.2764646225313774
2 0.6293533740816951 0.713441096357049 0.13936803469786985 0.272308048657254
2 0.7525756513750288 0.6595948758536341 0.1119561008504939 0.26664953153839077
2 0.6302550989228346 0.21235155961032595 0.12862806513503156 0.4247031192206519
2 0.5380221895269472 0.2979246221507 0.11517062702694725 0.33904031847545246
2 0.4248212266612729 0.3657934704688066 0.09650156046893366 0.2754138610418977
2 0.48849739802850634 0.42917110098283373 0.051044100039715046 0.13008217342654138
2 0.7902139579927627 0.2954506072697469 0.05607538352141672 0.19478562230066454
2 0.8727103916374439 0.26083434994462673 0.07197311891092006 0.21141191779715784
2 0.8934205377424098 0.10308240669988696 0.07348304890297719 0.18614645473421945
2 0.9572743293401386 0.28865551165097575 0.08479269581872195 0.16345992635658935
2 0.7807067471581548 0.08684171808093191 0.04423015117645335 0.07501918761535634
2 0.8945401217486462 0.6153018044481335 0.11320318080283576 0.11455610541251415
2 0.9336438742843898 0.7271815401439622 0.07750146002382907 0.08105319054540439
2 0.947876048088079 0.5903754761789382 0.024698901176453125 0.07376756824473985
2 0.9023064265380085 0.5561448257313562 0.06926997158978576 0.16831800586009615
2 0.9859108477025471 0.585005130906236 0.02452844155801359 0.06400194324473985
2 0.8697092887517643 0.8730386085040583 0.045842356939573836 0.055613099552418
2 0.8988236008463749 0.8046923484796027 0.05820885348964455 0.0934734461747877
2 0.5993037520228282 0.8962329117870971 0.056903475039715046 0.13045765923772623
2 0.5454613895029705 0.8361357215877616 0.09487503348170145 0.07046089797895938
2 0.6792114174043885 0.8813356473675693 0.024562533481701454 0.06595506824473985
2 0.7158775973964455 0.853566945563398 0.04498017349758765 0.11798793761535631
2 0.9365135521502117 0.05395131911567806 0.08781255580283576 0.10790263823135612
2 0.8488615706160272 0.07074230028377412 0.0343963423290774 0.07048712793004808
2 0.827625724431631 0.0015603909652998106 0.04587644886326192 0.0031207819305996212
2 0.8182714204530477 0.16655747224529135 0.03594036424482239 0.04717478986710971
2 0.828253700282125 0.2343536185285139 0.05831112926070836 0.09933282117478787
2 0.8377707964665212 0.33150922078026734 0.03891624695546003 0.10589370180417146
2 0.9202331381875144 0.29493983845514715 0.05820885348964455 0.09347344617478792
2 0.9131002587241114 0.16634649329780127 0.0643409638791479 0.10947393198597288
2 0.8037400867487938 0.01885034411913889 0.04011934963432573 0.03770068823827778
2 0.814789101561985 0.028115321370892288 0.030421908481701454 0.056230642741784576
2 0.8318157995069422 0.8304948103082297 0.042413393871204796 0.08270652567829462
2 0.6651865198805594 0.8059773249584701 0.07328838271063765 0.06322474167128123
2 0.486001020186661 0.5662027558254878 0.04511654119233932 0.1258004376153563
2 0.8949635460570127 0.8635990033222569 0.0853821438712048 0.08546008829365093