2 0.5709172828777365 0.6808224408857264 0.17487508928453743 0.1848989087179327
2 0.305294500814898 0.49250383351395666 0.3322259161923393 0.14805869969693886
2 0.7675665285136213 0.5069977756934007 0.3872543354292186 0.1717339206526447
2 0.42514389560028876 0.5729688317015911 0.25386227272652384 0.12846686618878778
2 0.20963262835064161 0.3708460728787677 0.3010100081160272 0.14764384129367836
2 0.3664231564547543 0.2956979279137182 0.18646735693957406 0.06679427645685909
2 0.3689266949086552 0.32033398885777387 0.0656463423290774 0.07324334076922479
2 0.41810562449532274 0.41597883688807213 0.15528554078694978 0.0683325430535986
2 0.670769737217875 0.33831701609550785 0.10847872463432573 0.0686868179487079
2 0.4951028662758886 0.26242310997081575 0.08524577617645335 0.07862958039626244
2 0.6790325928378738 0.20106570048361921 0.10070031655801359 0.07004794709789275
2 0.7504360343958874 0.1438936631409553 0.08753982041333241 0.09830882935896634
2 0.9092456534102143 0.23317801558266524 0.16819750811602718 0.13757991182982127
2 0.8995459943204286 0.396722519213202 0.16343896002382907 0.08845578890441375
2 0.31878824878383166 0.2236385788461237 0.14047874695546003 0.1140235513519684
2 0.11032241325120622 0.06605312837411545 0.12478556310808417 0.10893330965033815
2 0.11372716974567562 0.20712212526222679 0.08932248579489283 0.08869120332167013
2 0.3933990559062428 0.20680160192886732 0.1404105631080842 0.1101173013519684
2 0.41498076400241246 0.146832153537257 0.09470457386326192 0.06179145020978144
2 0.8557343247774477 0.16165123212695942 0.10967194196340313 0.1370461929487079