2 0.5427170402042704 0.30671051998396637 0.242623996607368 0.17785097199517508
2 0.5993581201770027 0.4475180828893558 0.2829022942517443 0.11222883623999746
2 0.3123375649472512 0.4552189285690748 0.31401571844716714 0.11082118201900426
2 0.7677848085977954 0.5697440269831131 0.30134093781512705 0.09694475547687675
2 0.2288238305057635 0.645125133926806 0.457647661011527 0.1899590543798535
2 0.20421539771924388 0.7994049629649621 0.40843079543848776 0.1788979362797125
2 0.7738222781110247 0.7350899167963043 0.2724127264929388 0.12960240969786985
2 0.5681424916145132 0.5163937794195688 0.12142134994189213 0.06259239042127551
2 0.6254387714710302 0.5359712246302066 0.05487852413731509 0.059480140015886196
2 0.391903758166453 0.5338503647494995 0.1752483313785096 0.07913787236084935
2 0.5987917400634668 0.5814605590459514 0.09630387655104666 0.06605544541333241
2 0.41381884742087677 0.6818738189903503 0.07191034591900636 0.0519744673290774
2 0.3330855225370923 0.801706167813897 0.22784613057393244 0.0781052293004234
2 0.47493924980555435 0.646763764200988 0.1047037435052749 0.04669465503177195
2 0.6370008687712256 0.6642588773289297 0.045563690286966274 0.0378593973211343
2 0.6169715265599782 0.7968838717486462 0.12560075155104666 0.06656682426865146
2 0.9077412241171927 0.7775154139544591 0.0837246079876639 0.08144180194751716
2 0.9359579673319288 0.42992734780183495 0.0668704257464694 0.06359094155801359
2 0.16305475087161653 0.9091747448251059 0.24330687563025388 0.1816505103497883
2 0.9037943653540055 0.889888285301835 0.07550238057393255 0.07544605925276526