2 0.3008332774208559 0.5650911516083548 0.24057664336011242 0.21114392740495713
2 0.6184794991247746 0.2723622801968951 0.1666319817194295 0.3981136708984543
2 0.7500661274665924 0.20224058953187773 0.16054534005011134 0.37824115116718493
2 0.6751989832809684 0.3461548986727456 0.09236641002943058 0.22202967754613123
2 0.4877217099479001 0.35512240507336756 0.11471439837283914 0.2974997498941192
2 0.4523361407443791 0.6284837635953495 0.127568113363294 0.22798354593374803
2 0.6551663782523333 0.558116207866554 0.07537781001352206 0.10393212492941295
2 0.7217083040758565 0.6264572309569554 0.07533235667965865 0.10002587492941295
2 0.5503212432368226 0.6784031189523139 0.16013626004533887 0.34308490116718504
2 0.7839717266072754 0.3915423428557162 0.049532651674885964 0.0633907894272453
2 0.8916288107197211 0.7844154021730521 0.09640902003102125 0.23397594070031102