2 0.27262267568253973 0.6733293109498613 0.2476042189616776 0.15882887241256505
2 0.5952216417892272 0.8154692054078735 0.15705226141996076 0.1013876690908948
2 0.3690243540806425 0.5454310684731615 0.27864119600818493 0.19425198185312165
2 0.7583919790238569 0.6809581771444543 0.2884151260738532 0.15803060062934438
2 0.7087104131319399 0.5867338885022673 0.36983222241038005 0.15252780706290325
2 0.5849719407215599 0.45285395074004053 0.2634422419151705 0.12695773807689892
2 0.294472262973955 0.4220870422785292 0.31349867424211675 0.1540952121444934
2 0.36979900214770656 0.30037331121208793 0.2283717407277459 0.20016963382282338
2 0.39959791242465637 0.8132906221561436 0.1774106880369266 0.08153128268063625
2 0.48241761716816883 0.7417515759964619 0.08705514331736575 0.06495770539626244
2 0.5560222135046957 0.7356567865792055 0.05549806648562905 0.056730346993002057
2 0.5669303970190666 0.6839584043181319 0.07513167542954124 0.06016346162003994
2 0.5523372915238569 0.6653442865792054 0.12910266282215588 0.05063555757574578
2 0.7151603756763537 0.9325255822260446 0.06310584859780466 0.05341609284381721
2 0.3986088923261538 0.868658686730736 0.1324888130369266 0.07812730653844957
2 0.32172050471876845 0.8492148521852887 0.04388998049520976 0.020834102179483338