2 0.5798899119445153 0.620890909594463 0.13336851820379447 0.2735639823449634
2 0.710612358659984 0.5460948148289297 0.17266065128862396 0.16692622158978576
2 0.5288126936333357 0.33510395900623635 0.17469952510119935 0.2430640046660978
2 0.5091638236360324 0.6303887418798537 0.17675500904511154 0.24505122158978576
2 0.42029248360319826 0.6473752008902092 0.14222952283992152 0.18200575081077885
2 0.3539139522550919 0.293024323759855 0.12433601594251642 0.21291483157389968
2 0.3756763363569891 0.4290222006875144 0.08888929924211675 0.13229123579489288
2 0.40592485865998396 0.5407764747336135 0.06782266508343393 0.10265344155801359
2 0.3638773391551936 0.5576045774124792 0.040384861205190026 0.0631477465500705
2 0.3928712898562913 0.533718939729642 0.044291111205190026 0.06321593039744622
2 0.4987619332304426 0.4877594789943218 0.035864457541716854 0.05136081270269477
2 0.6108909705724577 0.35605002383928525 0.1155939803816386 0.23227562195546003
2 0.5469759045669694 0.4768930270865199 0.07471393458822417 0.08521168425276526
2 0.6214380943282474 0.5386842573011292 0.046448954093014416 0.0671562723211343
2 0.6321927394267499 0.48325883826694466 0.033706614653892686 0.047420470779006796
2 0.4692686454082866 0.44626656706269086 0.041928550429541356 0.05536933847375847
2 0.47731358194800466 0.09711743303247784 0.20072091389600932 0.18107538352141664
2 0.3256614293583848 0.21935598721375593 0.13511692531597008 0.26969182426865135
2 0.2831809079588863 0.5630257000794302 0.060112524027346126 0.10447019886326192
2 0.17904843113952168 0.10264355620822532 0.15887811227904336 0.2018097362002823
2 0.2580600922941121 0.04645822950311817 0.08643268458822417 0.08541623579489284
2 0.12719791383922363 0.2861399731120557 0.08918807100818488 0.1752258938712049
2 0.07492830661966267 0.2754709121343257 0.08836919945688737 0.1596008938712049
2 0.14697540705538997 0.10501072696737457 0.06381405613952168 0.10063213271063776
2 0.22190786620788683 0.36194399756354423 0.046448954093014416 0.0671562723211343
2 0.2594861615211601 0.3343055235373027 0.0507646398686632 0.07503695616851025
2 0.16127108986247723 0.3033210983147504 0.06267980269081919 0.11622304078694978
2 0.16580810365728715 0.2409574660095021 0.044495829093014416 0.06712218039744638
2 0.22583072633922363 0.2878616152582959 0.07841546670039978 0.0813736181001411
2 0.28094842477904336 0.20394048143077761 0.13902317531596997 0.26976000811602724
2 0.3230291645465072 0.03881124644666366 0.060120829093014416 0.06739491578694981
2 0.38216512607385333 0.1432643993480816 0.05611222014910222 0.06537360693957395
2 0.4094189747284437 0.08617563666524444 0.036683329093014416 0.06698581270269471
2 0.4408100555458094 0.14526371955871933 0.08221935775648759 0.07948867694751699
2 0.09991634653273958 0.6964204875198575 0.07542214212994111 0.1359588423290774
2 0.12846629211756913 0.5895952211843962 0.055899197195609485 0.0985426400158862
2 0.13094086598074423 0.7857479159896446 0.10718393684950206 0.14626993810808409
2 0.17526519744860786 0.7006627140818427 0.0605302648686632 0.07520741578694978
2 0.1837043087105836 0.6569049071621262 0.09311923620519008 0.06406822848964455