4 0.7323307803660895 0.7427309064793715 0.21522579827463018 0.126830135441526
4 0.48784917082737894 0.5872834654134929 0.19656845143483104 0.19409789133493827
4 0.4826258287614009 0.30378603985511027 0.43387937626050777 0.3861998661064052
4 0.9361467166055817 0.8629443026241699 0.12770656678883663 0.27411139475166024
4 0.8421628088414173 0.8958356977599947 0.24980806591721993 0.20832860448001056
4 0.46955957771992685 0.9543838912575417 0.20268759344716702 0.0912322174849165
4 0.34932680125604193 0.8056829104617894 0.24545102476756897 0.2528307862892316
4 0.12751905014080364 0.2784862383679688 0.22194569183801277 0.11156900847705531
4 0.0686927572948365 0.3837917550659699 0.09381783292955614 0.14453663513193982
4 0.284095740137231 0.6245158299719668 0.2619365433309516 0.23802450061917257
4 0.7021943736433991 0.6040804272611071 0.20815062563025366 0.19269057588823202
4 0.5723856313986319 0.9059223318590408 0.2233248344806027 0.18815533628191838
4 0.8972332670615122 0.7484645993549277 0.16294221442428114 0.10298058571058588
4 0.21325077648847302 0.5579463466699678 0.3629527401126429 0.23494235008105324
4 0.5836344232992182 0.5372353466164912 0.21050009344716702 0.11492944892376133
4 0.7798824220632985 0.5736304383752823 0.19506611758448233 0.17261351633493827
4 0.7043938810589169 0.4406547050732833 0.1818450337341333 0.1505833317816443
4 0.17854440769265928 0.8133027036801451 0.13028539264258998 0.10924662530958629