4 0.6341287024418001 0.3473709440908245 0.5107396396800539 0.3317771004900467
4 0.7573627543454808 0.6111854099508314 0.4416097270455239 0.3547123588851582
4 0.32719916201535726 0.2596167697430389 0.5264502228069963 0.2504278967691824
4 0.3547890358783288 0.31617678551037853 0.1365903753095863 0.12761658507020912
4 0.37128347472362694 0.5690940684056318 0.16161712727405697 0.12069074523308565
4 0.9139845603328961 0.8280101642642211 0.10198531999481997 0.2219556175119377
4 0.703111247678103 0.8967973946370162 0.29561221463952725 0.15071928493120845
4 0.24357837055883913 0.9664682150687917 0.17796448821317568 0.053013416512221356
4 0.8331360424443901 0.44961856047385645 0.13777296267505657 0.15300721007020923
4 0.6492692429217193 0.8177547436604666 0.09239086124870499 0.05782491288402425
4 0.5364000426526597 0.7709975667073673 0.061868607319763624 0.07235863883740712
4 0.28349982863230505 0.6745318275919585 0.08317104580199897 0.06920263974445628
4 0.4696674707946855 0.5500588370099533 0.09484700423852765 0.11055928788402425
4 0.7078363567540675 0.5232172872184545 0.2017712463806447 0.14549233779135706
4 0.9327935941398011 0.403239579078178 0.09589044664970459 0.09109624251193771
4 0.3768780226448898 0.4489768809056318 0.2206229270049973 0.1734499294425791
4 0.15403714356115517 0.5025824413598652 0.17428835142635146 0.09968380262848053
4 0.1142765157157657 0.19024365982518582 0.2285530314315314 0.14685643034962836