4 0.4269782373886415 0.7846794039608518 0.21323289336011242 0.2144843022806624
4 0.4879782773711423 0.9084838236554703 0.206259911680454 0.11830288068953276
4 0.6046778382101761 0.8570054204314017 0.16792466502227166 0.17761423674866927
4 0.6095065707551173 0.5258710168328802 0.12248007668284 0.1290254212166766
4 0.4246983124304009 0.4775405130519812 0.2011732433561353 0.18423083409840335
4 0.3772003816239793 0.283363846576582 0.19599566836408955 0.24234628750727372
4 0.18024088244949096 0.3570039698794205 0.2534317267067027 0.31532919622152566
4 0.23894552907187938 0.6780740145740392 0.1484388683561353 0.17992616477823775
4 0.3906356791553982 0.07256500359367242 0.2734161416892036 0.14513000718734484
4 0.6009475116367059 0.1714385761136607 0.11466757668284022 0.12838769242850379
4 0.6748608199892618 0.043607526409047984 0.1400127483489766 0.08721505281809597
4 0.304683394931594 0.47855653067013615 0.10885365501670385 0.13181564583737426
4 0.3413930007260845 0.7614209831307511 0.1126917250159083 0.1262751352314606
4 0.8850676457571058 0.48874263954979325 0.207646238363294 0.23744350568953276
4 0.8833779299610245 0.21472715754240118 0.13240478835136282 0.14349445720189236
4 0.9467522224598315 0.2183346736384982 0.10304110170670278 0.3030529170492016
4 0.7188822549331848 0.4330381548969842 0.16774285168681713 0.16198923674866939
4 0.6692246065901739 0.5083130223230634 0.17201272835772619 0.19355810114275585
4 0.8073723998946072 0.7097245291359553 0.13622013168363578 0.1360008215959787
4 0.8480805307129601 0.8166482993995272 0.1087854750159083 0.12595627083737426
4 0.5471697624920459 0.03395132972551751 0.10467468501352206 0.06790265945103502
4 0.6862607124741489 0.1342298380422829 0.07530963001272672 0.09980842348764041
4 0.5673587174769329 0.1234473895619162 0.1681292050246579 0.19519236174866939
4 0.6106576883255117 0.03221754487578364 0.0988834900143174 0.06443508975156728
4 0.8384006066498304 0.058007153299497446 0.09702127168204466 0.11601430659899489
4 0.7383353299550589 0.2704704526235957 0.17242180836249865 0.22871435114275573
4 0.532779944949491 0.32822645831312847 0.23122009836488489 0.25107544205405086
4 0.7809036265714817 0.6367612673945597 0.12273007001908987 0.1505097962166766
4 0.7683319423834712 0.794864706978297 0.09704399834897659 0.12304655265511544
4 0.7622446165360856 0.898778912470905 0.10635509001034049 0.0847812136403312
4 0.8144951574435253 0.34913381834039053 0.09288775501272672 0.10124331326102898
4 0.529132314906936 0.6417030208131285 0.06143321501034027 0.0811142731083383
4 0.48903643573960653 0.6498541933525135 0.07921588001272672 0.10012728788172676
4 0.6994653224459115 0.34096219296593755 0.1496647400143174 0.11758559697528082
4 0.4762281740830152 0.5767514687318156 0.1026306533457948 0.10008734924624463
4 0.32318920820739216 0.900471469305618 0.1458721233489766 0.12703235758119447
4 0.4126947949156857 0.5868158276357187 0.14802978835136282 0.14476991477823775
4 0.20316634826545765 0.4829407549163809 0.11453121668124933 0.1166689424285039
4 0.24339790325631033 0.5469754912784743 0.15584228835136282 0.14540764356641045
4 0.2974583673814827 0.8479363039657009 0.2208635800246579 0.19949703106883487
4 0.5897487382638669 0.4630919299018334 0.08141899834897659 0.12177109507876993