4 0.5866305823371502 0.13653468947734962 0.2445938287486098 0.22116508932555057
4 0.329786835802163 0.3082077750444137 0.20452678274427472 0.16843901939121897
4 0.18257657916330944 0.7240989293583848 0.3651531583266189 0.5362074527920186
4 0.6461949083619125 0.5265759526216616 0.5552141113870039 0.5061525398562914
4 0.4653725764306385 0.8218658433679653 0.33238813780124377 0.3562683132640694
4 0.8361012371105223 0.3269062415176709 0.1549775919027896 0.2203628279055898
4 0.7832801777578928 0.17426787228443688 0.12012590781486199 0.09002355269081919
4 0.9461578652931864 0.2200265780450169 0.09585358539628697 0.14132490247604856
2 0.4693127964102113 0.40171983689391577 0.14983928274427472 0.1655729689616776
2 0.3489882702253796 0.5335295101189648 0.17820684193808312 0.18458411917644835
2 0.8352604282167094 0.6608864639848366 0.2737384207925735 0.2869488805964089
4 0.6091258823006083 0.7930281292386274 0.19969121693808312 0.18571006755948227
4 0.5136736975597495 0.22870643091237908 0.2916770787133163 0.26062872003553095
4 0.9444427963219774 0.3335637254047974 0.08495039462538867 0.12128185775648759