4 0.5722475654370139 0.7952279763470491 0.14287506696340313 0.13217933320624997
4 0.3667334060411266 0.8773233330156254 0.08849439427659433 0.14848459251493074
4 0.41111475293701394 0.7914775685065542 0.07366339387120491 0.08176012609210082
4 0.4996822737358783 0.8882270782659727 0.1044944054371616 0.17033264342673604
4 0.48511684810793654 0.7248683838321185 0.09017478388709099 0.13290505200390634
4 0.4083313184815539 0.6879392137620663 0.09802137581077885 0.135040014959809
4 0.4920308548051007 0.6176510765325091 0.06533951501588608 0.05228141313619794
4 0.47303791497205183 0.5361872536317278 0.06653273234496337 0.12064078813619794
4 0.5195208578496406 0.5148173438671446 0.05251993810808431 0.10079132171336802
4 0.5742451745110612 0.2945014410364154 0.11288646813985626 0.20371760638263903
4 0.5894709567765943 0.16014495143719668 0.10301856736879245 0.1976309339377605
4 0.49493684253177206 0.11304102096636326 0.06841767349758765 0.11677999762517366
4 0.3398850025357436 0.12212230409279543 0.06855404119233932 0.12459249762517366
4 0.3459341010531888 0.300901430826259 0.050430445413332414 0.09293336222439241
4 0.4144006944991466 0.25271055518489616 0.049475871550070494 0.03824586222439241
4 0.49537237012708846 0.417614872243924 0.05029407771858074 0.08512086222439241
4 0.3635556965260939 0.583423480004601 0.046046908481701454 0.06549869324644098
4 0.3986827972773001 0.5266472930506514 0.0605369896502117 0.1126919096692709
4 0.4097076055165918 0.4312396547289934 0.06982532771858074 0.08557545711414938
4 0.4057771489426921 0.3179129452400177 0.07726281655801359 0.06427292007005214
4 0.30987885094978185 0.5841264690577694 0.0422088423290774 0.06931402426848976
4 0.35018076348949695 0.7119660540927955 0.05426851156595658 0.08911803120234385
4 0.2688995358106313 0.7530255055558162 0.1060043354292185 0.14498747791571187
4 0.20021406959843446 0.5649791751751303 0.10503987621616839 0.20158264342673604
4 0.2604832665340369 0.6064047520888891 0.053201776581842664 0.13985382171336802
4 0.17096611454680483 0.3993264095739585 0.07667336850553064 0.14235246058107642
4 0.2267494987797125 0.4074579425097658 0.07314212966609779 0.1637459166031251
4 0.3627083411087899 0.47895402224908884 0.08236228388709099 0.13272321404800358
4 0.09732198457460539 0.48644340674839415 0.07663927658184266 0.14039933558107642
4 0.07100815289729882 0.6566599519137587 0.0796591365659566 0.08970900455902786
4 0.07886463017077502 0.5475122493586372 0.060366530031772114 0.1029262846692709
4 0.05732195667318746 0.4318232794688803 0.05848158887914795 0.10678707518029518
4 0.07896963067957138 0.3298297308365886 0.06625999695546003 0.10501578813619794
4 0.05415635044510457 0.19454132171336808 0.061569632710637756 0.060002994158246614
4 0.12110807122411137 0.22733694433854174 0.039982981939573975 0.05364356477951393
4 0.11835327921687408 0.5728355016381511 0.06430687195546003 0.10497032864722233
4 0.6188377267605607 0.7240761088269536 0.04231111810014121 0.07517339926848976
4 0.6292609836604196 0.6501301157608078 0.048477320413332414 0.0928879027354168
4 0.6139186043997112 0.5541087743379779 0.08451996042921861 0.1444874235369793
4 0.6924576501588604 0.5237233211414937 0.07242619926865146 0.12273029160312499
4 0.6997851958146029 0.7757446353749572 0.09010660003971527 0.12899880200390634
4 0.762160931406801 0.8260047342776916 0.07509525466609768 0.16379137609210082
4 0.7654683548051007 0.6240154049891065 0.0687926846581548 0.13826437262517377
4 0.7531579388154561 0.5339216277997403 0.0534843973211343 0.04419615620234385
4 0.652292105313897 0.40369623610646754 0.056664831573899566 0.11455411569131946
4 0.6103977577106378 0.07277711056041718 0.11330545657389957 0.11587244087161466
4 0.693560695003824 0.6428412163970058 0.07609380580283576 0.10914933558107642
4 0.8217922671421212 0.719038270680426 0.06755549005560102 0.17923453813619794
4 0.9547752267605607 0.7318951409307733 0.08054552658184266 0.14049025455902786
4 0.8687843709378673 0.5590646751493062 0.057663382710637645 0.059912075180295066
4 0.8487807766811305 0.4756249975040372 0.04234521002382907 0.07712652426848954
2 0.9095569165977287 0.210546327884723 0.03425997463432573 0.061319686312586885
2 0.8232444054371615 0.18706173536979237 0.04217475040538954 0.06736089926848965
4 0.9708394926947517 0.14368711602092094 0.05832101461049666 0.2123012846692709
4 0.9879595946621262 0.35398899968823866 0.02408081067574752 0.06513501733463545
4 0.9717110546859553 0.5039704892874575 0.05657789062808938 0.06204703813619794
4 0.9677921945984345 0.582844754342579 0.05015771002382907 0.07730836222439219
4 0.8216976587836841 0.43399566940286527 0.08037506696340313 0.13072462955902786
4 0.7928709101032594 0.34839829905720554 0.10658389813191338 0.17819060291571187
4 0.6976962099204221 0.37644422159739643 0.04559382812397028 0.15139073375746537
4 0.7671151592924804 0.21504028518949717 0.0383025923290774 0.06922310529053821
4 0.8745101029808482 0.3278466600941847 0.094490136971346 0.15643347098185778
4 0.49068473061999873 0.14906018474392402 0.10216626927659433 0.1488028089377605
4 0.5607850116652444 0.4181612026246099 0.14975719967404078 0.19090946167317724