4 0.5897148941489253 0.598828050486503 0.24398651948421435 0.27360494146588765
4 0.5760851906473705 0.14228667888303195 0.33576413129474103 0.2845733577660639
4 0.49077244054148983 0.24413436060304575 0.12317807220681365 0.17387774341898704
4 0.22009217061610567 0.4522321168365566 0.13155935509226263 0.18391618693064138
4 0.19383001937833358 0.3709511177436059 0.11456927616718487 0.1599330499073328
4 0.09279868716471094 0.3500154912671979 0.15920584844458566 0.2570002674656042
4 0.29933365063778117 0.7038876141154088 0.18804769713622638 0.2502108368843077
4 0.8038839137213736 0.7645522293695349 0.20664963133003478 0.2684028035355299
4 0.7595789795805057 0.6927082367417632 0.14373313140062183 0.1921379146981228
4 0.737406078642729 0.29521319692780634 0.17079157867802275 0.28859129060517197
4 0.856849446995052 0.3634547488809057 0.22885507217152012 0.21460196369840623
4 0.9292065721450498 0.5428105188458011 0.14158685570990048 0.21375869895394994
4 0.963855733345514 0.48143278370609155 0.072288533308972 0.16161335639567853
4 0.9314576247000046 0.6970050869039308 0.1370847505999908 0.2006324609772583
4 0.6000667426640981 0.776562425486503 0.23264756559443023 0.21278524795423337
4 0.48303425945975853 0.41369351475426785 0.2365345524049569 0.24605657758214705
4 0.8100427794380831 0.1478514548693932 0.17964715106130402 0.2733073137447399
4 0.7262194077089812 0.17034960618363346 0.15232266425077734 0.23921752858186346
4 0.8785498809947456 0.5848275155552947 0.08553844070031102 0.09654638974445628
4 0.8158608942195125 0.5165611543927018 0.11999288804829877 0.11919024341898687
4 0.9489238156826642 0.24376537535731363 0.1021523686346717 0.10692585639567853
4 0.695051535662237 0.525672653823343 0.17678397344458574 0.25761410911682625
4 0.4636332953866974 0.6854290105567122 0.23706480891145953 0.3220920433263199
4 0.3562343286956694 0.2527467299290821 0.1256247498941192 0.1154886073027277
4 0.18702388794241812 0.2204922881156923 0.15786003270898114 0.20042784709351774
4 0.40004844398885586 0.0809492276614589 0.0896722038544906 0.10058904900028348
4 0.3544298415322068 0.5913876058361314 0.0964416314712091 0.11641866288402425
4 0.40485146989133886 0.5162356887545514 0.10195973673993963 0.11076390176776485
4 0.3156746412839034 0.16120097573152634 0.13502984197337664 0.14310517581438204
4 0.20089073619288905 0.6769903056971305 0.12293129586316076 0.20310641379107341
4 0.11354963088886491 0.7230964685811547 0.15184837475294488 0.26453994895394994
4 0.1394539830455185 0.5294177681507969 0.13961863143591546 0.15496033507020912
4 0.10168133177245284 0.48572357645324116 0.11777372351517285 0.18148562953524627
4 0.24514842363994868 0.7312220710109455 0.10125793408792755 0.1321800721398514