4 0.7991097887984933 0.46893686397753886 0.11089071844716702 0.11089377402734613
4 0.659222116154117 0.41010517582704087 0.26638909654926035 0.24747694482076033
4 0.3627157798319288 0.39256296924560596 0.3229475940774209 0.3049281363063894
4 0.31735071592615166 0.6099698453762449 0.306503139249958 0.2923905147550918
4 0.1527968160133133 0.7090812323331322 0.17662747402109952 0.18828565128862396
4 0.6474154563293334 0.6763484820233483 0.2008433651126429 0.22847409967165788
4 0.10399455026148496 0.26601232403353203 0.1619585046531397 0.2011386547373264
4 0.08456686954674891 0.6134126766737515 0.1579022942517443 0.11530351368123859
4 0.15084323604058086 0.5700469484966054 0.16544164264258998 0.11180669945688737
4 0.24292801216475077 0.8950624583057862 0.24416739419363648 0.18014946432555057
4 0.13907094765330785 0.9053702948331322 0.13464243379224106 0.08878694029820444
4 0.37976235112863566 0.73318686892345 0.22344802568836153 0.13430635883034103
4 0.7322317608081498 0.29827771370598255 0.17276228775701918 0.16083954234471176
4 0.6026903878195927 0.30020177097614315 0.10462161603343567 0.10472732219560954
4 0.846618546868853 0.06978139699321079 0.18711704177990507 0.13956279398642157
4 0.9578578520986045 0.03916631332085491 0.07800180879224117 0.07833262664170983
4 0.735864404226263 0.1628426030377191 0.15368182890667015 0.13843393684950206
4 0.5806315754894502 0.05908488735438695 0.1422772942517443 0.11448464212994111
4 0.49901050787591417 0.19666123077913797 0.18125766677990507 0.1710146031203605
4 0.4051578485361151 0.13347098244670358 0.1374150136197041 0.10060804924211675
4 0.646840109053726 0.15583236445767984 0.07145955476935528 0.07574582909301442
4 0.23008000942696072 0.14653835792684455 0.1798508449982137 0.17872474417644835
4 0.09571027227114157 0.09228240544461003 0.1669439764929388 0.13329107445688737
4 0.0944944746267653 0.03043112844870248 0.1352298007464694 0.06086225689740496
4 0.770236025809043 0.38093557496795827 0.09893988057393255 0.07913197930778515
4 0.5111881062421717 0.5930003724289381 0.16944340471124741 0.14120593340079957
4 0.06911859914178085 0.36124652872025875 0.10239533942428128 0.10071871325169734
4 0.7330864970185882 0.6339122894070801 0.1747564764929388 0.13370051023253593
4 0.70923303227918 0.8219752635985972 0.18856492729751606 0.13637014783992152
2 0.0643125867334083 0.8752337856176637 0.07522922896477807 0.0739974219808388
2 0.5749592621647508 0.8776614378407139 0.06745779270069763 0.04634659514910222
2 0.5064976827976841 0.9522771660178602 0.09425523948238901 0.039967120363872954
4 0.36070684158099364 0.04295079079071748 0.13796131683801272 0.08590158158143496
4 0.313798380088948 0.24334116703492775 0.08263200155104666 0.06854748275648759
4 0.8650920168424785 0.2767200474919097 0.07649947494189213 0.064334155924751