4 0.6187004941474865 0.5408780054603188 0.6019190466153752 0.6919783335197622
4 0.14736012387664094 0.3547310617249306 0.2749506553199289 0.46727462344986115
4 0.17932676290112343 0.6036659305011532 0.19814169622152566 0.26346790560604405
4 0.2945801401842103 0.8860865062295828 0.20487810947770546 0.22709852541956277
4 0.8488308939529863 0.885525955402068 0.30233821209402745 0.22894808919586396
4 0.14269745738911885 0.0836021148892646 0.1916449147782377 0.16010027956874776
4 0.09795272748971004 0.7362844172727236 0.08940474735458304 0.1678813345454473
4 0.4385929937851564 0.9476306443239962 0.17394729621667648 0.10473871135200752
4 0.29187108221401525 0.4724388646328433 0.09478582576345351 0.16246595643355877
4 0.3682825890269071 0.33847381795451337 0.2543436409209934 0.3337221286363423
4 0.8106443040020697 0.7165292855477148 0.3218259776648136 0.3757154694055669