4 0.5306234940370212 0.6389398057567081 0.616645183173657 0.5927555000795419
4 0.4224449301792397 0.24868185331795525 0.44417263964152065 0.4973637066359105
4 0.2878868265219525 0.48463361995744514 0.31541027391377474 0.3198834300405664
4 0.1893121494816313 0.7453878549689787 0.22230764783992146 0.18216470669556672
4 0.7931084817394201 0.15570976572449363 0.29198107897944325 0.28252406170431643
4 0.8891228361039907 0.16728010821136924 0.21684109848423327 0.26408232336090787
4 0.11655953966007854 0.5053700674828985 0.23311907932015707 0.29785361503420305
4 0.8744122159104748 0.578333377377108 0.2067517865211601 0.33228261169238515
4 0.5663952467784401 0.4033155232535264 0.2441848484842335 0.2644004966979532
4 0.3132111162956024 0.8766776682845476 0.1695732728399214 0.18155108668840825
4 0.3082562563604783 0.0984844049868756 0.25067498727904336 0.1969688099737512
4 0.05439983675448868 0.7433111016569891 0.10879967350897736 0.2008777966860218