4 0.7191902920249558 0.5138046306099912 0.33454125948255475 0.35429152300314937
4 0.5925566761088116 0.7058409040888416 0.2998236897830868 0.28669151682450433
4 0.3763577524339446 0.7311966785655704 0.325971214787936 0.41623443678644856
4 0.3258143613499705 0.348797008365776 0.42502241592584256 0.4611496653033549
4 0.5032092579483738 0.1430125993832293 0.28372071553684197 0.18481068184353255
4 0.7843201174139562 0.24056941321464537 0.3038491109997632 0.4075465155887755
4 0.2186124711900061 0.5770274437743319 0.30687896743335297 0.2538863105507194
4 0.5031904168377292 0.46518040632244895 0.17370798674866927 0.1725414921099251
4 0.6207956607858665 0.228739552187678 0.20236681061561201 0.261307538307598
4 0.8029765855719695 0.8705168983858977 0.1754617409161443 0.1940258671099251
4 0.6732530440965703 0.8261636974350426 0.41601465796534587 0.30310570779384083
4 0.9272968229065642 0.22987698731190717 0.12978199887664088 0.3498414797526354
4 0.6987407757537552 0.0860967110034558 0.2946023659161443 0.1721934220069116