4 0.57421875 0.5060136724220491 0.46484375 0.53079957172977
4 0.26171875 0.18054837663113799 0.47265625 0.32581235339749703
4 0.240234375 0.44544680746738785 0.263671875 0.20033372503579394
4 0.203125 0.7808395516390922 0.208984375 0.18797862836170331
4 0.9169921875 0.8340563923755171 0.166015625 0.17185364168920358
4 0.3017578125 0.8949262299590359 0.259765625 0.2061476467019303
4 0.8359375 0.4902729865531871 0.125 0.15379825668363556
4 0.9228515625 0.7128944623747218 0.14453125 0.17355677335295372
4 0.744140625 0.600716139898982 0.125 0.16942325668363578
4 0.5712890625 0.7824149499224468 0.203125 0.20548857336090776
4 0.5244140625 0.90893695242881 0.169921875 0.171899095023067