4 0.5560383530805126 0.5203797258683491 0.5321673549092885 0.4985000980419092
4 0.14351739314079898 0.40783082105479107 0.27848840235416705 0.48902585789041786
4 0.3504098151349395 0.26008499506413474 0.1994509465227432 0.27637064730767413
4 0.6334505658716147 0.08696101840620242 0.18645933083142374 0.17392203681240484
4 0.9655313579254777 0.6832658837937959 0.06893728414904454 0.22511395539626244
4 0.7982858771842015 0.11010136721157013 0.24223785856684055 0.22020273442314026
4 0.6603308719579868 0.7560698407518083 0.15520769780546884 0.1345907940908948
4 0.8992022788016933 0.7213384053205952 0.17523900218420163 0.1575551587179327
4 0.717854690941103 0.6215990604079911 0.16887957280546884 0.13562678682982132
4 0.8022887617529951 0.38236923312361726 0.2058542023644967 0.21641576815848929
4 0.9025093903152346 0.27498991258166877 0.1894563910519098 0.1820286514568591