4 0.2964477103140657 0.8505693273686632 0.40083597919421377 0.2988613452626736
4 0.32267371169770304 0.23332369190898444 0.26802347919421377 0.3198449287646725
4 0.4124220587415135 0.5014440284363305 0.20061855495209713 0.1858124265033947
4 0.673947094075249 0.10778417853752988 0.273199561849502 0.1584520663720578
4 0.8878032783536891 0.5302746812789487 0.18447345516686764 0.21223494600818493
4 0.5565383713550848 0.7224721894773496 0.2514855537646725 0.26444091615728715
4 0.6961854597771391 0.9405402988600822 0.25696040818602883 0.11891940227983566
4 0.15502875395977336 0.9760382476819365 0.2312793164856291 0.047923504636127046
4 0.4031572252395146 0.9024488070998036 0.12580226141996076 0.09619000452255566
4 0.5066686977066803 0.8892679641551937 0.13195210312036054 0.17637048846646808
4 0.9404726672052847 0.7024443005121828 0.05989119600818493 0.17648945754171708
4 0.04572143826406926 0.7866279970882242 0.09144287652813853 0.13947413641996076
4 0.32874341149530434 0.7154301850115794 0.2109042797373264 0.15908283016686786
4 0.324099886223748 0.6358680072639746 0.13947413641996076 0.09690651712994103
4 0.6445230502333286 0.687913483009486 0.19568871551297518 0.1660764586155703
4 0.844923080621153 0.6944990247604854 0.10185296670039978 0.08519607219560954
4 0.8165861579898162 0.6185913521859343 0.12148657564431198 0.08817278663473127
4 0.9132188185506943 0.6432405493815438 0.09928568803692661 0.07337496325169734
4 0.20443085637285027 0.5649662687975067 0.1864348852325361 0.17533028889600932
4 0.06249865092205426 0.5107255773686632 0.12499730184410852 0.1269199047373264
4 0.037380533413171525 0.6621992763454096 0.07476106682634305 0.15149996325169734
4 0.6322385225869231 0.4551886837105836 0.27625372003553084 0.2910598484842334
4 0.5773158878913136 0.5502347806408228 0.173590186849502 0.15323176023253615
4 0.6977581114323327 0.40084698241577366 0.1480972029055898 0.1499479689616776
4 0.7605444255998983 0.3052337587611833 0.13946583135429247 0.13391353318602883
4 0.7722839382640692 0.39887724728443685 0.11387048846646808 0.12867661691517052
4 0.8001560931149669 0.464968115387032 0.15940651712994125 0.14274962262515078
4 0.8292025723659664 0.2657452128541977 0.25488831411077983 0.21787299298902374
4 0.641663850492513 0.31271291765449577 0.08622796670039978 0.08437720064431198
4 0.579065644081435 0.3299964234212618 0.10945244374690688 0.11870627402734613
4 0.48633092845488846 0.2683402101695645 0.089724780924751 0.07676941853213637
4 0.48509016352943957 0.23596010925369623 0.10504270409301442 0.07172891508343388
4 0.2366283511430109 0.4364141225683652 0.23473460538163837 0.2421376696059896
4 0.07852062909920043 0.41373466050409247 0.15704125819840087 0.18684432100818493
4 0.05877220361287346 0.3393153451491023 0.11754440722574692 0.24503694029820455
4 0.3030041843352258 0.5339002240211601 0.1191157098029948 0.11726494374690688
4 0.36024235286736217 0.4507264155067892 0.12436093113952174 0.10585327057864358
4 0.05559502911775837 0.8450640561395217 0.10687686001776549 0.14389218113952174
4 0.2743146123099732 0.9505341552174674 0.10606629353213637 0.09126016508343393