4 0.795669055803153 0.22221464378882438 0.3956783654661713 0.32369553625583525
4 0.5650174724213968 0.8115485659150925 0.2626612515824305 0.3139717121929073
4 0.566880653687886 0.5289810226154225 0.19754466651222136 0.18135060306127837
4 0.18005963814240286 0.845233454737567 0.2731275090704927 0.22257264812585587
4 0.11841522469883149 0.33967619523632986 0.20240578130301126 0.20880801332783516
4 0.5032242451172515 0.27373632884721627 0.2470796470008505 0.2588864012599589
4 0.44684710412805534 0.03928524157117518 0.2530692082561107 0.07857048314235036
4 0.9338448708024443 0.1154417363595872 0.13231025839511146 0.14845252919620625
4 0.7072761891982645 0.15440266965307184 0.12423116288402425 0.09336721826325778
4 0.6048270290353881 0.13196721158354613 0.12898067762848053 0.17350217339653617
4 0.10705297254704237 0.15427139556952574 0.1154452118843077 0.17701061246358768
4 0.9806113822563942 0.3817980134941027 0.03877723548721157 0.1342900834652372
4 0.7162202885594053 0.3545411520197935 0.20830855172143137 0.15434783386094852
4 0.6944662065480346 0.4314234036857729 0.13790303788402425 0.09376502919620622
4 0.4084976826172515 0.2764925903112163 0.19295637023308565 0.1617056927947217
4 0.22123328731466552 0.20471460040602052 0.1004526397444564 0.08291963166391758
4 0.22402967705912188 0.2847927254060205 0.12005209437236991 0.0854410579967011
4 0.14002049284962836 0.2305389660037113 0.09809028697697497 0.07114405153063924
4 0.7842231657111945 0.5382978778215254 0.1835317683726534 0.17118716712833004
4 0.9193313282045169 0.6427750361253192 0.1613373435909662 0.12391435619538149
4 0.9680090835938012 0.5062476769936903 0.06398183281239755 0.14881441046441246
4 0.3449157430714849 0.4992700151758761 0.2714038071637269 0.2849589878592991
4 0.42748951859451 0.4284385293782679 0.17106276746560423 0.1493618113286599
4 0.2648500226762317 0.5299487782069277 0.14560393783769054 0.1466698945960414
4 0.17439554252529307 0.5990544595376495 0.13724580081438204 0.13081757406292782
4 0.19365086251335528 0.5066040380049484 0.1117187665585549 0.12617253233030934
4 0.18823170609450998 0.4354002207048659 0.15704986932603632 0.13919837539571145
4 0.1200831679788177 0.6113878907694432 0.20442711093092483 0.21081796846111356
4 0.2889044758277373 0.6309145618075049 0.0848276397444564 0.08246499059769086
4 0.35356221471147803 0.6348985424093194 0.1074714934189871 0.11629324706375255
4 0.42216341740945906 0.7238150454444947 0.088461071232802 0.07476615086424765
4 0.41251250395607614 0.7553776111775257 0.1038814573490614 0.06936141693047437
4 0.7118366475603977 0.6489126905193812 0.2307043960938011 0.23694738519373204
4 0.8729384692467244 0.7273172622238346 0.19370662114013482 0.18319006779472158
4 0.8906220126888782 0.813805098724247 0.2016803396054554 0.24390743319455677
4 0.6814794893274538 0.5354220848186388 0.11716891379107341 0.1146242727301443
4 0.6004155087229905 0.5935014279829688 0.12261906102359199 0.1030760131299795
4 0.9815073355237338 0.3241239958608243 0.03698532895253237 0.1400357981986804
4 0.8440290415122212 0.15140112282358725 0.10456350362819711 0.08889266693047426