4 0.7229398214836404 0.36540876369219166 0.15751004695770066 0.2252472362002823
4 0.5347368607426406 0.5712566817129026 0.22148566948624282 0.21465351968198387
4 0.2588040605999302 0.5078048325873732 0.44456301387734554 0.46836953936396775
4 0.8622748653520187 0.15968511007928265 0.2725852544672147 0.22335240969786985
4 0.8802210869302525 0.2948598381635378 0.2276202643530465 0.2694092035293596
4 0.8996595472447622 0.6812156802899203 0.14328108574099985 0.21133671773446672
4 0.7253390086993136 0.7622170119672269 0.2861344306078035 0.26847883623999724
4 0.18014523707405664 0.8553126116056717 0.14407692319342974 0.23086796773446672
4 0.2734824072738511 0.939031411828224 0.1566412722431214 0.10812792004765814
4 0.5397738993837762 0.783409387678718 0.27309922556974753 0.283865192774182
4 0.5833311758562619 0.36199462864850507 0.22196317195770066 0.22637226968198387
4 0.8652526963414771 0.5662760293161619 0.23431859191964488 0.2422018212241115
4 0.7530225642114301 0.2027319292764468 0.12614399458138292 0.17395460734496337
4 0.4646217019979445 0.823483048902977 0.28417465912471007 0.35303390219404607
4 0.501028029231005 0.463170014200988 0.14555254572197174 0.2191833096581548
4 0.5653086937743319 0.27665867998793786 0.19984212699575687 0.2103722585214166
4 0.4247666007611217 0.3201365909060952 0.17576795703381287 0.19433815543716149
4 0.7075536597453089 0.9322441408763089 0.12674419591225217 0.13551171824738217