4 0.4487401098499303 0.7083626985626625 0.39956142989822685 0.5513748419158371
4 0.7506611556519293 0.7705527876291997 0.4149563166850512 0.4588944247416007
4 0.2553859752358464 0.4243242818844598 0.32170933467487384 0.552227739433371
4 0.3194993155480227 0.4420639198389635 0.1454035261572918 0.15341774753137727
4 0.5694056547231704 0.41426449721991654 0.14258889526387963 0.176604923657254
4 0.9496978243881409 0.9112647439784076 0.10060435122371825 0.1611050855943157
4 0.9532990035658786 0.6795312596322467 0.0934019928682428 0.30816580428663753
4 0.918774146246115 0.2224505436392604 0.10016595481717361 0.18557011104189763
4 0.6176052243549277 0.8847041833702489 0.16697886941617401 0.15674765383905553
4 0.9081953367941378 0.6433620961148048 0.07077272642635135 0.09800550586009615
4 0.8236142829794628 0.5415507691952771 0.07926479580199874 0.07128756554540439
4 0.6395977129846426 0.3116613567967901 0.07831232164970459 0.0926467786083427
4 0.5866948642967277 0.5137108623108173 0.12191784946188067 0.10907221622369923
4 0.6444405712331651 0.7501131863002969 0.17184297870040832 0.219372815776117
4 0.6077781045756907 0.9676306697236072 0.10415778794411601 0.06473866055278554
4 0.45576322425361104 0.44105963043327906 0.20214050454811394 0.2427346198320418
4 0.42865482785270287 0.21440981646825508 0.12351248655829128 0.18511892928663742
4 0.10813899555320262 0.2104222403216134 0.18656368124352504 0.284576912398487