4 0.6878441760362386 0.4131289011723341 0.5215650256290476 0.3467886170825484
4 0.7765470335706344 0.7067234090856667 0.44690593285873126 0.36742069399035016
4 0.395278430803153 0.25186738839020917 0.5324405108845912 0.26694913554836397
4 0.4160156663963872 0.3146912616652444 0.14122025544229566 0.1312926846581548
4 0.4034319953391081 0.5691990630046773 0.16445314155855484 0.12584241274240981
4 0.924600197805421 0.9241855833981522 0.1425161433726534 0.1516288332036957
4 0.6930649829682974 0.9468659004649621 0.29699282304690056 0.10626819907007579
4 0.23394419871247027 0.9419880306398563 0.18046256011654277 0.08122736505560124
4 0.8726129208157996 0.5617731706516231 0.14210691560517197 0.1566833096581548
4 0.6505705538634089 0.8828944982709162 0.09384301383740712 0.060196070413332414
4 0.5445313576306068 0.8088220013154561 0.065023571232802 0.07335656655801359
4 0.3057788568393916 0.6514277039347491 0.08448661660488854 0.07174436079489288
4 0.5031436772809785 0.5738674386127613 0.09763766379107341 0.1129645373370205
4 0.7404266670717684 0.6053363113790003 0.20628722209351769 0.14999584313985626
4 0.9624225271054555 0.5391148422215514 0.07515494578908899 0.09339919541333241
4 0.4227431153503371 0.4514441035889324 0.22684154151222125 0.17963363737673554
4 0.19725948479220748 0.45043617390297697 0.17542164065150562 0.10456258928453743
4 0.17432107350042525 0.12894255986084946 0.2728298813493448 0.15506121854524568