4 0.32139514515167744 0.17607800687708527 0.3082123604555792 0.3433491181405615
4 0.21164207884880343 0.46145122715665354 0.17684566083614006 0.17981869720681365
4 0.21030900760301355 0.7170165791191925 0.1779233646384672 0.15844807878390332
4 0.6099916434867237 0.8444852538355955 0.2638542181553736 0.2589289800216754
4 0.3018969535152658 0.8506831647272408 0.21901192690061666 0.2582657037486098
4 0.8613761814635186 0.40140337252320757 0.27724763707296285 0.2435122299863819
4 0.6749272993334716 0.4922218624634581 0.35460985798412126 0.334360525990717
2 0.9151069713868596 0.9058976685981298 0.16978605722628082 0.09583432220681365
2 0.7712405083630414 0.8859953428027758 0.2069814884027381 0.15429505244025066
4 0.4737321616426443 0.8396960234433374 0.1458344120718691 0.18385796697337664
4 0.19152383345818166 0.88060478962136 0.265372955798084 0.2005627431758552
4 0.38869334553114454 0.5304284542956603 0.3581613043720746 0.27806117072198644
4 0.6906185901125275 0.6851262111550989 0.25282189971457925 0.13163458529040595
4 0.43719487095927545 0.3514051418486007 0.217702118345654 0.1783013353256997
4 0.7442035925375092 0.19843846451423094 0.34384611292703715 0.3571154865281781
4 0.6742210153509249 0.33074778023218865 0.15994732091225217 0.14765864459009514
4 0.7382082257119109 0.4356766421309495 0.09131272604544849 0.08910342096904156
4 0.5504396523282007 0.2958653788003019 0.08170626853593443 0.09244088808359241