4 0.32321322506915756 0.5554681491188089 0.6310335707810423 0.6065864617480643
4 0.7257367777599768 0.4356202607316524 0.524574451604594 0.43748137840147416
4 0.5021260770020936 0.3074426324296055 0.34028910419421377 0.3104132517106798
4 0.25020336880987865 0.216681189131138 0.19690871777425312 0.21895590835852158
4 0.781586249860573 0.8038859090547779 0.29804517186726764 0.2864984917051119
4 0.7593507929125682 0.8929576365571641 0.2797671443912191 0.19844878003658906
4 0.49817830167375154 0.12586156080920566 0.3122371466524969 0.2517231216184113
4 0.3492457223845244 0.8967536741128435 0.34236950333513116 0.20112915837840717
4 0.5559504819665626 0.5839909490869923 0.27996355721337496 0.23944167836965735
4 0.1058547249555863 0.3452365441498303 0.19219190128862393 0.16619880669158982
4 0.8851474474227521 0.3176252798775056 0.20820972693293593 0.2483664166931806
4 0.2679018119630734 0.06737076498846643 0.21029012607385322 0.13474152997693287