4 0.7711241692194294 0.3305822821387664 0.1463266566876127 0.16524879824007965
4 0.8973180034114169 0.5077077855070763 0.157431786680454 0.11340241701630238
4 0.8022619042409057 0.4865654226982097 0.08884514501113583 0.08869120332167002
4 0.8782171917269859 0.3781804011714104 0.17914342834977193 0.13456165560604405
4 0.7204913267325538 0.43118394215041655 0.1418295133473857 0.11417155031467208
4 0.7019259600771556 0.5156717442774543 0.14387354501511296 0.12213204927737586
4 0.6141937375676105 0.45194519811777256 0.05941191000954493 0.07475246888111342
4 0.5374202900719853 0.49001771964457186 0.1259090666772722 0.087596933613042
4 0.5066695925664174 0.45129607856648046 0.10424287834181767 0.07034394502330032
4 0.27797215423096294 0.45298695720282267 0.21248291335136282 0.14879638797200823
4 0.14233223673215606 0.4720619476107354 0.20455678001670374 0.13843876712119307
4 0.11615891007914408 0.5747198705885883 0.12202554334420407 0.08925406068763442
4 0.16087761343289314 0.7218545184091052 0.12983804334420407 0.08984605653844957
4 0.33523913092772295 0.6705226737471168 0.09638492500795426 0.06584569917248517
4 0.2720573309197688 0.6166648905536378 0.0435823700071587 0.055990352179483116
4 0.4163151767385194 0.4982170928322062 0.08857242500795415 0.06525370332167013
4 0.6088804867520415 0.5833225694872357 0.0689729950071587 0.05791433869463214
4 0.5451198409153939 0.5637184732751086 0.11800566000954493 0.07919243776222684
4 0.4494962592496553 0.5778063599475938 0.0927059416772722 0.0850809512470776
4 0.33844085425283693 0.6096798008217093 0.07322014501113583 0.08750721162003972
4 0.6221894192592003 0.6350949512296612 0.07283379167329507 0.05430408662003994
4 0.7386610292508484 0.5646915759674345 0.09252412834181767 0.0694559512470776
4 0.7971191034273253 0.6325912315676729 0.15373007668284 0.13068454409089503
4 0.6273910892743133 0.7461270783042536 0.20846303001670385 0.13873476504660065
4 0.6549273317651659 0.6765982808450488 0.14337355834261323 0.07916329927737609
4 0.47181152594880155 0.8155841828205561 0.1495056533457949 0.10304479616548745
4 0.46626964010777916 0.7593135552273155 0.16896872334499946 0.09866541079252511
4 0.5065686909213596 0.6106237650291841 0.13978548167965843 0.10621105135196851
4 0.574021735956358 0.8635522992599595 0.1475525283457948 0.10289679720278344
4 0.7468278451224943 0.846548141060675 0.09670309834499946 0.09318944917248517
4 0.6375892051240852 0.8665548329720867 0.10626418334261323 0.07635131898600411
4 0.5286914651296531 0.9158583998834983 0.11017043334261323 0.07664731691141169
4 0.42318862512925537 0.9209206563695025 0.11026134001034049 0.08445981691141169
4 0.2956225643001643 0.9618645884265999 0.06483947833784065 0.03808709076922456
4 0.31354090512607374 0.9057710982809141 0.057163338339431546 0.04921384491840963
4 0.6536907809515855 0.8223280917891045 0.11023861334340879 0.08250669191141169
4 0.6896831283815887 0.3035211140909732 0.078715893340227 0.05670120850815119
4 0.6154871050485204 0.3110981996737169 0.09636219834102233 0.06389257417248517
4 0.5240765833863612 0.35125727592079453 0.15154968501352206 0.11100529512819102
4 0.47636069670988435 0.2825436260256853 0.12988349667806776 0.09375230653844957
4 0.7228401158696574 0.21304050724365708 0.137900536680454 0.11192242738926461
4 0.7581547683601124 0.13999002643363717 0.1690141766788631 0.10257166079252511
4 0.5583344458644872 0.18738648261077462 0.14353264501113583 0.09283517427737598
4 0.4727264825349984 0.22221874946974093 0.04753407334102233 0.06019260010489075
4 0.36767886005130446 0.35040188043709697 0.11798293334261323 0.07723931276222684
4 0.05925624423136066 0.47249252852564605 0.10883092834977197 0.1292336929487079
4 0.5932982033736345 0.25217931326345844 0.11623434834499946 0.09466943879952305
4 0.6395361725214763 0.10988146367721585 0.18459372334499946 0.0998494024941553
4 0.6215255566717044 0.016389520221470805 0.1493011133434088 0.03277904044294161
4 0.4713515191856241 0.10405468696974092 0.06518037834181789 0.06738396576922476
4 0.39362423585693074 0.14415433297789212 0.080669018340227 0.05684920747085498
2 0.1200276491884081 0.15120231275642132 0.06295453333863613 0.043798466806521
2 0.11617890003380527 0.24043949766318076 0.07088066667329512 0.054156087657336094
4 0.07343604834698801 0.09510997587996015 0.1456903100135221 0.11056129824007971
4 0.24181319417369285 0.033479940606083176 0.06690623667249973 0.04800071473192852
4 0.39308947500596564 0.025971876421928188 0.06917753500954504 0.051943752843856376
4 0.4731107833386361 0.01778880238055637 0.08075992500795426 0.03557760476111274
4 0.3588543391947714 0.18002143930656017 0.13780963001272672 0.10410992738926461
4 0.2812293258672712 0.22891014781471136 0.18697865501670374 0.1371067764568591
4 0.33011495171266836 0.3141513607284687 0.15304827667488596 0.0720907940908948
4 0.15582093004056632 0.2872842059091052 0.07083521333943155 0.05024983765733615
4 0.24323361085693074 0.15555025310608317 0.16533519334818114 0.12180691286711753
4 0.15324555841221227 0.5699547652972166 0.1575908733489766 0.1270742920163026
4 0.4018933217297699 0.4347999605711327 0.2050794933561353 0.18336064212119307