4 0.5670289608623869 0.8771272905904162 0.25577426608389686 0.21486692566488763
4 0.7471267061887484 0.6425268323208743 0.21375178682982132 0.17421275076002796
4 0.7500931818006763 0.23507140128384596 0.4181551136013526 0.4701428025676919
4 0.3735449590384103 0.5343223258086918 0.5849107334148714 0.524236573668037
4 0.430815521270378 0.19017934843182718 0.35772479254075595 0.38035869686365437
4 0.26606826687638274 0.7835961023768646 0.16891963382282338 0.2249575321289532
4 0.3688316343588879 0.9116518119778226 0.12580057832167002 0.09274523345982244
4 0.1826041947842955 0.9231583096485281 0.13956217531467213 0.1458775271860373
2 0.5830484836770983 0.5972948869307995 0.16086941286711753 0.17011086463846725
2 0.6490375687353882 0.43395528712107984 0.1895451535314514 0.18880316207186898
2 0.15871462501161096 0.46568934904969167 0.2677015985547519 0.29518380190061666
4 0.3143546001106962 0.2702890007135516 0.2111775274941553 0.1916317082695419
4 0.6033523267831422 0.774750718822449 0.3066452380768989 0.2695113105507194
4 0.14877762891018 0.8128647733366869 0.11659781068763436 0.12547085598836438