4 0.645008304090533 0.6209521918789471 0.2527505687061651 0.21492266023630968
4 0.16951117751015266 0.5228790037930218 0.2914608189368778 0.30357050758604354
4 0.29567697987034075 0.4603187734949142 0.16408573604189758 0.10471088296049669
4 0.5200783698320418 0.23285862123122397 0.17617997185308254 0.11152685114275573
4 0.43970045496493215 0.19132508334949722 0.15186633829365093 0.0959417897782377
4 0.42440297173772623 0.08904513846280296 0.24724344347545246 0.1289851602363098
4 0.7668837465277785 0.3550078439675338 0.23557415946843907 0.15911913485700757
4 0.7983241257267463 0.8607875028690122 0.25415357996493215 0.17617902463039625
4 0.7286636653631433 0.8045855581695445 0.18279031847545246 0.12372389773388526
4 0.3331820828142321 0.712072527662389 0.2769158042866374 0.1372360181919574
4 0.3939268217861778 0.8413771969825545 0.1901254067691035 0.20786770493092854
4 0.5697938887966063 0.9431693441365759 0.20219640653839077 0.11366131172684812
4 0.5025478562546166 0.969088189022058 0.1543201110418977 0.06182362195588409
4 0.7228507624469385 0.9574787061660851 0.18794818784606893 0.0850425876678298
4 0.822604402177927 0.6636214021128324 0.19037573064322677 0.21177395493092854
4 0.4661620835871182 0.48297843713766986 0.22540681870616508 0.21269060947770546
4 0.18153834148902 0.7560382929974571 0.2620417759090073 0.14767931061561201
4 0.20857068360096148 0.6776142367486694 0.22954015653839077 0.12559714546292122
4 0.6144538219015341 0.9021226369528679 0.08836504279715784 0.07521495947285617
4 0.5494636981358455 0.8278443013445298 0.10794575879014423 0.10789984924624463
4 0.26917564870570554 0.9108530808791839 0.09730400023071262 0.09343081326102887
4 0.5652663199750848 0.7106168627090478 0.24641677590900724 0.14640385303926662
4 0.739061087866834 0.512055166125192 0.3061864493355486 0.19985551175351857
4 0.31255659315014844 0.3295788920564754 0.10441499460132919 0.1134403598521585
4 0.2899487546257848 0.15870042387421637 0.1873223781607607 0.13380838712797155
4 0.13755104776901156 0.34249402822406855 0.09252161667128111 0.07944007386694263
4 0.6504966841431349 0.3882512299479005 0.10839694054540439 0.08462178144328791
4 0.5731721217584912 0.4246832598691306 0.10108508829365093 0.09179655265511522
4 0.22251348222360717 0.27365603428805435 0.13200906847545246 0.11957866061076283
4 0.7457894692691034 0.25322616498971007 0.19470992635658924 0.09749617311318737
4 0.7971732929125142 0.17581844870396193 0.25625809685308254 0.11806357122152566
4 0.6013222971922298 0.16663145040112343 0.14385298041251415 0.12248837879302188
4 0.5606079590139352 0.12250689755878164 0.17335071329365093 0.09769554394571256
4 0.7978092236641756 0.30701665741578926 0.12402194054540439 0.08589723901963331