4 0.43014944350655415 0.3606370957229753 0.20090401714401063 0.25732200459490695
4 0.5337422393827699 0.8173642216653945 0.2876597879455731 0.299996811616666
4 0.5940820971434468 0.6770451170470497 0.09547909360703155 0.16623431090960628
4 0.8185729243431428 0.40004577662505947 0.10161122554088564 0.17846568979745348
4 0.8603849069131949 0.4727146875581035 0.08739383667317724 0.15383205572581005
4 0.9522434390428387 0.4649765589647009 0.0955131219143226 0.24946169498124982
4 0.6940226201550349 0.1780473556779527 0.1458983007211807 0.238865593308333
4 0.1899808082010853 0.2583516906807874 0.161932436121962 0.2578107286759256
4 0.24709957434830757 0.3159817162462389 0.11151322900781263 0.18517944627719884
4 0.3439911781654954 0.6950110329285307 0.12150778447864607 0.2796129514609951
4 0.21406208966354226 0.6623435559611695 0.19749618849678835 0.19465112829895803
4 0.10579676457855947 0.5093760627944446 0.1119678238975696 0.20471069627719896
4 0.061557598426172366 0.5846807182492477 0.0991580461621529 0.15681043850150456
4 0.06811669642743086 0.3619757729735533 0.12332289798576404 0.19011095405289336
4 0.3860644864877172 0.1903119347899313 0.2014024384967883 0.1949928808908561
4 0.5696420388470491 0.5098940056545149 0.2002675842983508 0.22997825459490695
4 0.3007074777945754 0.8534089390313084 0.13263556112196206 0.2552475842366895
4 0.3790362289819885 0.813285324045371 0.11260425674322927 0.23205444627719896
4 0.15146708812070353 0.45351721919166693 0.0703141330259549 0.08996504535821748
4 0.22598214131202302 0.5017968580935768 0.10197326842673621 0.11027719109340262
4 0.14688629440286527 0.8032607276153358 0.08807409598185773 0.09931543202175908
4 0.3424422894884119 0.4602942803366326 0.1324991826550349 0.24938820923668958
4 0.5369787121239152 0.24169302314982738 0.18264563283533009 0.3103007416354163
4 0.7241459310863722 0.631416717718462 0.10774172444878483 0.10688356998124982
4 0.895044368586372 0.6164650418229183 0.1233228979857639 0.19011095405289336
4 0.7136343070831604 0.81043266493808 0.07431130200390634 0.09421304795011576
4 0.661684858471528 0.30221687900503597 0.07858122791571187 0.1101798005420137
4 0.6265302414974829 0.3894479036280683 0.086211889959809 0.10305080572581005
4 0.7807654593678393 0.709639993931888 0.11228440729444467 0.13456907257314787
4 0.7947903956109377 0.17705972643657558 0.0864408204306426 0.1966299294298609
4 0.8714606919637155 0.11849829099866976 0.10347506458888911 0.23699658199733953
4 0.8828653081057729 0.303415670062791 0.11451028922829876 0.14645869886909701
4 0.9276288914073354 0.33472720340393697 0.0878484315629342 0.17336330572581005
4 0.7409877226200088 0.1357749489272005 0.07894490382751762 0.1258048005420137