4 0.842183482646946 0.48913776429262223 0.1113182396502117 0.11387385638263892
4 0.7028369297852431 0.5591068685863722 0.26406120738467864 0.2521398620337676
4 0.4068312738392852 0.6020017137620663 0.3216904981716284 0.31009881221406266
4 0.36206553723361345 0.3862033144935767 0.3039078216295008 0.2979709268132815
4 0.19657117643872063 0.3003534674196182 0.17514782467404078 0.19150043502986125
4 0.6913644906636853 0.2933227603749572 0.19926716314779935 0.23110844889756965
4 0.1487823483106313 0.7502297469838108 0.16168050121616834 0.20290096860703155
4 0.12904211089418066 0.40225528056098103 0.15826142349758754 0.11887113411805572
4 0.19607906148240728 0.4399337156861547 0.1640526146502117 0.11510126258498277
4 0.2868949381080842 0.10624646039045163 0.24333674005560124 0.18332589214401063
4 0.18339635906992813 0.10481366997473973 0.13438072848964455 0.09293499525034732
4 0.42327498680836645 0.25779793538528684 0.22110234273446683 0.13985708776527794
4 0.7759669561643912 0.6662348899339849 0.17076428774241004 0.1640657660519098
4 0.6462886952065187 0.6749305839171011 0.10336937195546003 0.10587951842673604
4 0.8894159410450981 0.9021790588166241 0.18655974736084957 0.17419506696371556
4 0.9810137139784357 0.9103568677543845 0.03797257204312854 0.08521178120234385
4 0.7783363448607019 0.8019770774339849 0.1527770596581548 0.14021913065112868
4 0.6232234816293531 0.9194113385714415 0.14263642349758765 0.11850745820624997
4 0.5428143227422623 0.7867335840124137 0.18066628043716149 0.1721055634967883
4 0.4493832533424034 0.8587475487970924 0.1365043131080842 0.10274607973932293
4 0.6897589387120492 0.8165102331855909 0.07164208502382907 0.07780841660312499
4 0.2737042791134672 0.8605155697892797 0.17693049005560113 0.18178026951883686
4 0.14013187144254455 0.9257382400499568 0.1663807508107789 0.1366310970739586
4 0.13913332030580644 0.9781754953456597 0.13554973924482228 0.04364900930868054
4 0.8135123655602785 0.5802300172134989 0.09901992694751716 0.08039797444878483
4 0.5553737743480816 0.38777411640217063 0.16847024350553053 0.1444890565629342
4 0.11300034039729882 0.6576373309267363 0.10134806310808417 0.10192780893776066
4 0.7759284283663801 0.3284806434009121 0.172206033887091 0.13481435054088553
4 0.7521648371541833 0.14147988126666727 0.18591200081077885 0.13708569196371545
2 0.1088487931199987 0.14017285464917545 0.07551424310014115 0.07594621058107642
2 0.6186193607948929 0.09639644851631995 0.06722445616851003 0.04842062262517366
2 0.5510710313513474 0.029421138391146295 0.09432956270269477 0.035385180470833416
4 0.40428103337417554 0.9539229905960072 0.13650431310808409 0.09215401880798568
4 0.3577667233106313 0.7550939123042104 0.08123725040538943 0.06827008904800369
4 0.9069626988591428 0.6770931756953567 0.07534378348170145 0.06618058558107642