4 0.4870940961795547 0.8158541254095085 0.21186499324644226 0.18710521813985626
4 0.402551481168717 0.9441538813951816 0.2067459472774007 0.09921459313985626
4 0.2974519844043215 0.8894053581598614 0.16718989459009514 0.15705832081872195
4 0.3449402801439547 0.5598094627663865 0.1217184998941192 0.11333954849758765
4 0.5371804412826551 0.5086509836686578 0.20039301959009514 0.15763788352141672
4 0.6158251549145464 0.3141154373014244 0.19242823663405906 0.2218864569792891
4 0.8018752141965886 0.3859867872418517 0.24891657867802275 0.28726006391886305
4 0.6934322638424045 0.7068909532314962 0.14616054589845429 0.1644958096581548
4 0.6425694046851381 0.07946719511134995 0.26954869062972375 0.1589343902226999
4 0.40953241138575547 0.2045502069834082 0.1120666314712091 0.115122213879148
4 0.35849384216749136 0.059105635655889915 0.14090848016284974 0.10782109273446683
4 0.6581604347055653 0.5084904094000064 0.10643476962538867 0.11892618810808409
4 0.5772694843160875 0.7918420053817079 0.11195287489411943 0.11316908887914812
4 0.08827178803002793 0.525519832082696 0.17654357606005586 0.21235947544510458
4 0.11900070747832452 0.2515709532273771 0.13044105251083774 0.12910091619233932
4 0.050525753341485284 0.25394528459858207 0.10105150668297057 0.29289068080283587
4 0.24981465834426564 0.4678151968363147 0.16627984197337664 0.14143332081872195
4 0.28742721762630796 0.5422775329770243 0.16809994720681365 0.17268332081872195
4 0.11756404347460225 0.7452342912957461 0.13573164462538867 0.11943756696340291
4 0.05960649752320754 0.8525830397734762 0.10620725647120904 0.11501993810808431
4 0.48791199676439545 0.04806650619248687 0.10311656570031102 0.09545459618439625
4 0.3296625363504619 0.16887269277830105 0.07359217754613134 0.0910369673290774
4 0.450348506735911 0.15701041447149366 0.16430745378390332 0.17456826197134606
4 0.4248335822842098 0.046472201959505334 0.09759846043158038 0.09294440391901067
4 0.18778530272259925 0.09232802455489542 0.09426099331702942 0.11090913656595663
4 0.25535020424272 0.3057740056836905 0.1684219537486098 0.21171172889503398
4 0.45207594114148075 0.3618498960056782 0.22965136821114873 0.2244873285293597
4 0.1550330401154702 0.6714125410930514 0.12113045381919696 0.13674295657389957
4 0.14288906987119546 0.8296668039785833 0.09437474989411926 0.11286226156595669
4 0.1292846160343517 0.9459970632114911 0.10161846700867017 0.10323300426070814
4 0.16583900365912754 0.38538200436411524 0.0910565459690415 0.08939066964226872
4 0.40756457959565584 0.6738335744754652 0.060849618352323054 0.07325429078694978
4 0.4461720532872966 0.6809642360017067 0.07761218412322113 0.09305827617645335
4 0.28348152996748677 0.3755239889428398 0.1501053222774007 0.09822592735290647
4 0.47088885913961964 0.6083406458029834 0.10266153939195166 0.08764209618439622
4 0.5731558956312558 0.9294691340343322 0.14688161173993963 0.10987649350553053
4 0.5327631979656257 0.6179918917449698 0.14595229593374803 0.12742052658184266
4 0.7594385432628408 0.5116004418682343 0.11333721700867017 0.10343755580283576
4 0.7088664545074219 0.5758952105367445 0.15560416435665814 0.12563786120028242
4 0.6074204449241358 0.8771658507553253 0.21876744062972375 0.17161658583460815
4 0.3740279938993736 0.4958897052584435 0.0788635064712091 0.11454265117645324