4 0.795588639589673 0.8025682736866322 0.37214438275523287 0.34058787596028184
4 0.4975389056812164 0.8258674963241549 0.19643187563025388 0.1932154907277459
4 0.2453947565439013 0.7542741604473068 0.17494750063025388 0.19208954234471176
4 0.17097250775523284 0.33004490473732645 0.30246031344538077 0.29023267186726753
4 0.15098955666011682 0.6286766169151705 0.23095969494010593 0.24172823383034103
4 0.6570484679867707 0.19886869346297875 0.2763046819506556 0.3336191627085847
4 0.5377775045078703 0.3716469647489059 0.36747312626050777 0.3851003151846333
2 0.14683250680985205 0.054398382377545955 0.1491337636197041 0.10122220290558985
2 0.14841651315930776 0.16053661804580938 0.20447646350348858 0.22477256755948238
4 0.16386296367334607 0.4649170412140728 0.19828948856159634 0.1641233336155702
4 0.11700758559584104 0.7271130165930144 0.15179653683622646 0.27844478318602883
4 0.45603902803951957 0.6359067291374282 0.3146021754559305 0.380383498699004
4 0.3489733420659781 0.301427169549204 0.1583798545950319 0.2612760939616776
4 0.6402679010280767 0.6406968368371301 0.19929996752637447 0.2342311157277459
4 0.8212341591945297 0.38833562513942704 0.3575316816109406 0.3785161225115795
4 0.6966907326971251 0.4179216177618811 0.16395269338905938 0.17399962262515078
4 0.6017459218934411 0.3263502233138765 0.09653596442428114 0.10041163641996076
4 0.7126089612015067 0.5481626865655738 0.09962275959681843 0.08889760430778515