4 0.2764553574554566 0.33464843666801236 0.2283579066876127 0.1595701757211807
4 0.5331428874423322 0.43732877671280423 0.21736641002943058 0.22179741878732662
4 0.5698979465706863 0.7204872587368061 0.47579389839272457 0.44845573684314277
4 0.07174291166056847 0.25168200109210076 0.14348582332113693 0.3236765021842015
4 0.15111582580761482 0.19302169488459214 0.27452974836886196 0.2680376189676218
4 0.5091065516589777 0.06850555162265667 0.21225564668204466 0.11819087480937518
4 0.6444617016430694 0.1888752158509554 0.2747570150381802 0.2875688689676218
4 0.8987274732455722 0.667577577884723 0.1891363200190901 0.14498911094166678
4 0.9518602490949465 0.550618191842579 0.08577978168761269 0.1562516330259549
4 0.7284674349538658 0.356891058365886 0.28829253003658906 0.2761683353904516
4 0.32180767077102557 0.4665988394034291 0.22908516002943047 0.22207017572118082
4 0.41368682581755756 0.12587107890733543 0.24684509836488489 0.238104311121962
4 0.1149361916176159 0.36410115382751745 0.1733067800167038 0.12704731002986125
4 0.8040711432805705 0.4074921034359382 0.3860851400381802 0.29016005983923643
4 0.44537657493238947 0.5085480169533858 0.2204090466860218 0.14766958776527783
4 0.24897387909773044 0.5137449633113284 0.2132101666931806 0.20022212480937518
4 0.3374767557487539 0.6310704748042104 0.19731244668999892 0.17642094889756965
4 0.8110341299828985 0.14488770991388955 0.14207950668363556 0.12827308320625008