4 0.45533843956169084 0.1846160009100667 0.19445417672849485 0.17518191659772875
4 0.34157706906498975 0.06550230722169895 0.19849498746358774 0.1127841923687925
4 0.25652795072890733 0.1616244206557423 0.15264292986259798 0.1471222362002823
4 0.3788451919201652 0.47414862722964196 0.11043387206375255 0.10539068080283587
4 0.5740440316536084 0.47365156959843446 0.1857323945960414 0.14379554890297697
4 0.6942226282488251 0.6455848680960221 0.1700864941275051 0.20989497158978576
4 0.8547616599855672 0.5273548396858078 0.22073318339241244 0.2732472696819839
4 0.6765425855269279 0.23923259232495825 0.12954641066226813 0.15843188311602718
4 0.7826936481416499 0.8995658603874439 0.25390037872767013 0.2008682792251122
4 0.5222385469442066 0.8065620490022648 0.09882878233030934 0.10909237926070836
4 0.5062771451064747 0.9577153064109201 0.1315772662640824 0.08456938717815987
4 0.6893172719545158 0.44345347655786604 0.09503619259686591 0.11293044541333241
4 0.5461303369950516 0.18522471286155523 0.10072507719703094 0.10717334618439622
4 0.12711645181711365 0.5780980686883678 0.1873804684611135 0.20043617390297697
4 0.2341705742765777 0.835696131796452 0.12065413812997944 0.12118614042127551
4 0.1382012634425571 0.8568885075079431 0.13335402959191767 0.2862229849841138
4 0.30898439735022704 0.5890811175913448 0.15408458366309286 0.12957820312397006
4 0.32707692918589715 0.506431270290068 0.1511444459288248 0.16271314427659433
4 0.11851420122354656 0.34954835176467985 0.12427623746358768 0.11148869926865135
4 0.045615930159381556 0.25945385501191454 0.07929753233030933 0.10875146002382907
4 0.6335248710071344 0.9412496048051007 0.0943542309975256 0.08949294541333241
4 0.4536025358759179 0.8629519272494995 0.06500052586424743 0.08702844155801359
4 0.572118029409856 0.843547159594463 0.14729502606210332 0.1645980854292186
4 0.5746081050398355 0.9575228581557423 0.08866534639736079 0.08495428368851532
4 0.3355207829396705 0.9613196717726229 0.08246499059769075 0.0773606564547542
4 0.35164516057913436 0.7469724726032594 0.14642167359439184 0.20167336850553053
4 0.5272020256821859 0.6416934461207044 0.2071958691275051 0.21054271813985626
4 0.17209057798845379 0.4129517877424098 0.1092195387963712 0.1307472138791479
4 0.12371251509274238 0.2598409694594315 0.08314695219703097 0.10686651887120491
4 0.07690773109645366 0.12725500963829717 0.08997243946276295 0.14017191964226872
4 0.2485482469806189 0.6924653175714872 0.08246499059769075 0.08342901887120502
4 0.41119880055715474 0.3448965153178686 0.0528271347980207 0.07119889001588608
4 0.4468201418576496 0.3279490909060952 0.06890677586424743 0.08709662540538943
4 0.36215251294791784 0.6719987576072308 0.14117240086424743 0.08835802658184266
4 0.4877864513224744 0.3940606168798537 0.09412691046441235 0.08168044541333241
4 0.5100677404987629 0.052826258620704454 0.13732298099752582 0.09024296773446681
4 0.5446080169565775 0.3677225786286475 0.1342123528634227 0.11751853388709099
4 0.7850876773220621 0.4138910267804183 0.10429034639736079 0.09552278003177206
4 0.7221434864901033 0.3639890061842487 0.1439211477301443 0.11573586850553053
4 0.5551780707309691 0.09363238940368276 0.20560462539571134 0.15585521813985626
4 0.42142364558531986 0.5285754951270885 0.06763561246358774 0.11050003348170145