4 0.5087754549241267 0.59445260063194 0.5034783343652875 0.4355412680902231
4 0.12549494029191294 0.37687287779820455 0.2509898805838259 0.4607770055964091
4 0.3585401302742396 0.28897944934331604 0.1795217188780549 0.25684974417644835
4 0.6716395016548844 0.16637792853752986 0.17297738937046736 0.20000440128862396
4 0.9083098144166306 0.865022595825456 0.11697354218264389 0.21070786691517052
4 0.8273864836650617 0.22740337799441723 0.2238068160658786 0.24553212488642873
4 0.5653544403988661 0.8509648511688667 0.14767234749740998 0.11684720290558981
4 0.8039754750866898 0.8771756967981099 0.16597821856846862 0.13339343340079957
4 0.6461897849495699 0.733811920509486 0.16320637923852788 0.11571294945688737
4 0.7745877765738312 0.5202780741161734 0.19214476633493827 0.1932154907277459
4 0.8928481924646534 0.4403285723350365 0.17887955593393867 0.15939821206427274