4 0.81640625 0.7215465876191003 0.259765625 0.34916752219698655
4 0.19140625 0.6153713814872532 0.27734375 0.21059791373663206
4 0.4677734375 0.5603386137494606 0.150390625 0.1707968220614131
4 0.08203125 0.24461786885167994 0.1640625 0.24314198770335987
4 0.5576171875 0.08527537189653858 0.177734375 0.16509652834530653
4 0.7041015625 0.44647915556025275 0.220703125 0.20636213821999605
4 0.951171875 0.3375650060897173 0.09375 0.2407797965447771
4 0.953125 0.8844513690385668 0.09375 0.2153891715447771
4 0.8642578125 0.6212390423659135 0.072265625 0.11174855410743234
4 0.8642578125 0.5167468548659135 0.158203125 0.10052977385681139
4 0.7353515625 0.040410962741845094 0.162109375 0.07320874975451033
4 0.7060546875 0.9630920810091023 0.123046875 0.07102836577751992
4 0.669921875 0.6708896789553861 0.119140625 0.1881931398798209
4 0.5908203125 0.6655466670269805 0.0703125 0.12540906615858294
4 0.681640625 0.35357504414848323 0.130859375 0.17068319257291797
4 0.7119140625 0.15648554485565083 0.068359375 0.08828832820973326
4 0.6328125 0.17555659542724517 0.064453125 0.10974997731203423
4 0.6689453125 0.08299337248096134 0.0546875 0.0901619125677866
4 0.505859375 0.7744273787520262 0.142578125 0.15707949526601528
4 0.4326171875 0.9269005004616779 0.095703125 0.14619899907664413
4 0.580078125 0.9648674525492874 0.13671875 0.07026509490142518
4 0.44921875 0.3375744157353901 0.24609375 0.22604110655503984
4 0.5361328125 0.4035097544591938 0.123046875 0.14915336577751992
4 0.40234375 0.26503607996300155 0.125 0.12182097872636943
4 0.31640625 0.1903173602136226 0.109375 0.11782382513557321
4 0.41015625 0.19086278175839966 0.111328125 0.09244456308442273
4 0.478515625 0.17172923496813292 0.11328125 0.1373778010332723
4 0.28515625 0.11689336553203024 0.171875 0.22170306449875796
4 0.30859375 0.3094125334182245 0.068359375 0.07266332820973331
4 0.318359375 0.3729459106624721 0.1015625 0.09043462334017516
4 0.24609375 0.4574864190550398 0.060546875 0.07847725141433515
4 0.2138671875 0.4543692428990227 0.052734375 0.09600992461893698
4 0.3818359375 0.7258542690000815 0.201171875 0.1925766337315009
4 0.3388671875 0.899432409125392 0.154296875 0.16691329795911214
4 0.2568359375 0.9262130420562819 0.216796875 0.1475739158874363
4 0.486328125 0.673727811763531 0.09765625 0.10017752244247613
4 0.412109375 0.6059132072072492 0.083984375 0.10791048180052942
4 0.7646484375 0.957573594474588 0.12890625 0.07887495462406857
4 0.896484375 0.7542390310219307 0.072265625 0.09221730410743234