4 0.44629728494393345 0.4848876349003463 0.528564033289049 0.6161901649054776
4 0.9051664585913219 0.4280898819196297 0.18966708281735611 0.4367058957826513
4 0.8756102863905483 0.6680004128774184 0.1693922208425256 0.2411547738568114
4 0.7434266312508384 0.9090162269437998 0.1805169845938206 0.1819675461124004
4 0.179489842324487 0.8143003762915904 0.29657545905570126 0.2887570025831807
4 0.928486209418764 0.15089953172909826 0.14302758116247194 0.1434303461637142
4 0.9553404766318029 0.8276857516012222 0.08931904673639424 0.15494456308442262
4 0.5959229021873672 0.9496171043107922 0.163024442720763 0.10076579137841568
4 0.7723113117738745 0.5043576908837918 0.07740802419282122 0.15275281615858272
4 0.7065310693221709 0.3497199274183061 0.2191782051267599 0.30392748462919983
4 0.24606456601240206 0.6086888437967217 0.28118057226887705 0.335529736043535