4 0.4143797194635506 0.490271885890736 0.49090087864850507 0.6032470100652243
4 0.8952185379492237 0.4187028451224944 0.20281272321134347 0.4319601666931806
4 0.838256764411921 0.6602767251153356 0.15448165584255102 0.23612495335374906
4 0.7000187058706469 0.9089551575429526 0.16932254159772864 0.18208968491409472
4 0.13901935268092522 0.8279104650202831 0.27803870536185044 0.2806163900381802
4 0.919590841112909 0.14158636179181244 0.1586364346581548 0.1385368833545445
4 0.929279410516887 0.8176176051280624 0.10809382812397028 0.1516178650143174
4 0.5508141375876685 0.9520709466999416 0.15606965503177195 0.09585810660011673
4 0.7404493186924869 0.4999266142683476 0.06707820312397028 0.1511406050087496
4 0.678655363740145 0.346832884259598 0.20049447240056462 0.2991476666931806
4 0.2109066396146157 0.61976697669676 0.26155272625588344 0.3291490683680667