4 0.42122503707186904 0.20958087577315188 0.12391564971457936 0.1269128640196333
4 0.40712371606392966 0.3651334002041986 0.27692589182450444 0.29902652879787106
4 0.4738681534682426 0.6654959392214073 0.33993986292703715 0.36451580190620936
4 0.6882957504264903 0.6489335094946775 0.3275048592198502 0.3459810837239501
4 0.8262016101220415 0.784774898893613 0.20685878954332715 0.20376208409840313
4 0.6556547400184811 0.30171577862276744 0.24898858697672877 0.2344539102363098
4 0.429085506509448 0.9316401414826729 0.2155102421099251 0.13671971703465413
4 0.757097777374677 0.8803586915044942 0.13355857585516828 0.172472467807806
4 0.6984277668709808 0.8259304702902424 0.13192378583614017 0.18012553561076272
4 0.9337180669672148 0.6389677077999406 0.13256386606557036 0.2642294041723241
4 0.9788936042769344 0.7420048750363688 0.042212791446131215 0.1440925696994677
4 0.7846239575559903 0.5526520801424007 0.16157546444818682 0.23899821136936716
4 0.28186673051266337 0.32473601819195735 0.18114982956235504 0.19387696553684208
4 0.32016321520821467 0.45244636554169126 0.11586439847885044 0.12041576023146061
4 0.06313828806974749 0.28352182822164396 0.11147399952429896 0.2037624064432879
4 0.1567440316532521 0.35929480038415135 0.15496336710992514 0.17227309697528082
4 0.10489334244182208 0.5438852433743346 0.1330014896384672 0.158800592807806
4 0.25456439049308843 0.5862755278496156 0.1893602482885699 0.20428031932501467
4 0.2230474352171818 0.6966072822043169 0.11705815465749525 0.1497126352314606
4 0.17505332143442962 0.4503342918619751 0.0831818910644766 0.08270859507876993
4 0.2835627829354574 0.8679838551230041 0.19904628954332693 0.20312435531023043
4 0.2704015557964433 0.9625116914802483 0.15006564353593443 0.07497661703950342
4 0.19416833136673767 0.9825014299260793 0.11503209239534573 0.0349971401478415
4 0.3484570288017802 0.2630130486869898 0.09015543849787844 0.11053064166989945
4 0.6173383158736493 0.4601582130907745 0.1614594120718691 0.18837639356641034
4 0.5279968621177985 0.9543399855195742 0.11179898098836438 0.09132002896085156
4 0.5932989964349765 0.22849372161295076 0.15380607956235504 0.1916449147782377
4 0.7731489871670092 0.19937560343796548 0.15631629077905584 0.20547622197528087
2 0.9811617410163596 0.8240361250363688 0.03767651796728089 0.08549881969946771
2 0.8626064062732381 0.3166624665093434 0.05559938982874768 0.0746171693201656
2 0.954938809932855 0.3611854386718507 0.06249335351690655 0.10048609091129501
4 0.14138922314476585 0.7707266691329391 0.12495023840273822 0.1523034890196333
4 0.350076820720878 0.7566156303150797 0.07772043479069146 0.09199592348764041
4 0.225174725807598 0.19941731497031334 0.07357543355496254 0.08581768409355406