4 0.8975840064585847 0.637948552879984 0.20483198708283057 0.2513294650153941
4 0.74498295737136 0.3743385229975975 0.18663129805469225 0.2080539153964569
4 0.32772106583513116 0.19911210418804734 0.5655983816702623 0.3977015127290167
4 0.5265759526216616 0.6776624691356549 0.5530192347906229 0.5674983952916719
4 0.21843731625848653 0.4796405569361027 0.4047339241285454 0.3459998638722054
4 0.7254419479287488 0.8770011811996337 0.23115204234471176 0.16340475116884567
4 0.8783611297187686 0.8329826606331707 0.10009625452255566 0.1216391715447771
4 0.8271372236804462 0.970795330792914 0.14975986120519003 0.05840933841417195
2 0.651408607529345 0.507542393631847 0.1780082315690632 0.15528545154990847
2 0.5188298931470088 0.3808329209310529 0.1989725067838335 0.1827428310384036
2 0.3906898808494074 0.8589751071541132 0.30976392186726753 0.28204978569177364
4 0.25931736205190076 0.6263181020665446 0.20205158016686775 0.20423856898725323
4 0.8240941740149741 0.5612653451817555 0.2850898094746528 0.298443086941234
4 0.7147813567084901 0.9695233316228264 0.12837784514910222 0.06095333675434711