4 0.16581752468162672 0.7262380048567296 0.33163504936325344 0.2870084106624722
4 0.4458587759770849 0.8055882500293015 0.1784161088597218 0.16501698770336004
4 0.7019009796764483 0.7796970041788636 0.15710261015567095 0.16684512026601528
4 0.8404095024737276 0.3679676368642636 0.27543666328958283 0.2475709333504379
4 0.827339237157698 0.673552158722317 0.24416275848275415 0.20248997706654448
4 0.38935715150787065 0.14758527883628583 0.2447231969842587 0.29517055767257167
4 0.47871483441296364 0.34078995182469946 0.331783345311342 0.33379250707167596
2 0.9137703283458335 0.06781265125310512 0.133396843308333 0.13562530250621024
2 0.8891136751293985 0.20175316025939696 0.18310325459490695 0.1962783506522094
4 0.8255184742572927 0.5047034312875379 0.18349458812453667 0.13381243949875787
4 0.8540738533804992 0.7807638191686008 0.17633991717743003 0.25285079795911214
4 0.5156320852962974 0.6216820189359396 0.27777935049513824 0.34128684450388924
4 0.6721348570920724 0.3055023768118711 0.1287814119936339 0.2447655871867237
4 0.3356634803835081 0.5924710171533698 0.17631601237060146 0.2079516488568114
4 0.18436623597991955 0.30248373902425163 0.35614871253564756 0.32222147540671964
4 0.31612957339739656 0.35832895760478506 0.1479230997880785 0.151174668470617
4 0.42214680949548666 0.2845072597134594 0.08759668202175908 0.0864033809028304
4 0.280608551660707 0.4854241194654041 0.09243079924606468 0.07471871974937905