4 0.604536924073237 0.24762725754939285 0.15850230486259798 0.14812254962908
4 0.4216222000364123 0.1192624388522139 0.10610891066226813 0.15861389342673618
4 0.4471862510724123 0.2146481639423615 0.08458860599752582 0.08979992353697924
4 0.5519701038369071 0.13988634961358554 0.12626529212833004 0.18055286331649317
4 0.5063512380413606 0.29713482534509594 0.1076073945960414 0.14303435291571187
4 0.4227751242085772 0.31473404706362884 0.11547672472931958 0.14516931587161463
4 0.4905586832776906 0.40328465116675394 0.07201740399835055 0.060230291603124986
4 0.45608733051319567 0.47968300709865486 0.08176212852981446 0.12681837955902786
4 0.49622208844738125 0.5109110938671445 0.06551199706375255 0.10497032864722233
4 0.5051979628538141 0.7397903947789501 0.1389501543940619 0.21402874525034754
4 0.4924592060909687 0.8753280145785595 0.12895720886094852 0.20598894780546884
4 0.3910776467250718 0.9003306008963111 0.08360159326325778 0.12295758904800347
4 0.2419372846571955 0.8538614702451826 0.08382891379637114 0.1307700890480037
4 0.28510951908560794 0.6799432427802086 0.061378426530639185 0.0970669096692709
4 0.3418847048207007 0.7438070274494795 0.053984637932123714 0.04419615620234385
4 0.4535404247499379 0.6007994868431428 0.06115110599752582 0.0892544096692709
4 0.3595004028112163 0.4070748029053822 0.05472342966474231 0.06958678120234385
4 0.3820674859796699 0.4711196090175785 0.0737223079967011 0.1188240416031251
4 0.3724468719490307 0.5666636258061635 0.08079601626408262 0.09361525455902786
4 0.3457700543521646 0.6774462369384552 0.08413396493129899 0.0741749235369793
4 0.3071354236775256 0.3931520842030385 0.05093083993129899 0.07340211222439241
4 0.37206866917422665 0.2773965581057729 0.06517101626408262 0.09325157864722233
4 0.301479533105938 0.21809736951367212 0.12357337539571134 0.15511677882751745
4 0.19592095894408232 0.3866546433314238 0.13102399412750526 0.20994065729444455
4 0.2641278083766184 0.3599026832010853 0.07250797472931958 0.14416920711414938
4 0.1337573607818142 0.5415635884066408 0.09611596512915471 0.15057409598185778
4 0.1902559104486183 0.5477647260869359 0.09277801646193823 0.17001442700390634
4 0.33698557081410285 0.5091592705156254 0.09973806446276301 0.140899389959809
4 0.08104846521228846 0.4387054929708334 0.09605913499587634 0.14862097098185778
4 0.08998418200742256 0.2659448494487848 0.08872217653063924 0.09770334251493062
4 0.07508294454383488 0.3750470925149306 0.07343815733030934 0.1090584166031251
4 0.03334208918934011 0.483467443246441 0.06668417837868022 0.11291920711414938
4 0.035211436807505034 0.5890043824799045 0.07042287361501007 0.11114792007005203
4 0.006656289176288504 0.7162067181562934 0.013312578352577008 0.06522593631258689
4 0.05100070491962855 0.6989248963476129 0.04656994886507218 0.057686193246440975
4 0.11853475067670086 0.35944563877239594 0.07740123746358768 0.11110246058107642
4 0.6353815985421855 0.32945475636197974 0.053054455331134065 0.07930694671336802
4 0.6312689284776081 0.403628046873004 0.059425301530639185 0.09702145018029518
4 0.5953947872135255 0.4946521105604172 0.10398529526243294 0.15270905893776054
4 0.6662964890148451 0.543209111652518 0.08773516379637103 0.1308610080259549
4 0.7242667508745566 0.297320745865886 0.10554060932948461 0.13908264342673615
4 0.795630608340206 0.26282447496901107 0.09473114146193806 0.17005988649288195
4 0.7575789571791751 0.4622697059009121 0.0861798497293198 0.1444874235369793
4 0.7267581188149276 0.5475480433107645 0.05806137833195879 0.050146450180295066
4 0.6035436890512574 0.6511975972387591 0.0717691829967011 0.11877858211414916
4 0.4949551529932779 0.9506767196991321 0.12622936246358762 0.09864656060173571
4 0.6911906720115462 0.4265216660312506 0.0892904778634227 0.11723459251493062
4 0.8312548852768658 0.381897727248525 0.09127953252816523 0.18559396751493062
4 0.951893994210639 0.40034121556501817 0.07848100999587637 0.14821183558107642
4 0.8449221813149277 0.5502983423937942 0.06437539439818574 0.06590782864722211
4 0.8084692884837935 0.6276278013367194 0.05311128546441246 0.08126007171336802
2 0.8141849448248244 0.9013835177595493 0.04088106426490734 0.06340918977951393
2 0.7251756819916284 0.9041979235111551 0.05087400979802048 0.07144898722439241
4 0.8704666241927831 0.9375990841077261 0.10381480486259798 0.12480183178454785
4 0.9261636807213605 0.7808596443977005 0.04490097453146391 0.06740635875746515
4 0.9383805160504327 0.6296742948536032 0.0723015546647423 0.06999591660312499
4 0.9455933640148451 0.5497098185760425 0.06092378546441246 0.0814419096692709
4 0.7742432210847832 0.6620112400241326 0.09772810932948461 0.1389008054708334
4 0.7290012657536491 0.7391361312666673 0.12844573766144318 0.18841082280546884
4 0.6415264165189687 0.6892161620182731 0.06497962539571134 0.15375299415824673
4 0.6765075971571954 0.8639762065422749 0.04696775979802048 0.07135806824644098
4 0.8040933682213605 0.7780184263367194 0.11414873119538149 0.16660823138263892
4 0.3941105442573605 0.8632666853852868 0.11777083052898973 0.15693352536059035
4 0.5175957388169894 0.6159715249793407 0.17387908386094852 0.2070345160519098