4 0.5332368765617498 0.2053991138071819 0.3521299704428633 0.3083142865211601
4 0.33026102879367836 0.28270659133383014 0.28575285892771407 0.2795458163720579
4 0.2823983568589271 0.49208794451097626 0.4152511047785292 0.29411400667026233
4 0.6514975806701003 0.6403996247470016 0.4576593039510144 0.39165959266068184
4 0.873456390314633 0.5160165818653633 0.1819412360023065 0.27021454234471176
4 0.802587529306521 0.21060011165947531 0.394824941386958 0.2741733208946136
4 0.4159543114801202 0.6890202284042888 0.2496794766666406 0.2912728714377262
4 0.5573886926980921 0.4335564825034892 0.1717001690908948 0.16073718340079957
4 0.802105591037257 0.3766115841266411 0.2589696597552287 0.18281910193293593
4 0.16625334595570584 0.05351037214500982 0.2426629419114117 0.10702074429001963
4 0.19059571551280344 0.18231011066826344 0.3577539310256069 0.3646202213365269
4 0.8314986843881114 0.06077515900688382 0.33700263122377727 0.12155031801376764
4 0.9333740580943939 0.3383029695295342 0.13325188381121222 0.2775152476251508