4 0.7488467248124534 0.3846632170455258 0.34260165478977345 0.38844107365964253
4 0.7093638700851956 0.6029995119114901 0.30551318025830954 0.31937084233097446
4 0.5132198185545563 0.7133545342191643 0.338447183788124 0.4465908267715313
4 0.30200732581204104 0.40390654200469145 0.4375241871200828 0.5028188999067202
4 0.38433482003847413 0.1530913944405959 0.28503671846111345 0.21842947666664053
4 0.6936778120053607 0.1697098327214708 0.31576937598927857 0.3394196654429416
4 0.2969419293521646 0.6449694805419877 0.31235956799257747 0.2867597131817896
4 0.5214317728132781 0.4311279717191643 0.17704654212833004 0.1907582837179327
4 0.5336456725061854 0.17880484931240484 0.21079706799257747 0.27906376712119313
4 0.9388305781547213 0.6869501353497403 0.08539925705962892 0.2559199585081511
4 0.8087488601882471 0.7036280038695417 0.3488588407227218 0.402556945547754
4 0.8533585204705978 0.1107886397727629 0.19953295905880442 0.2215772795455258
4 0.5387140046022267 0.06407966778556634 0.2936657407955465 0.12815933557113268