4 0.6658613488161166 0.6370989231773725 0.6682773023677668 0.6500216563245784
4 0.36470625106058974 0.300008164545524 0.49867548527384153 0.5639824178018163
4 0.3724545607333323 0.5775552468450242 0.34757922160729104 0.3488122011978185
4 0.41964386587025304 0.8501312409516122 0.23957300329895803 0.20372975651258463
4 0.6571154482211226 0.14050754031948964 0.3142308964422451 0.23443933209123058
4 0.7809560570217591 0.12196093051739941 0.30409961404351815 0.18533830231458362
4 0.20496081108686218 0.6640946660456153 0.3220912060559022 0.3242830820912306
4 0.911412146088715 0.4628348048447503 0.17717570782256997 0.3471693874059968
4 0.5784136290060178 0.40819264422816776 0.2701873077288188 0.28685262561917246
4 0.5987324131723941 0.9158591954859376 0.18827912441111083 0.16828160902812472
4 0.17800087052326355 0.1891909904872327 0.2789276749531245 0.2755887169135841
4 0.25243122113657235 0.9000294445304406 0.2287086347787033 0.1999411109391187