5 0.7082266242864483 0.28498411627439163 0.3187969985728967 0.5699682325487833
5 0.37563164158665396 0.36451484041014415 0.31768282613949506 0.5671751001250311
5 0.5218689137340883 0.7621028240471338 0.3255517342198502 0.32940532132453626
5 0.664039150283233 0.8919137772176492 0.21427337081711206 0.18375836912750532
5 0.8127983085057517 0.8474987944552161 0.17157984068391574 0.2371387760621031
5 0.7181397419185509 0.7319489180860204 0.16137982832662612 0.17831770552898973
5 0.8884405793012664 0.3171714624581027 0.22311884139746718 0.5705907793940619
5 0.9721621313208082 0.5803811817937727 0.055675737358383603 0.3088001700645773
5 0.5480902267097894 0.5657957967147627 0.0749283572240933 0.1153271347980207
5 0.5620489964349765 0.16452430464894818 0.12228085969555136 0.1284098079967011
5 0.055776791634770964 0.09712681396812368 0.10932523840273822 0.14559012206375263