5 0.3602608837331651 0.6823157204285307 0.3804422296291672 0.6090536095667818
5 0.6807713309007255 0.5532788796530105 0.3745828546291672 0.6085409806789346
5 0.4918611781420259 0.18510308414806165 0.35603610008105324 0.3702061682961233
5 0.3359669734796454 0.09190798927887753 0.22979995088823213 0.18381597855775506
5 0.19305175635779154 0.14489956438483834 0.19496478236029025 0.2602029968192126
5 0.29961751059631925 0.24343587199548666 0.1766107345938206 0.2002422364516201
5 0.17105657516210654 0.683180282987616 0.29246063637028497 0.5994110512490736
5 0.06055240487796355 0.43692672343304406 0.09454207816228916 0.3175528031339119
5 0.4874225814185815 0.38095012712019766 0.08562718879182163 0.12614655313391188
5 0.5168587461188986 0.7813774949924778 0.13518305986288026 0.1460434605326386
5 0.9818789027586997 0.7662584854491338 0.036242194482600576 0.16061929795011554