5 0.3260733501106962 0.28577192254136174 0.6224303537412329 0.2823904384149962
5 0.4077852300465615 0.6301696325489182 0.5698439777039367 0.2837299434078375
5 0.8152617762062433 0.5480736234384611 0.3334867142190858 0.3063479150421571
5 0.9298826664976543 0.42669715845794887 0.14023466700469145 0.20503404002227166
5 0.8986315132284295 0.2730700359543694 0.20273697354314102 0.15681953502943047
5 0.7962596320104577 0.3488094201045975 0.17921667116548723 0.1503919933561353
5 0.391855005967356 0.11091110255209988 0.5750507733449703 0.1979288034094283
5 0.6603345407167793 0.04866314842255271 0.31090345643355866 0.08557661004136173
5 0.6206881177505374 0.49117027341261 0.11636008973192857 0.06770167001511296
5 0.21970434363049757 0.4143024983589193 0.12967768983681927 0.11469030334977193
5 0.13025438643348036 0.920626401674886 0.13115767946385704 0.13422155334977193